#2025/12/16 15:23:25
time,wx,wy,wz,ax,ay,az,T,pitch,roll,yaw,gps_status_code
0.031,-0.03661,0.07847,-0.00251,0.02484,0.08751,-9.80928,40.0,0.11754,-0.32106,359.99933,1
0.041,-0.01651,0.11878,-0.00469,0.03724,0.09898,-9.81247,40.0,0.16026,-0.39465,359.99918,1
0.051,-0.03056,0.09101,-0.00143,0.02437,0.08836,-9.81045,40.0,0.17405,-0.45687,359.99899,1
0.061,0.03096,-0.00521,-0.00129,0.02838,0.07550,-9.80978,40.0,0.18844,-0.47646,359.99893,1
0.071,0.00997,0.00078,-0.00090,0.02989,0.07355,-9.80953,40.0,0.18660,-0.49517,359.99884,1
0.081,0.00223,-0.03993,-0.00309,0.02454,0.07572,-9.80936,40.0,0.18830,-0.46868,359.99890,1
0.091,0.04328,-0.03370,-0.00615,0.03735,0.06482,-9.80947,40.0,0.17590,-0.47802,359.99884,1
0.101,-0.02909,-0.07488,-0.00607,0.03036,0.05761,-9.81522,40.0,0.17915,-0.45513,359.99887,1
0.111,0.03150,-0.06856,-0.00516,0.03060,0.06378,-9.81749,40.0,0.18580,-0.47289,359.99875,1
0.121,0.07562,0.08453,-0.00681,0.02798,0.06011,-9.80063,40.0,0.19080,-0.44989,359.99878,1
0.131,0.07117,0.03534,-0.00690,0.03559,0.07070,-9.80907,40.0,0.21194,-0.45909,359.99866,1
0.141,0.06992,-0.04796,-0.00788,0.04151,0.07180,-9.80939,40.0,0.20842,-0.43509,359.99869,1
0.151,0.06884,0.00624,-0.00701,0.03790,0.07215,-9.80648,40.0,0.22902,-0.44518,359.99857,1
0.161,0.06956,-0.12361,-0.00293,0.02467,0.07514,-9.80521,40.0,0.21643,-0.42734,359.99857,1
0.171,0.02505,-0.08746,0.00066,0.01968,0.07922,-9.79884,40.0,0.20784,-0.45121,359.99844,1
0.181,0.00726,0.03387,0.00093,0.01764,0.08970,-9.80233,40.0,0.18416,-0.44310,359.99844,1
0.191,0.02331,-0.02717,-0.00068,0.02588,0.07599,-9.80079,40.0,0.17704,-0.46837,359.99835,1
0.201,-0.03686,-0.05088,-0.00322,0.02600,0.07075,-9.80604,40.0,0.15339,-0.45930,359.99838,1
0.211,-0.01552,-0.08116,-0.00574,0.02310,0.07167,-9.80508,40.0,0.14165,-0.47969,359.99832,1
0.221,0.01475,-0.09260,-0.00476,0.02211,0.06015,-9.80173,40.0,0.14351,-0.45655,359.99835,1
0.231,-0.04041,-0.03287,-0.00231,0.03346,0.06477,-9.80359,40.0,0.16221,-0.45148,359.99835,1
0.241,0.02671,0.01200,-0.00324,0.04067,0.05771,-9.81609,40.0,0.16179,-0.42323,359.99838,1
0.251,0.11881,0.00803,-0.00233,0.03458,0.06676,-9.81194,40.0,0.18088,-0.42190,359.99835,1
0.261,0.02079,0.09172,-0.00244,0.03522,0.06432,-9.81332,40.0,0.18767,-0.39328,359.99838,1
0.271,0.09460,0.01685,-0.00271,0.03540,0.07229,-9.81388,40.0,0.20804,-0.39730,359.99835,1
0.281,0.07857,-0.01202,-0.00509,0.02666,0.07227,-9.81101,40.0,0.18451,-0.39743,359.99832,1
0.291,-0.03817,-0.00221,-0.00574,0.02624,0.08413,-9.80705,40.0,0.19849,-0.41569,359.99823,1
0.301,0.00593,-0.04094,-0.00611,0.02027,0.08857,-9.79662,40.0,0.16937,-0.42003,359.99817,1
0.311,0.13296,-0.01205,-0.00341,0.02670,0.08153,-9.81040,40.0,0.18301,-0.43925,359.99805,1
0.321,-0.03882,-0.08840,-0.00170,0.03502,0.08187,-9.81870,40.0,0.15527,-0.43912,359.99802,1
0.331,0.09360,-0.00880,-0.00332,0.02352,0.08775,-9.80990,40.0,0.16666,-0.46124,359.99792,1
0.341,-0.01062,0.04215,-0.00248,0.03106,0.07823,-9.80373,40.0,0.15098,-0.44673,359.99792,1
0.351,0.01635,-0.00251,-0.00004,0.02796,0.07457,-9.80718,40.0,0.16868,-0.46082,359.99786,1
0.361,0.09247,0.04536,0.00089,0.02973,0.07320,-9.80854,40.0,0.15476,-0.44609,359.99789,1
0.371,0.10069,-0.10853,0.00084,0.01563,0.06662,-9.81177,40.0,0.16211,-0.46245,359.99786,1
0.381,0.03704,-0.10319,-0.00231,0.01615,0.06416,-9.81309,40.0,0.14924,-0.44173,359.99789,1
0.391,0.07885,-0.07924,-0.00398,0.02823,0.06627,-9.80788,40.0,0.16536,-0.45551,359.99786,1
0.401,-0.01599,-0.02775,-0.00685,0.03286,0.06411,-9.80589,40.0,0.15485,-0.43211,359.99789,1
0.411,0.08100,-0.09330,-0.00552,0.03164,0.07511,-9.80217,40.0,0.16614,-0.44881,359.99783,1
0.421,0.00726,-0.07600,-0.00565,0.02821,0.07928,-9.80071,40.0,0.16361,-0.42453,359.99783,1
0.431,-0.10942,-0.04843,-0.00483,0.03570,0.08098,-9.80617,40.0,0.17885,-0.44022,359.99774,1
0.441,-0.04379,0.00577,-0.00067,0.02663,0.08155,-9.81691,40.0,0.15848,-0.42813,359.99774,1
0.451,-0.01905,0.06948,-0.00013,0.03212,0.08478,-9.81232,40.0,0.17043,-0.44792,359.99765,1
0.461,-0.00915,0.02931,-0.00174,0.03110,0.09491,-9.81938,40.0,0.14885,-0.45153,359.99762,1
0.471,-0.09390,0.03494,-0.00263,0.03390,0.08986,-9.80738,40.0,0.16378,-0.47140,359.99753,1
0.481,-0.03792,0.03763,-0.00472,0.03503,0.07904,-9.80277,40.0,0.14449,-0.46183,359.99753,1
0.491,0.00475,0.14633,-0.00743,0.03524,0.07498,-9.81867,40.0,0.16492,-0.47452,359.99747,1
0.501,0.04413,0.05894,-0.00430,0.02670,0.07918,-9.80108,40.0,0.14498,-0.46862,359.99744,1
0.511,0.14788,-0.01692,-0.00149,0.02637,0.06307,-9.80613,40.0,0.16958,-0.45397,359.99744,1
0.521,0.01063,-0.02548,0.00184,0.03521,0.06289,-9.79643,40.0,0.14879,-0.43884,359.99744,1
0.531,0.11318,-0.07082,0.00383,0.02958,0.06278,-9.80437,40.0,0.16966,-0.43549,359.99741,1
0.541,0.10769,-0.02388,0.00367,0.03925,0.06876,-9.80465,40.0,0.14729,-0.42635,359.99744,1
0.551,0.10543,0.01555,0.00318,0.03388,0.07990,-9.81643,40.0,0.16971,-0.42235,359.99750,1
0.561,0.12697,-0.01226,0.00287,0.02622,0.06922,-9.80314,40.0,0.14848,-0.41584,359.99753,1
0.571,0.02485,-0.04506,0.00016,0.03190,0.06826,-9.81880,40.0,0.17175,-0.41784,359.99756,1
0.581,0.05213,-0.05718,-0.00073,0.03702,0.07384,-9.82190,40.0,0.14961,-0.41903,359.99759,1
0.591,-0.00314,-0.14822,-0.00374,0.03339,0.06398,-9.80236,40.0,0.17217,-0.41330,359.99759,1
0.601,0.06330,-0.07492,-0.00843,0.03485,0.07211,-9.79791,40.0,0.15264,-0.41951,359.99756,1
0.611,0.00049,-0.06898,-0.00763,0.03551,0.07518,-9.78739,40.0,0.17465,-0.42294,359.99753,1
0.621,-0.02332,-0.08822,-0.00488,0.03856,0.07347,-9.79812,40.0,0.15776,-0.43575,359.99744,1
0.631,0.01099,0.01223,-0.00476,0.03378,0.07869,-9.80215,40.0,0.18147,-0.43573,359.99738,1
0.641,0.09069,0.00799,-0.00457,0.02292,0.07770,-9.81827,40.0,0.16251,-0.44819,359.99728,1
0.651,-0.01095,-0.05896,-0.00341,0.03384,0.07145,-9.80402,40.0,0.18304,-0.43814,359.99725,1
0.661,0.03827,-0.04097,-0.00467,0.03789,0.07206,-9.80741,40.0,0.16472,-0.45151,359.99716,1
0.671,0.01242,0.03014,-0.00415,0.03925,0.08418,-9.81758,40.0,0.18489,-0.44188,359.99716,1
0.681,0.00299,-0.00721,-0.00645,0.03985,0.07104,-9.82435,40.0,0.16551,-0.44000,359.99713,1
0.691,0.02183,-0.06436,-0.00426,0.03414,0.08076,-9.82101,40.0,0.18674,-0.43872,359.99707,1
0.701,0.00634,-0.00031,-0.00100,0.02904,0.08444,-9.81675,40.0,0.16501,-0.44864,359.99701,1
0.711,-0.04457,0.13141,-0.00177,0.03030,0.07987,-9.79748,40.0,0.18499,-0.44426,359.99698,1
0.721,0.04677,0.13939,-0.00147,0.03344,0.08121,-9.81372,40.0,0.16161,-0.45176,359.99695,1
0.731,-0.07239,0.05548,-0.00250,0.03463,0.08764,-9.81700,40.0,0.18280,-0.46566,359.99686,1
0.741,-0.02982,0.06697,-0.00172,0.03521,0.08710,-9.80941,40.0,0.16156,-0.47371,359.99683,1
0.751,0.03111,0.00711,0.00068,0.03255,0.08684,-9.80058,40.0,0.18563,-0.47761,359.99680,1
0.761,-0.03398,-0.01630,0.00189,0.03145,0.07198,-9.81189,40.0,0.16613,-0.47326,359.99680,1
0.771,0.02933,-0.00318,-0.00147,0.03384,0.07821,-9.82217,40.0,0.18894,-0.47480,359.99680,1
0.781,0.05364,-0.01966,-0.00521,0.02902,0.07456,-9.81422,40.0,0.16933,-0.46456,359.99680,1
0.791,0.01894,-0.04775,-0.00240,0.02718,0.06725,-9.81411,40.0,0.19368,-0.45651,359.99683,1
0.801,0.04987,-0.05821,-0.00152,0.02646,0.07334,-9.81115,40.0,0.17321,-0.44629,359.99683,1
0.811,0.01703,0.00204,-0.00183,0.03222,0.07272,-9.80126,40.0,0.19593,-0.44869,359.99680,1
0.821,0.02719,-0.06082,-0.00240,0.02846,0.06357,-9.80621,40.0,0.17721,-0.43232,359.99683,1
0.831,0.00804,0.04406,-0.00335,0.03264,0.07797,-9.82295,40.0,0.19612,-0.44145,359.99677,1
0.841,-0.04395,0.14837,-0.00481,0.02863,0.07444,-9.80863,40.0,0.17528,-0.43081,359.99680,1
0.851,-0.06283,0.05917,-0.00169,0.02703,0.06720,-9.81198,40.0,0.19763,-0.43510,359.99673,1
0.861,-0.00361,0.00400,-0.00152,0.02346,0.07624,-9.80736,40.0,0.17540,-0.43067,359.99673,1
0.871,-0.04758,0.02553,-0.00132,0.02805,0.06791,-9.80859,40.0,0.19676,-0.43140,359.99670,1
0.881,0.09045,0.01319,0.00046,0.01804,0.07642,-9.79715,40.0,0.17801,-0.42379,359.99670,1
0.891,0.01046,0.02917,0.00142,0.02297,0.07684,-9.80467,40.0,0.20003,-0.43181,359.99667,1
0.901,0.00211,0.01392,-0.00219,0.02195,0.07400,-9.80455,40.0,0.17852,-0.42758,359.99667,1
0.911,-0.04514,-0.01367,-0.00601,0.02740,0.06707,-9.81340,40.0,0.19691,-0.41495,359.99670,1
0.921,-0.04177,0.06196,-0.01137,0.02646,0.06442,-9.82263,40.0,0.17378,-0.41841,359.99664,1
0.931,0.02616,0.04823,-0.00990,0.03200,0.08122,-9.81746,40.0,0.19451,-0.42333,359.99658,1
0.941,0.00773,0.06423,-0.01177,0.03127,0.08757,-9.80661,40.0,0.16992,-0.42470,359.99649,1
0.951,0.04506,0.04910,-0.01073,0.03402,0.07816,-9.80247,40.0,0.19075,-0.42698,359.99637,1
0.961,0.03807,-0.06436,-0.00432,0.02913,0.06270,-9.80961,40.0,0.17199,-0.43623,359.99625,1
0.971,0.07881,0.00010,-0.00175,0.03012,0.07755,-9.80949,40.0,0.19054,-0.44634,359.99612,1
0.981,0.04969,0.08897,-0.00333,0.03931,0.08037,-9.81545,40.0,0.17034,-0.43440,359.99609,1
0.991,0.08371,-0.00585,-0.00181,0.03996,0.08435,-9.80886,40.0,0.18921,-0.43941,359.99603,1
1.001,0.07476,-0.06371,-0.00210,0.03419,0.07401,-9.82095,40.0,0.17116,-0.42804,359.99603,1
1.011,0.04832,0.04309,-0.00134,0.02627,0.06699,-9.81075,40.0,0.18842,-0.44199,359.99597,1
1.021,-0.00581,0.06210,-0.00139,0.03213,0.06734,-9.80405,40.0,0.17659,-0.42266,359.99603,1
1.031,0.04027,0.00525,-0.00051,0.04617,0.07647,-9.79874,40.0,0.19691,-0.43546,359.99597,1
1.041,0.12446,-0.05906,-0.00054,0.04265,0.07692,-9.79952,40.0,0.18598,-0.41485,359.99603,1
1.051,0.08971,0.00199,-0.00105,0.04129,0.07414,-9.80275,40.0,0.20465,-0.42880,359.99597,1
1.061,0.12029,0.06859,-0.00262,0.02896,0.07000,-9.80381,40.0,0.19149,-0.41091,359.99600,1
1.071,-0.02238,0.05008,-0.00436,0.02702,0.07147,-9.81898,40.0,0.20596,-0.42842,359.99594,1
1.081,0.03342,0.06519,-0.00628,0.03239,0.07793,-9.80427,40.0,0.18682,-0.41579,359.99594,1
1.091,-0.03379,0.09193,-0.00624,0.03149,0.08037,-9.79861,40.0,0.19931,-0.43633,359.99582,1
1.101,0.00730,0.03803,-0.00519,0.02817,0.07833,-9.79934,40.0,0.17785,-0.42733,359.99579,1
1.111,0.04556,-0.04694,-0.00453,0.02972,0.08945,-9.80559,40.0,0.18912,-0.44941,359.99567,1
1.121,0.10340,0.04991,-0.00605,0.02441,0.09068,-9.80788,40.0,0.16263,-0.44677,359.99561,1
1.131,0.05937,0.06500,-0.00726,0.02241,0.08227,-9.81167,40.0,0.17581,-0.46582,359.99548,1
1.141,0.02079,0.02760,-0.00542,0.03647,0.08805,-9.80453,40.0,0.15001,-0.46424,359.99542,1
1.151,0.00653,-0.05119,-0.00420,0.04178,0.07845,-9.81354,40.0,0.16530,-0.47731,359.99533,1
1.161,0.02333,-0.10266,-0.00356,0.03212,0.07463,-9.80504,40.0,0.14572,-0.46234,359.99533,1
1.171,-0.01474,-0.07959,-0.00238,0.02838,0.07023,-9.80767,40.0,0.16818,-0.46471,359.99527,1
1.181,0.05892,-0.04872,-0.00353,0.02103,0.06554,-9.81152,40.0,0.14970,-0.44682,359.99530,1
1.191,0.10913,-0.03679,-0.00577,0.03898,0.05800,-9.81033,40.0,0.17607,-0.43526,359.99530,1
1.201,0.03998,-0.03279,-0.00278,0.03102,0.06091,-9.80968,40.0,0.15740,-0.41737,359.99530,1
1.211,0.03551,-0.00962,-0.00140,0.03094,0.06205,-9.80947,40.0,0.18182,-0.41265,359.99530,1
1.221,0.01188,-0.02242,0.00059,0.03685,0.06845,-9.80361,40.0,0.16225,-0.40010,359.99530,1
1.231,-0.01911,-0.04893,-0.00103,0.03608,0.07088,-9.80722,40.0,0.18507,-0.40046,359.99527,1
1.241,-0.03205,0.09147,-0.00270,0.03286,0.07769,-9.80268,40.0,0.16374,-0.40722,359.99524,1
1.251,0.03024,0.01647,-0.00129,0.02556,0.08325,-9.81265,40.0,0.18756,-0.41568,359.99521,1
1.261,-0.01303,0.09495,-0.00182,0.01690,0.08530,-9.81343,40.0,0.16682,-0.42750,359.99515,1
1.271,-0.02954,0.12492,0.00017,0.01957,0.08612,-9.80792,40.0,0.19182,-0.44235,359.99509,1
1.281,-0.01344,0.09349,0.00062,0.02942,0.09836,-9.80304,40.0,0.17209,-0.46119,359.99503,1
1.291,-0.05103,0.01671,-0.00082,0.02140,0.08516,-9.80684,40.0,0.19041,-0.45681,359.99503,1
1.301,0.00073,0.00929,-0.00194,0.03324,0.07726,-9.79966,40.0,0.17008,-0.47196,359.99496,1
1.311,-0.04658,0.11358,-0.00370,0.02883,0.07419,-9.80268,40.0,0.18457,-0.46228,359.99496,1
1.321,-0.01923,-0.01835,-0.00588,0.03291,0.07311,-9.81569,40.0,0.16422,-0.46876,359.99490,1
1.331,-0.00862,-0.09024,-0.00614,0.03769,0.06377,-9.80301,40.0,0.17735,-0.45054,359.99493,1
1.341,-0.02792,0.05420,-0.00687,0.03956,0.06019,-9.79523,40.0,0.16555,-0.46917,359.99481,1
1.351,0.05390,0.00238,-0.00405,0.03710,0.06478,-9.80695,40.0,0.17824,-0.45020,359.99481,1
1.361,0.08504,0.00407,0.00011,0.03623,0.07242,-9.80261,40.0,0.18264,-0.47218,359.99469,1
1.371,0.00869,-0.01732,0.00023,0.03586,0.06352,-9.80975,40.0,0.19519,-0.45223,359.99472,1
1.381,-0.06420,-0.09027,-0.00034,0.03839,0.08391,-9.82437,40.0,0.20057,-0.47423,359.99463,1
1.391,-0.09298,0.01090,-0.00132,0.04264,0.07387,-9.81227,40.0,0.21303,-0.45252,359.99469,1
1.402,-0.01529,0.00707,-0.00135,0.03250,0.07582,-9.79868,40.0,0.20709,-0.47255,359.99463,1
1.411,0.03605,0.07025,0.00125,0.02856,0.07067,-9.80229,40.0,0.20337,-0.44866,359.99472,1
1.421,0.03401,0.02973,0.00064,0.03583,0.07769,-9.80677,40.0,0.20380,-0.46996,359.99463,1
1.431,0.05515,0.03591,-0.00161,0.03269,0.07145,-9.81426,40.0,0.19837,-0.44604,359.99472,1
1.441,0.01936,-0.00502,-0.00105,0.02861,0.07196,-9.80826,40.0,0.18787,-0.46644,359.99463,1
1.451,0.00615,-0.08516,-0.00182,0.03298,0.08700,-9.79726,40.0,0.19723,-0.44597,359.99469,1
1.461,-0.02195,0.01312,-0.00372,0.03466,0.06908,-9.80476,40.0,0.18512,-0.46489,359.99463,1
1.471,-0.12011,-0.07891,-0.00390,0.03235,0.06221,-9.80759,40.0,0.18448,-0.44189,359.99469,1
1.481,-0.02566,-0.02723,-0.00334,0.02256,0.05951,-9.81148,40.0,0.16252,-0.44056,359.99466,1
1.491,0.01090,-0.07201,-0.00206,0.02494,0.07030,-9.78954,40.0,0.16915,-0.42136,359.99469,1
1.501,0.09097,-0.06720,-0.00273,0.03444,0.06868,-9.80776,40.0,0.14510,-0.41242,359.99469,1
1.511,0.05514,-0.04427,-0.00155,0.02930,0.06794,-9.80577,40.0,0.15595,-0.39591,359.99472,1
1.521,-0.00323,0.02874,-0.00297,0.03619,0.07662,-9.80221,40.0,0.13684,-0.41233,359.99466,1
1.531,-0.02488,-0.02940,-0.00180,0.03289,0.07693,-9.80371,40.0,0.15937,-0.41702,359.99463,1
1.541,0.05460,0.03496,-0.00185,0.03153,0.06525,-9.81896,40.0,0.14034,-0.40564,359.99463,1
1.551,0.01867,0.05914,-0.00285,0.04001,0.07266,-9.80728,40.0,0.16144,-0.41617,359.99460,1
1.561,-0.03941,0.08961,-0.00355,0.03125,0.07544,-9.81737,40.0,0.14472,-0.43102,359.99451,1
1.571,-0.03935,0.07988,-0.00493,0.03693,0.07949,-9.80665,40.0,0.16581,-0.42055,359.99451,1
1.581,-0.03937,0.07618,-0.00870,0.02732,0.06908,-9.80529,40.0,0.14649,-0.41652,359.99448,1
1.591,-0.01683,0.01039,-0.01093,0.02653,0.07107,-9.80777,40.0,0.16816,-0.43174,359.99435,1
1.601,0.03567,0.02854,-0.01096,0.02619,0.06593,-9.81459,40.0,0.15053,-0.42376,359.99429,1
1.611,0.01218,-0.05083,-0.00938,0.02904,0.06103,-9.81723,40.0,0.17201,-0.40859,359.99426,1
1.621,0.02437,0.04802,-0.00846,0.02735,0.05907,-9.80348,40.0,0.15370,-0.39438,359.99420,1
1.631,0.09617,-0.02137,-0.00092,0.03251,0.06433,-9.80421,40.0,0.17749,-0.39660,359.99411,1
1.641,0.07893,0.01637,0.00141,0.03150,0.06336,-9.80739,40.0,0.15977,-0.38016,359.99408,1
1.651,0.04990,0.07368,-0.00105,0.03411,0.07483,-9.79984,40.0,0.17937,-0.38968,359.99402,1
1.661,0.03925,0.03106,-0.00449,0.02916,0.07917,-9.79982,40.0,0.15509,-0.38809,359.99402,1
1.671,-0.00962,0.10053,-0.00524,0.03605,0.07207,-9.81169,40.0,0.17372,-0.39962,359.99396,1
1.681,-0.09424,0.08364,-0.00394,0.02977,0.08112,-9.81319,40.0,0.15189,-0.41183,359.99390,1
1.691,-0.06059,0.12061,-0.00388,0.03642,0.07868,-9.80209,40.0,0.17114,-0.42703,359.99380,1
1.701,-0.13550,0.04817,-0.00445,0.02101,0.08949,-9.80941,40.0,0.15410,-0.44057,359.99371,1
1.711,-0.16460,0.08502,-0.00582,0.03583,0.08493,-9.81542,40.0,0.18041,-0.44950,359.99362,1
1.721,-0.04249,0.01388,-0.00346,0.02675,0.08304,-9.81456,40.0,0.16249,-0.46353,359.99356,1
1.731,0.00416,-0.01330,-0.00187,0.02345,0.07339,-9.80538,40.0,0.18223,-0.45253,359.99353,1
1.741,-0.00075,0.06221,-0.00223,0.03392,0.07280,-9.80793,40.0,0.16467,-0.46612,359.99347,1
1.751,-0.00156,-0.05948,-0.00424,0.02613,0.06654,-9.80872,40.0,0.17715,-0.44699,359.99347,1
1.761,-0.00246,-0.01995,-0.00299,0.03507,0.06718,-9.80037,40.0,0.16352,-0.45872,359.99341,1
1.771,-0.00295,0.01665,-0.00102,0.02942,0.06445,-9.81471,40.0,0.17448,-0.44033,359.99344,1
1.781,-0.00424,0.18117,-0.00187,0.02165,0.05438,-9.79947,40.0,0.14706,-0.42773,359.99344,1
1.791,-0.00332,0.05047,-0.00096,0.03327,0.06553,-9.80273,40.0,0.15689,-0.40800,359.99347,1
1.801,-0.02509,0.00041,-0.00301,0.04356,0.07873,-9.80409,40.0,0.17014,-0.42545,359.99338,1
1.811,0.00968,0.13210,-0.00477,0.04465,0.07188,-9.80159,40.0,0.17685,-0.40116,359.99341,1
1.821,0.06839,0.01064,-0.00561,0.03893,0.08111,-9.81236,40.0,0.18744,-0.42099,359.99332,1
1.831,-0.04186,-0.01508,-0.00263,0.03393,0.09048,-9.80173,40.0,0.20494,-0.43124,359.99326,1
1.841,-0.03964,-0.04613,-0.00203,0.02613,0.07921,-9.80343,40.0,0.21205,-0.45271,359.99313,1
1.851,-0.01606,-0.14388,-0.00070,0.02011,0.08378,-9.80700,40.0,0.18714,-0.44168,359.99313,1
1.861,-0.03014,-0.05231,-0.00526,0.02956,0.08565,-9.81443,40.0,0.19047,-0.46554,359.99304,1
1.871,-0.03469,-0.12487,-0.00275,0.02452,0.07439,-9.80532,40.0,0.17099,-0.45131,359.99304,1
1.881,0.00664,-0.00177,-0.00431,0.03123,0.07320,-9.81965,40.0,0.18416,-0.46787,359.99298,1
1.891,0.04471,0.02387,-0.00213,0.03399,0.05789,-9.81624,40.0,0.17392,-0.44529,359.99301,1
1.901,0.01458,0.09791,-0.00230,0.02308,0.05790,-9.82362,40.0,0.17941,-0.46042,359.99295,1
1.911,0.02671,-0.08872,-0.00412,0.02502,0.05493,-9.81180,40.0,0.16914,-0.43738,359.99301,1
1.921,-0.01361,-0.05275,-0.00285,0.03438,0.05988,-9.82509,40.0,0.19339,-0.41840,359.99304,1
1.931,0.05919,-0.01696,-0.00459,0.03503,0.06765,-9.82425,40.0,0.18143,-0.40135,359.99307,1
1.941,-0.00203,0.08220,-0.00774,0.03250,0.06461,-9.81210,40.0,0.19726,-0.38616,359.99307,1
1.951,0.08556,0.05622,-0.00550,0.03440,0.07238,-9.81047,40.0,0.20200,-0.36706,359.99307,1
1.961,0.09692,0.04616,-0.00522,0.03504,0.08426,-9.81281,40.0,0.21757,-0.39006,359.99292,1
1.971,-0.00927,0.04166,-0.00922,0.02344,0.09164,-9.81355,40.0,0.19644,-0.41160,359.99277,1
1.981,-0.02787,0.06158,-0.00961,0.03087,0.08865,-9.81398,40.0,0.20911,-0.43460,359.99261,1
1.991,0.11953,0.09164,-0.00882,0.03968,0.09345,-9.80542,40.0,0.18963,-0.45955,359.99243,1
2.001,0.08779,0.05956,-0.00719,0.02531,0.08034,-9.81068,40.0,0.19821,-0.48245,359.99225,1
2.011,0.03116,0.09005,-0.00682,0.03159,0.09320,-9.80703,40.0,0.17609,-0.47361,359.99219,1
2.021,-0.05627,0.03677,-0.00549,0.04593,0.08044,-9.80574,40.0,0.19412,-0.48453,359.99207,1
2.031,-0.04484,-0.06934,-0.00409,0.03679,0.06058,-9.79911,40.0,0.18202,-0.46130,359.99207,1
2.041,-0.06368,0.04054,-0.00522,0.03613,0.06194,-9.80254,40.0,0.20443,-0.46789,359.99200,1
2.051,-0.07056,0.03950,-0.00492,0.03597,0.04764,-9.80380,40.0,0.19955,-0.43860,359.99207,1
2.061,-0.00707,0.06102,-0.00578,0.02964,0.06590,-9.82193,40.0,0.20950,-0.44412,359.99200,1
2.071,-0.02713,0.09046,-0.00388,0.02448,0.06095,-9.81701,40.0,0.19794,-0.42102,359.99203,1
2.081,0.07638,-0.00512,-0.00859,0.02253,0.06201,-9.81219,40.0,0.18189,-0.42964,359.99197,1
2.091,0.07163,-0.02041,-0.00665,0.01877,0.06536,-9.81326,40.0,0.16532,-0.40831,359.99197,1
2.101,0.02565,-0.02653,-0.00347,0.02915,0.07859,-9.80799,40.0,0.15530,-0.42836,359.99185,1
2.111,-0.01411,-0.00752,0.00222,0.03318,0.07475,-9.80594,40.0,0.15772,-0.40479,359.99188,1
2.121,-0.02900,-0.04326,0.00302,0.03159,0.08809,-9.81105,40.0,0.15461,-0.42635,359.99179,1
2.131,0.05284,0.05118,-0.00282,0.04281,0.09330,-9.81317,40.0,0.19041,-0.42466,359.99179,1
2.141,0.06212,0.06563,-0.00834,0.04425,0.08931,-9.80804,40.0,0.19081,-0.45133,359.99170,1
2.151,0.11019,0.02840,-0.00836,0.03871,0.07596,-9.82656,40.0,0.21093,-0.43800,359.99170,1
2.161,0.06242,-0.00773,-0.00850,0.03971,0.07379,-9.81897,40.0,0.20840,-0.46335,359.99158,1
2.171,-0.00045,0.04270,-0.00627,0.03710,0.07295,-9.81897,40.0,0.22389,-0.44775,359.99155,1
2.181,0.02064,-0.06679,-0.00627,0.02444,0.06951,-9.80702,40.0,0.19910,-0.45359,359.99146,1
2.191,0.00596,-0.02272,-0.00879,0.03151,0.05645,-9.80259,40.0,0.20727,-0.42892,359.99146,1
2.201,-0.00077,0.14466,-0.01158,0.03401,0.06040,-9.81269,40.0,0.18536,-0.43838,359.99133,1
2.211,0.04099,0.18736,-0.01442,0.03508,0.06482,-9.80479,40.0,0.19436,-0.41417,359.99130,1
2.221,0.05808,0.05312,-0.01102,0.03259,0.06943,-9.79585,40.0,0.17425,-0.42443,359.99118,1
2.231,0.08654,0.02349,-0.01018,0.04323,0.07433,-9.81027,40.0,0.19322,-0.41116,359.99109,1
2.241,0.03103,0.03325,-0.00528,0.03255,0.08197,-9.80970,40.0,0.18084,-0.43054,359.99091,1
2.251,0.00998,0.01547,-0.00320,0.03741,0.09086,-9.80080,40.0,0.20613,-0.42761,359.99081,1
2.261,0.04627,-0.01255,-0.00399,0.03626,0.07946,-9.80908,40.0,0.19240,-0.44431,359.99069,1
2.271,0.06030,-0.04476,-0.00327,0.02982,0.07803,-9.81806,40.0,0.21685,-0.44070,359.99066,1
2.281,-0.02331,0.02841,-0.00050,0.03343,0.08045,-9.80686,40.0,0.19998,-0.45538,359.99057,1
2.291,0.10016,-0.05021,-0.00145,0.02298,0.08126,-9.80242,40.0,0.22116,-0.44672,359.99060,1
2.301,-0.00752,-0.05968,-0.00498,0.02781,0.07872,-9.80673,40.0,0.19876,-0.45172,359.99057,1
2.311,0.03989,-0.08426,-0.00527,0.02978,0.06291,-9.80539,40.0,0.21124,-0.43424,359.99057,1
2.321,0.05737,-0.00763,-0.00579,0.03333,0.06583,-9.81377,40.0,0.18940,-0.44039,359.99054,1
2.331,-0.09045,-0.00081,-0.00595,0.03794,0.06391,-9.79346,40.0,0.20252,-0.42160,359.99054,1
2.341,-0.14673,-0.01972,-0.00348,0.02761,0.06612,-9.80615,40.0,0.17662,-0.42556,359.99048,1
2.351,-0.10180,-0.04804,-0.00356,0.02071,0.06693,-9.81095,40.0,0.18546,-0.40367,359.99051,1
2.361,0.00327,0.00620,-0.00372,0.02410,0.06135,-9.80697,40.0,0.16530,-0.41643,359.99042,1
2.371,0.06504,0.09157,-0.00217,0.02240,0.06512,-9.80542,40.0,0.17270,-0.39289,359.99045,1
2.381,0.06686,0.08103,-0.00183,0.01564,0.07544,-9.81655,40.0,0.15156,-0.40421,359.99039,1
2.391,0.02415,-0.03080,-0.00073,0.02208,0.07645,-9.80914,40.0,0.16772,-0.38920,359.99042,1
2.401,-0.01505,0.03388,-0.00175,0.03042,0.08874,-9.80348,40.0,0.15622,-0.41008,359.99033,1
2.411,-0.05194,0.03694,0.00015,0.03069,0.08156,-9.80419,40.0,0.17930,-0.40125,359.99033,1
2.421,0.04441,0.03880,-0.00205,0.03073,0.08771,-9.80449,40.0,0.17153,-0.42627,359.99026,1
2.431,0.05913,0.03937,-0.00213,0.03353,0.08423,-9.82229,40.0,0.20029,-0.42606,359.99023,1
2.441,0.04328,-0.04657,-0.00183,0.02596,0.07978,-9.81129,40.0,0.18784,-0.44481,359.99017,1
2.451,0.10284,0.00705,-0.00585,0.02904,0.06925,-9.80714,40.0,0.20192,-0.42641,359.99020,1
2.461,0.10412,-0.05863,-0.00655,0.02129,0.06812,-9.80839,40.0,0.18254,-0.43865,359.99011,1
2.471,0.01622,-0.08426,-0.00808,0.02425,0.05591,-9.81480,40.0,0.18619,-0.41267,359.99014,1
2.481,0.09253,-0.00736,-0.00623,0.03140,0.04535,-9.81143,40.0,0.16046,-0.41669,359.99008,1
2.491,0.09989,-0.02113,-0.00509,0.02811,0.04721,-9.81596,40.0,0.16290,-0.39135,359.99008,1
2.501,0.10225,0.03812,-0.00407,0.02386,0.05382,-9.81767,40.0,0.13560,-0.39954,359.98999,1
2.511,-0.05118,0.01679,-0.00226,0.03119,0.06528,-9.80670,40.0,0.14406,-0.38066,359.98999,1
2.521,-0.08728,-0.05572,-0.00575,0.02797,0.07555,-9.80833,40.0,0.13449,-0.40385,359.98990,1
2.531,-0.12332,-0.06204,-0.00785,0.03260,0.08250,-9.81199,40.0,0.14848,-0.38937,359.98987,1
2.541,-0.02772,0.08675,-0.00929,0.03436,0.09107,-9.81046,40.0,0.14817,-0.41848,359.98975,1
2.551,-0.10042,-0.02913,-0.00932,0.03504,0.08843,-9.81280,40.0,0.17846,-0.41482,359.98969,1
2.561,-0.01771,-0.07272,-0.00905,0.03535,0.08445,-9.81074,40.0,0.17703,-0.44164,359.98953,1
2.571,-0.07461,-0.06842,-0.00534,0.04142,0.08888,-9.80417,40.0,0.20618,-0.43763,359.98947,1
2.581,-0.11908,0.01912,-0.00539,0.04085,0.07869,-9.80159,40.0,0.19879,-0.45870,359.98932,1
2.591,-0.06914,-0.03307,-0.00363,0.02582,0.07468,-9.80333,40.0,0.21379,-0.44092,359.98932,1
2.601,-0.07245,-0.01014,-0.00124,0.03169,0.07924,-9.81890,40.0,0.20245,-0.46040,359.98920,1
2.611,-0.02891,-0.08712,-0.00066,0.03710,0.07502,-9.81016,40.0,0.21695,-0.44245,359.98926,1
2.621,0.00934,-0.05188,-0.00131,0.03315,0.07931,-9.81263,40.0,0.19664,-0.45230,359.98920,1
2.631,0.00186,-0.03855,-0.00148,0.03741,0.07513,-9.82837,40.0,0.21257,-0.43654,359.98923,1
2.641,-0.06747,-0.01235,-0.00404,0.03047,0.07040,-9.81069,40.0,0.19510,-0.45113,359.98917,1
2.651,-0.07170,-0.02371,-0.00521,0.01584,0.07149,-9.81556,40.0,0.19889,-0.42605,359.98923,1
2.661,-0.00717,-0.00615,-0.00412,0.02797,0.06912,-9.82060,40.0,0.18223,-0.44040,359.98917,1
2.671,0.10585,0.00110,-0.00349,0.02672,0.07406,-9.81657,40.0,0.18489,-0.41471,359.98920,1
2.681,0.12756,-0.08228,-0.00259,0.02619,0.07893,-9.81799,40.0,0.16740,-0.42790,359.98911,1
2.691,0.00265,-0.02892,-0.00367,0.02309,0.08370,-9.81261,40.0,0.16784,-0.40526,359.98914,1
2.701,-0.00133,0.05624,-0.00356,0.02217,0.07064,-9.79579,40.0,0.15998,-0.42657,359.98904,1
2.711,-0.00235,0.02425,-0.00021,0.01856,0.06868,-9.81288,40.0,0.15281,-0.40393,359.98907,1
2.721,-0.02481,0.01188,0.00274,0.01994,0.08282,-9.82833,40.0,0.14415,-0.42619,359.98898,1
2.731,-0.05630,0.11456,0.00105,0.02373,0.07336,-9.81656,40.0,0.14078,-0.40404,359.98904,1
2.741,0.02081,0.04680,-0.00157,0.02523,0.06085,-9.81204,40.0,0.13923,-0.42740,359.98898,1
2.751,0.02849,-0.02223,-0.00140,0.01692,0.06487,-9.80727,40.0,0.13217,-0.40594,359.98901,1
2.761,0.00917,-0.02722,-0.00202,0.02551,0.06949,-9.80857,40.0,0.14026,-0.42699,359.98895,1
2.771,-0.04222,-0.05091,-0.00008,0.01989,0.07118,-9.81189,40.0,0.13259,-0.40658,359.98901,1
2.781,0.02606,0.00509,0.00068,0.03261,0.06898,-9.80747,40.0,0.14270,-0.42280,359.98895,1
2.791,-0.01398,0.00457,0.00134,0.02845,0.07107,-9.81744,40.0,0.13339,-0.40291,359.98898,1
2.801,0.01426,0.09068,-0.00119,0.02701,0.06886,-9.80946,40.0,0.14936,-0.41760,359.98895,1
2.811,0.11482,-0.06944,-0.00213,0.03245,0.06804,-9.80061,40.0,0.13920,-0.39570,359.98898,1
2.821,-0.00176,-0.08853,-0.00426,0.03443,0.07663,-9.80020,40.0,0.15676,-0.40944,359.98895,1
2.831,0.01937,-0.00939,-0.00542,0.02917,0.07990,-9.80879,40.0,0.13484,-0.40158,359.98895,1
2.841,0.00597,-0.06532,-0.00548,0.03010,0.08413,-9.81212,40.0,0.15158,-0.41739,359.98886,1
2.851,-0.04400,-0.00092,-0.00941,0.03055,0.07685,-9.81042,40.0,0.13373,-0.40387,359.98886,1
2.861,-0.01843,-0.04057,-0.01027,0.03068,0.08591,-9.80687,40.0,0.14588,-0.42479,359.98874,1
2.871,0.01312,-0.01256,-0.01094,0.03971,0.07759,-9.80266,40.0,0.16393,-0.42042,359.98868,1
2.881,0.04776,-0.06626,-0.00865,0.02841,0.07426,-9.79789,40.0,0.18155,-0.42995,359.98856,1
2.891,0.03831,-0.00089,-0.00504,0.03587,0.07016,-9.80212,40.0,0.19850,-0.41748,359.98853,1
2.901,-0.00962,0.04530,-0.00111,0.02994,0.05960,-9.80064,40.0,0.20879,-0.42729,359.98843,1
2.911,0.01640,0.04171,-0.00129,0.02762,0.06446,-9.80010,40.0,0.22602,-0.40867,359.98846,1
2.921,-0.01786,0.04008,-0.00235,0.03274,0.05747,-9.79701,40.0,0.20028,-0.40476,359.98843,1
2.931,-0.03099,0.03947,-0.00614,0.02573,0.06954,-9.79574,40.0,0.21916,-0.39760,359.98843,1
2.941,-0.07997,0.01744,-0.00240,0.02004,0.07710,-9.79817,40.0,0.19573,-0.40291,359.98840,1
2.951,0.07778,0.05311,0.00124,0.02662,0.07715,-9.81099,40.0,0.21477,-0.41289,359.98834,1
2.961,0.09400,0.04496,0.00189,0.02316,0.08600,-9.81583,40.0,0.19119,-0.42757,359.98825,1
2.971,0.05583,0.06309,0.00057,0.02489,0.08051,-9.81475,40.0,0.21034,-0.44543,359.98819,1
2.981,0.04187,-0.01601,-0.00068,0.02847,0.07845,-9.81733,40.0,0.18617,-0.45062,359.98816,1
2.991,-0.05171,-0.06826,-0.00281,0.02709,0.07165,-9.80353,40.0,0.20693,-0.45089,359.98816,1
3.001,-0.04424,0.04110,-0.00768,0.02924,0.06918,-9.82185,40.0,0.18466,-0.44350,359.98816,1
3.011,-0.06343,0.08272,-0.00504,0.03312,0.06822,-9.82006,40.0,0.20632,-0.43473,359.98816,1
3.021,-0.00370,-0.00850,-0.00355,0.03168,0.07965,-9.81054,40.0,0.18711,-0.42747,359.98816,1
3.031,0.01944,-0.08636,-0.00258,0.02814,0.07809,-9.81273,40.0,0.20833,-0.41881,359.98813,1
3.041,0.04931,0.03456,0.00041,0.02693,0.07152,-9.80472,40.0,0.18639,-0.42311,359.98807,1
3.051,0.06133,-0.00527,0.00077,0.02353,0.07194,-9.79868,40.0,0.20515,-0.41095,359.98810,1
3.061,0.06546,0.04403,0.00144,0.02521,0.06325,-9.79934,40.0,0.18200,-0.41609,359.98807,1
3.071,0.00074,0.06246,0.00031,0.02277,0.06882,-9.80546,40.0,0.19874,-0.39904,359.98813,1
3.081,-0.00145,0.00513,-0.00251,0.03068,0.07991,-9.80500,40.0,0.17903,-0.40851,359.98810,1
3.091,0.06342,0.06964,0.00009,0.02475,0.08113,-9.81353,40.0,0.20046,-0.39834,359.98813,1
3.101,0.00062,-0.01379,0.00285,0.03438,0.07577,-9.81399,40.0,0.18428,-0.41382,359.98807,1
3.111,0.02034,0.01913,0.00269,0.03501,0.07076,-9.82295,40.0,0.20615,-0.40489,359.98813,1
3.121,0.05045,-0.03268,0.00412,0.01766,0.07456,-9.81141,40.0,0.18850,-0.41883,359.98807,1
3.131,-0.04868,-0.03163,0.00392,0.01682,0.07906,-9.81593,40.0,0.17205,-0.43405,359.98810,1
3.141,0.00214,-0.07370,0.00386,0.01944,0.08377,-9.81771,40.0,0.15178,-0.44450,359.98810,1
3.151,-0.02345,0.01749,0.00074,0.02658,0.07076,-9.80665,40.0,0.13459,-0.42750,359.98816,1
3.161,0.07722,0.05301,-0.00224,0.01734,0.07164,-9.81111,40.0,0.11449,-0.44145,359.98813,1
3.171,0.04989,0.00165,-0.00127,0.01091,0.07489,-9.80689,40.0,0.09259,-0.43624,359.98816,1
3.181,-0.00508,0.02478,-0.00344,0.01727,0.07328,-9.81129,40.0,0.10791,-0.42104,359.98819,1
3.191,-0.04848,0.07648,-0.00360,0.02564,0.07862,-9.80718,40.0,0.08424,-0.42080,359.98816,1
3.201,0.04557,0.07541,-0.00428,0.02872,0.07774,-9.81738,40.0,0.09991,-0.43720,359.98810,1
3.211,-0.05126,0.09570,-0.00709,0.03000,0.07737,-9.81244,40.0,0.10579,-0.45873,359.98798,1
3.221,0.04508,-0.00325,-0.00965,0.04244,0.08026,-9.79896,40.0,0.13388,-0.46522,359.98792,1
3.231,0.03771,-0.04133,-0.00819,0.04407,0.08434,-9.80555,40.0,0.15419,-0.48265,359.98779,1
3.241,0.03444,0.00864,-0.00770,0.02992,0.06802,-9.81664,40.0,0.18378,-0.48220,359.98773,1
3.251,0.07750,0.00650,-0.00942,0.02453,0.07657,-9.81208,40.0,0.17217,-0.49431,359.98761,1
3.261,0.04917,0.09142,-0.00781,0.03150,0.07099,-9.80161,40.0,0.17336,-0.47008,359.98761,1
3.271,-0.00490,-0.00544,-0.00712,0.01933,0.07761,-9.79743,40.0,0.15294,-0.47752,359.98749,1
3.281,-0.00396,0.02222,-0.00890,0.01756,0.07427,-9.80469,40.0,0.13835,-0.45602,359.98749,1
3.291,-0.00357,0.03277,-0.00716,0.02579,0.07307,-9.80464,40.0,0.11760,-0.46470,359.98740,1
3.301,0.04061,0.05858,-0.00721,0.03764,0.08162,-9.81361,40.0,0.13696,-0.45303,359.98734,1
3.311,0.08022,-0.01745,-0.00517,0.03920,0.08191,-9.81992,40.0,0.14005,-0.47800,359.98718,1
3.321,0.07248,0.06090,-0.00432,0.02811,0.08186,-9.81040,40.0,0.15938,-0.47158,359.98712,1
3.331,0.11403,0.04808,-0.00351,0.02690,0.07001,-9.80676,40.0,0.15241,-0.45433,359.98712,1
3.341,-0.00288,0.06390,-0.00790,0.03214,0.07153,-9.82019,40.0,0.17316,-0.44661,359.98706,1
3.351,-0.09108,-0.01636,-0.00817,0.03720,0.07802,-9.81361,40.0,0.19359,-0.45354,359.98697,1
3.361,-0.10268,-0.04687,-0.00893,0.02733,0.07742,-9.81092,40.0,0.19029,-0.43146,359.98697,1
3.371,-0.01950,0.04953,-0.00802,0.02671,0.08012,-9.79228,40.0,0.17331,-0.44537,359.98688,1
3.381,0.01213,0.10786,-0.00659,0.02627,0.08417,-9.79988,40.0,0.18224,-0.46890,359.98672,1
3.391,-0.04142,0.04370,-0.00346,0.03200,0.08282,-9.80581,40.0,0.17156,-0.49091,359.98660,1
3.401,-0.01767,0.01946,-0.00136,0.02832,0.08223,-9.80505,40.0,0.15018,-0.48522,359.98654,1
3.411,-0.07461,-0.03321,-0.00309,0.04472,0.07624,-9.80204,40.0,0.17220,-0.49355,359.98648,1
3.421,-0.00832,-0.00976,-0.00618,0.02730,0.06782,-9.80643,40.0,0.19172,-0.47892,359.98648,1
3.431,0.03898,0.02082,-0.00389,0.02966,0.05873,-9.79938,40.0,0.18950,-0.45391,359.98651,1
3.441,0.03555,-0.05364,-0.00511,0.02154,0.07297,-9.79956,40.0,0.19677,-0.43184,359.98654,1
3.451,0.07862,-0.10333,-0.00263,0.02138,0.07548,-9.80261,40.0,0.18118,-0.41011,359.98657,1
3.461,0.00588,-0.01532,-0.00488,0.02410,0.08836,-9.81268,40.0,0.15359,-0.40147,359.98657,1
3.471,0.02245,-0.00294,-0.00490,0.04013,0.08151,-9.80493,40.0,0.16874,-0.40863,359.98651,1
3.481,0.00668,0.00166,-0.00543,0.04038,0.07292,-9.80187,40.0,0.16606,-0.42794,359.98642,1
3.491,-0.06614,0.06754,-0.00927,0.03136,0.06963,-9.82117,40.0,0.18706,-0.43162,359.98636,1
3.501,0.01736,-0.01417,-0.00552,0.02811,0.07127,-9.81090,40.0,0.19851,-0.44794,359.98627,1
3.511,0.00396,0.10489,-0.00499,0.02092,0.06594,-9.81276,40.0,0.20863,-0.42228,359.98627,1
3.521,-0.00112,0.15036,-0.00186,0.02711,0.06396,-9.80771,40.0,0.18898,-0.41154,359.98627,1
3.531,-0.00292,0.14622,-0.00193,0.04112,0.06929,-9.81774,40.0,0.21038,-0.40167,359.98624,1
3.541,-0.04735,0.07987,-0.00376,0.04061,0.08013,-9.81268,40.0,0.19257,-0.39931,359.98621,1
3.551,0.00260,-0.03110,-0.00295,0.03755,0.07533,-9.80774,40.0,0.21348,-0.38904,359.98621,1
3.561,0.02185,-0.09499,-0.00189,0.03621,0.07356,-9.82057,40.0,0.20878,-0.41496,359.98608,1
3.571,-0.01611,0.03088,-0.00395,0.03277,0.07876,-9.81955,40.0,0.23211,-0.40920,359.98608,1
3.581,0.01453,-0.04981,-0.00367,0.02867,0.06588,-9.81320,40.0,0.21243,-0.41849,359.98602,1
3.591,-0.01889,0.04813,-0.00344,0.02688,0.08469,-9.81672,40.0,0.22195,-0.43276,359.98593,1
3.601,-0.03136,0.04253,-0.00468,0.03822,0.08305,-9.80644,40.0,0.20576,-0.44102,359.98587,1
3.611,-0.03686,0.14791,-0.00174,0.03365,0.07643,-9.80825,40.0,0.21509,-0.45593,359.98581,1
3.621,0.00662,-0.00511,-0.00122,0.03470,0.07695,-9.82077,40.0,0.19678,-0.45980,359.98575,1
3.631,0.00100,-0.04220,0.00017,0.02634,0.07111,-9.81952,40.0,0.19623,-0.48069,359.98566,1
3.641,-0.02386,0.02952,0.00198,0.02316,0.07775,-9.81319,40.0,0.18566,-0.45943,359.98572,1
3.651,-0.05498,-0.00774,0.00248,0.02200,0.07139,-9.81074,40.0,0.17255,-0.47909,359.98569,1
3.661,0.02084,0.06460,-0.00099,0.02445,0.06901,-9.81573,40.0,0.16131,-0.45677,359.98575,1
3.671,0.02832,0.00609,-0.00376,0.02240,0.07696,-9.81468,40.0,0.14609,-0.47545,359.98572,1
3.681,-0.01299,-0.01654,-0.00267,0.03054,0.07710,-9.81145,40.0,0.14906,-0.45374,359.98578,1
3.691,-0.02859,-0.04670,-0.00044,0.02475,0.07708,-9.81304,40.0,0.13381,-0.47060,359.98572,1
3.701,0.00980,-0.07945,0.00110,0.03448,0.08010,-9.80204,40.0,0.14855,-0.45499,359.98575,1
3.711,-0.02064,0.03679,0.00250,0.02644,0.06634,-9.80058,40.0,0.13163,-0.45300,359.98575,1
3.721,-0.05406,0.03805,0.00246,0.03502,0.07604,-9.80612,40.0,0.14761,-0.43964,359.98581,1
3.731,0.02196,-0.02543,-0.00181,0.02345,0.07962,-9.81391,40.0,0.12708,-0.44665,359.98578,1
3.741,0.09457,0.03661,-0.00276,0.02804,0.08103,-9.80524,40.0,0.14582,-0.43703,359.98581,1
3.751,0.05634,0.01690,-0.00341,0.03268,0.06979,-9.81371,40.0,0.12896,-0.42438,359.98584,1
3.761,0.04093,0.11690,-0.00531,0.03446,0.05958,-9.81987,40.0,0.15427,-0.42884,359.98581,1
3.771,-0.00836,0.04730,-0.00606,0.02347,0.05847,-9.80734,40.0,0.13899,-0.41309,359.98581,1
3.781,0.06092,0.06425,-0.00266,0.03400,0.06708,-9.80280,40.0,0.16621,-0.40633,359.98578,1
3.791,-0.02216,-0.05898,-0.00193,0.02903,0.06737,-9.81270,40.0,0.15038,-0.38975,359.98578,1
3.801,-0.03273,0.02312,-0.00125,0.03906,0.06755,-9.80782,40.0,0.17245,-0.39709,359.98572,1
3.811,0.00725,0.07626,-0.00261,0.03691,0.06759,-9.81176,40.0,0.15398,-0.38378,359.98572,1
3.821,-0.06601,0.11751,-0.00245,0.03325,0.07050,-9.80145,40.0,0.17437,-0.39438,359.98566,1
3.831,-0.00548,0.11232,-0.00468,0.02287,0.06860,-9.80916,40.0,0.15383,-0.38590,359.98566,1
3.841,0.06275,-0.01842,-0.00587,0.01886,0.07381,-9.81212,40.0,0.17228,-0.40076,359.98560,1
3.851,0.08881,-0.06836,-0.00683,0.02034,0.07877,-9.80741,40.0,0.14776,-0.39978,359.98553,1
3.861,0.05330,0.08434,-0.00991,0.02682,0.08663,-9.80277,40.0,0.16233,-0.42177,359.98541,1
3.871,-0.02604,0.07774,-0.00733,0.01471,0.06281,-9.79777,40.0,0.14107,-0.41608,359.98535,1
3.881,-0.03364,-0.01066,-0.00780,0.02461,0.08351,-9.80204,40.0,0.15293,-0.43767,359.98523,1
3.891,0.05133,0.02064,-0.01075,0.03144,0.07663,-9.80367,40.0,0.13994,-0.42438,359.98517,1
3.901,0.03915,0.09683,-0.01020,0.03688,0.08294,-9.81025,40.0,0.15801,-0.43935,359.98505,1
3.911,0.03548,-0.00311,-0.00593,0.03032,0.07040,-9.80082,40.0,0.14917,-0.42035,359.98502,1
3.921,0.07876,-0.10554,-0.00220,0.02764,0.06567,-9.81194,40.0,0.16466,-0.43818,359.98489,1
3.931,0.00627,-0.05918,-0.00234,0.03846,0.06693,-9.81342,40.0,0.16730,-0.41366,359.98489,1
3.941,0.02260,-0.01969,-0.00393,0.03672,0.06142,-9.81388,40.0,0.18031,-0.43359,359.98480,1
3.951,-0.03748,-0.00500,-0.00720,0.03600,0.06821,-9.81408,40.0,0.18072,-0.41022,359.98483,1
3.961,0.04928,0.10880,-0.00709,0.02100,0.06178,-9.81392,40.0,0.17688,-0.42742,359.98474,1
3.971,0.01614,0.15187,-0.00719,0.03601,0.06837,-9.80535,40.0,0.18141,-0.40754,359.98477,1
3.981,-0.01766,0.03915,-0.00553,0.03284,0.07082,-9.80489,40.0,0.17146,-0.42730,359.98465,1
3.991,-0.11924,0.03855,-0.00359,0.04055,0.07477,-9.79897,40.0,0.17584,-0.41168,359.98465,1
4.001,-0.02498,-0.02538,-0.00058,0.03148,0.07328,-9.81419,40.0,0.16334,-0.42917,359.98453,1
4.011,-0.01171,0.03608,-0.00016,0.02213,0.08448,-9.81112,40.0,0.18510,-0.42209,359.98453,1
4.021,0.01529,0.08120,-0.00083,0.03332,0.08594,-9.81310,40.0,0.17077,-0.44253,359.98444,1
4.031,-0.03988,-0.00950,0.00038,0.01985,0.08338,-9.81653,40.0,0.18822,-0.43043,359.98447,1
4.041,-0.03919,-0.00099,-0.00037,0.02068,0.08835,-9.80912,40.0,0.17153,-0.44816,359.98441,1
4.051,-0.06069,-0.04090,0.00078,0.02388,0.09030,-9.81221,40.0,0.19775,-0.45371,359.98441,1
4.061,0.01915,-0.01258,-0.00012,0.03102,0.09110,-9.81348,40.0,0.17936,-0.46885,359.98434,1
4.071,-0.01669,-0.00215,-0.00477,0.03679,0.08253,-9.81104,40.0,0.20196,-0.46486,359.98434,1
4.081,-0.03037,0.00182,-0.00563,0.03034,0.06727,-9.79817,40.0,0.18536,-0.47560,359.98431,1
4.091,-0.01412,0.08950,-0.00611,0.02760,0.06154,-9.81680,40.0,0.20317,-0.45663,359.98434,1
4.101,0.05855,0.10188,-0.00370,0.03558,0.05642,-9.81226,40.0,0.17717,-0.44692,359.98431,1
4.111,-0.04595,0.06279,-0.00363,0.03868,0.06332,-9.80172,40.0,0.19532,-0.42565,359.98434,1
4.121,0.11312,0.02757,-0.00406,0.03676,0.06597,-9.80943,40.0,0.17022,-0.41855,359.98431,1
4.131,-0.04737,0.05578,-0.00500,0.03898,0.07293,-9.80949,40.0,0.19049,-0.40908,359.98428,1
4.141,-0.08592,-0.01934,-0.00210,0.03392,0.07553,-9.80943,40.0,0.17026,-0.41988,359.98422,1
4.151,-0.01226,-0.04750,-0.00015,0.03495,0.07064,-9.81237,40.0,0.19210,-0.41436,359.98419,1
4.161,0.01569,-0.03674,-0.00216,0.03238,0.07466,-9.81053,40.0,0.17219,-0.42716,359.98413,1
4.171,-0.01864,0.07464,-0.00636,0.01941,0.08501,-9.81851,40.0,0.19582,-0.42652,359.98410,1
4.181,-0.03142,0.07416,-0.00541,0.03227,0.08911,-9.81593,40.0,0.17831,-0.44228,359.98401,1
4.191,0.07450,0.03165,-0.00423,0.02240,0.07870,-9.82058,40.0,0.19234,-0.43002,359.98401,1
4.201,0.00479,-0.02828,-0.00419,0.03660,0.07186,-9.80494,40.0,0.18006,-0.44840,359.98392,1
4.211,-0.00006,-0.00802,-0.00470,0.03319,0.06323,-9.79882,40.0,0.19152,-0.43346,359.98389,1
4.221,0.06484,-0.06440,-0.00437,0.03173,0.06887,-9.80534,40.0,0.17700,-0.44777,359.98380,1
4.231,0.02270,-0.00031,-0.00612,0.02510,0.07397,-9.81954,40.0,0.18136,-0.42624,359.98380,1
4.241,0.05110,-0.01856,-0.00730,0.03451,0.07303,-9.81628,40.0,0.18148,-0.44730,359.98367,1
4.251,-0.00447,-0.00445,-0.00605,0.02638,0.06366,-9.81190,40.0,0.17941,-0.42482,359.98367,1
4.261,0.10670,0.02327,-0.00639,0.02637,0.06006,-9.79850,40.0,0.18308,-0.44534,359.98355,1
4.271,0.03963,-0.09585,-0.00650,0.02329,0.04983,-9.80803,40.0,0.18195,-0.42242,359.98355,1
4.281,0.03501,0.00932,-0.00725,0.03083,0.06380,-9.81479,40.0,0.20284,-0.41883,359.98349,1
4.291,0.05584,-0.01490,-0.00435,0.03089,0.07497,-9.80263,40.0,0.19668,-0.40073,359.98349,1
4.301,-0.00231,-0.04607,-0.00187,0.02784,0.08221,-9.80678,40.0,0.19592,-0.42679,359.98337,1
4.311,-0.00199,-0.12234,-0.00326,0.02970,0.08498,-9.80252,40.0,0.18896,-0.40978,359.98337,1
4.321,-0.02471,-0.04410,-0.00176,0.03052,0.08009,-9.79499,40.0,0.18949,-0.43666,359.98325,1
4.331,-0.07791,0.02854,-0.00300,0.03382,0.07232,-9.79214,40.0,0.17115,-0.44472,359.98322,1
4.341,-0.03209,0.07819,-0.00216,0.04383,0.07244,-9.80002,40.0,0.18640,-0.46478,359.98312,1
4.351,-0.08131,0.16125,0.00029,0.04172,0.06356,-9.80880,40.0,0.19529,-0.44133,359.98318,1
4.361,-0.05579,0.17175,-0.00069,0.04111,0.06306,-9.79450,40.0,0.21993,-0.45364,359.98309,1
4.371,-0.04527,0.06824,-0.00096,0.03464,0.08067,-9.80667,40.0,0.22479,-0.43573,359.98312,1
4.381,0.00293,0.02898,-0.00240,0.03216,0.07261,-9.82011,40.0,0.24864,-0.43706,359.98312,1
4.391,0.04282,0.10013,-0.00127,0.03427,0.06952,-9.81645,40.0,0.23783,-0.42073,359.98315,1
4.401,-0.02968,0.04074,-0.00047,0.03804,0.06245,-9.81802,40.0,0.25253,-0.41007,359.98318,1
4.411,-0.03516,-0.00330,-0.00287,0.02780,0.05368,-9.80961,40.0,0.22737,-0.39524,359.98322,1
4.421,0.00682,0.00164,-0.00021,0.02967,0.07113,-9.80654,40.0,0.24291,-0.39972,359.98318,1
4.431,0.00062,0.02489,0.00228,0.03022,0.07489,-9.82008,40.0,0.21535,-0.39770,359.98318,1
4.441,-0.00178,0.03378,0.00013,0.03066,0.07330,-9.80757,40.0,0.22940,-0.40633,359.98315,1
4.451,0.01985,-0.02720,-0.00185,0.02791,0.07265,-9.79981,40.0,0.20666,-0.41887,359.98312,1
4.461,0.04959,0.03567,-0.00203,0.03261,0.07546,-9.80872,40.0,0.22287,-0.43608,359.98303,1
4.471,0.01719,-0.00510,-0.00500,0.02255,0.08236,-9.81197,40.0,0.19860,-0.43282,359.98303,1
4.481,0.00498,-0.04218,-0.00552,0.03065,0.07619,-9.80746,40.0,0.21721,-0.44343,359.98297,1
4.491,0.02290,-0.12072,-0.00423,0.02769,0.08565,-9.81158,40.0,0.19371,-0.44249,359.98294,1
4.501,-0.05926,-0.06525,-0.00411,0.02970,0.08332,-9.80140,40.0,0.21234,-0.45611,359.98285,1
4.511,-0.00220,-0.04354,0.00144,0.02446,0.08536,-9.80333,40.0,0.19008,-0.45531,359.98282,1
4.521,-0.09062,-0.07891,-0.00069,0.01657,0.07721,-9.80690,40.0,0.19352,-0.44092,359.98282,1
4.531,0.00785,-0.04860,-0.00249,0.02817,0.08316,-9.81733,40.0,0.17274,-0.44504,359.98279,1
4.541,0.04513,0.00599,-0.00449,0.02685,0.07645,-9.81237,40.0,0.17491,-0.42531,359.98285,1
4.551,0.03761,-0.01630,-0.00414,0.02940,0.07093,-9.80462,40.0,0.15608,-0.42499,359.98282,1
4.561,0.03459,-0.00332,-0.00320,0.03016,0.06297,-9.82225,40.0,0.16113,-0.40252,359.98285,1
4.571,-0.05529,0.04412,-0.00543,0.03043,0.06881,-9.82607,40.0,0.16154,-0.42503,359.98276,1
4.581,0.04390,-0.06598,-0.00509,0.02768,0.07098,-9.81865,40.0,0.16219,-0.40210,359.98276,1
4.591,0.05938,-0.06516,-0.00483,0.03257,0.08368,-9.80711,40.0,0.16620,-0.42439,359.98264,1
4.601,0.08695,-0.00021,-0.00171,0.03449,0.07078,-9.80853,40.0,0.17149,-0.40125,359.98267,1
4.611,0.12006,-0.03979,0.00070,0.03235,0.06875,-9.80021,40.0,0.17298,-0.42323,359.98257,1
4.621,-0.00067,0.05182,-0.00197,0.02837,0.08280,-9.80587,40.0,0.17422,-0.39959,359.98264,1
4.631,0.04237,-0.02017,-0.00241,0.02989,0.08226,-9.80511,40.0,0.17767,-0.42141,359.98254,1
4.641,-0.00828,0.05946,-0.00515,0.03937,0.08212,-9.80200,40.0,0.19833,-0.41090,359.98257,1
4.651,0.03946,-0.01725,-0.00422,0.02810,0.07605,-9.81236,40.0,0.19489,-0.43063,359.98248,1
4.661,0.10143,0.01823,-0.00210,0.03579,0.07083,-9.80471,40.0,0.21282,-0.41467,359.98251,1
4.671,0.19136,0.03219,-0.00316,0.03573,0.06290,-9.80761,40.0,0.21044,-0.43086,359.98242,1
4.681,0.09282,0.07973,-0.00508,0.03282,0.06574,-9.79986,40.0,0.22711,-0.41205,359.98245,1
4.691,-0.01059,0.03295,-0.00261,0.03159,0.06982,-9.80574,40.0,0.20406,-0.41547,359.98239,1
4.701,0.03846,-0.00589,0.00034,0.03112,0.07138,-9.80799,40.0,0.22161,-0.39902,359.98242,1
4.711,-0.03168,0.04326,-0.00131,0.03090,0.07199,-9.81179,40.0,0.20147,-0.40834,359.98236,1
4.721,0.07458,-0.00167,-0.00068,0.03085,0.07813,-9.80737,40.0,0.22459,-0.40553,359.98236,1
4.731,0.04874,0.00226,0.00123,0.03089,0.07158,-9.80566,40.0,0.20530,-0.41581,359.98230,1
4.741,0.03951,-0.08226,0.00308,0.03966,0.06920,-9.81396,40.0,0.22760,-0.41033,359.98233,1
4.751,-0.07483,-0.07220,0.00028,0.03715,0.07709,-9.80824,40.0,0.20892,-0.42454,359.98230,1
4.761,-0.00838,-0.02466,-0.00293,0.03922,0.07419,-9.80314,40.0,0.23105,-0.41963,359.98230,1
4.771,0.03877,0.03664,-0.00519,0.03706,0.06714,-9.80407,40.0,0.20788,-0.42013,359.98230,1
4.781,0.03485,0.03842,-0.00604,0.02420,0.07032,-9.81900,40.0,0.23013,-0.41584,359.98230,1
4.791,-0.05471,-0.00445,-0.00572,0.04013,0.08055,-9.80736,40.0,0.20957,-0.42537,359.98221,1
4.801,-0.04474,-0.02056,-0.00606,0.03432,0.08437,-9.80863,40.0,0.23346,-0.42505,359.98218,1
4.811,-0.08560,0.03754,-0.00803,0.02632,0.06503,-9.80897,40.0,0.21325,-0.42736,359.98209,1
4.821,-0.07833,-0.04766,-0.00807,0.03500,0.06665,-9.81224,40.0,0.23814,-0.42369,359.98206,1
4.831,-0.05391,-0.01556,-0.00671,0.03224,0.07615,-9.82226,40.0,0.21842,-0.43006,359.98196,1
4.841,-0.02264,0.01834,-0.00559,0.02551,0.07077,-9.81126,40.0,0.22523,-0.40430,359.98196,1
4.851,-0.05504,0.05253,-0.00541,0.03173,0.06882,-9.81307,40.0,0.20436,-0.40332,359.98190,1
4.861,-0.11150,0.04382,-0.00956,0.03406,0.07105,-9.81672,40.0,0.21559,-0.38602,359.98190,1
4.871,0.06612,-0.00130,-0.00911,0.02323,0.06584,-9.81204,40.0,0.19013,-0.38990,359.98181,1
4.881,0.15574,0.02461,-0.00896,0.03073,0.08177,-9.81636,40.0,0.20682,-0.39796,359.98172,1
4.891,0.07994,-0.03067,-0.01177,0.02785,0.08479,-9.80614,40.0,0.19557,-0.42097,359.98154,1
4.901,0.07353,-0.11616,-0.01414,0.03553,0.08309,-9.81118,40.0,0.21024,-0.43030,359.98141,1
4.911,-0.04062,0.02254,-0.01396,0.02359,0.08530,-9.81880,40.0,0.19286,-0.45548,359.98120,1
4.921,0.00455,0.03302,-0.00661,0.02217,0.08019,-9.80995,40.0,0.21240,-0.46578,359.98105,1
4.931,0.11039,0.01605,0.00027,0.02761,0.07236,-9.80370,40.0,0.18994,-0.45944,359.98096,1
4.941,0.10603,0.09530,0.00534,0.02673,0.07525,-9.79834,40.0,0.21034,-0.46876,359.98087,1
4.951,-0.07188,0.05997,0.01002,0.03793,0.08248,-9.81709,40.0,0.18873,-0.46184,359.98090,1
4.961,-0.00717,0.02579,0.00723,0.03074,0.07909,-9.79757,40.0,0.21083,-0.46742,359.98090,1
4.971,-0.00445,-0.00888,0.00206,0.02787,0.06897,-9.80481,40.0,0.19046,-0.45867,359.98099,1
4.981,-0.00294,-0.08664,-0.00037,0.02083,0.05914,-9.81336,40.0,0.19415,-0.43364,359.98111,1
4.991,0.04087,0.01296,-0.00274,0.02704,0.06138,-9.81088,40.0,0.17561,-0.42255,359.98120,1
5.001,0.03565,0.02937,-0.00438,0.03225,0.06525,-9.81881,40.0,0.18650,-0.39781,359.98126,1
5.011,0.01174,0.01400,-0.00395,0.03140,0.07554,-9.80711,40.0,0.16948,-0.38690,359.98129,1
5.021,0.02518,-0.05626,-0.00207,0.03110,0.07059,-9.80556,40.0,0.17879,-0.36557,359.98132,1
5.031,0.05192,-0.01844,-0.00322,0.01902,0.07455,-9.81365,40.0,0.17567,-0.38712,359.98123,1
5.041,0.06195,0.01752,-0.00614,0.02610,0.07326,-9.82867,40.0,0.19381,-0.37524,359.98123,1
5.051,-0.04467,0.03057,-0.00621,0.03500,0.08456,-9.80509,40.0,0.18730,-0.40032,359.98111,1
5.061,-0.01831,-0.07157,-0.00366,0.04134,0.08595,-9.79906,40.0,0.20896,-0.41034,359.98102,1
5.071,-0.07515,-0.02497,-0.00346,0.04373,0.07466,-9.80555,40.0,0.20396,-0.43133,359.98090,1
5.081,0.03489,0.10118,-0.00575,0.03579,0.06730,-9.80790,40.0,0.23217,-0.43217,359.98087,1
5.091,-0.01052,0.01979,-0.00694,0.02976,0.07631,-9.80584,40.0,0.21775,-0.44588,359.98074,1
5.101,0.03889,-0.07541,-0.00637,0.02143,0.06494,-9.82259,40.0,0.21334,-0.42206,359.98077,1
5.111,0.05730,-0.04725,-0.00630,0.02422,0.07838,-9.81441,40.0,0.19174,-0.41371,359.98074,1
5.121,-0.06900,0.07021,-0.00566,0.03715,0.07770,-9.81143,40.0,0.21296,-0.41397,359.98068,1
5.131,-0.00630,0.05123,-0.00417,0.04198,0.07747,-9.81913,40.0,0.18891,-0.41748,359.98062,1
5.141,-0.02683,0.08672,-0.00276,0.03503,0.07136,-9.81898,40.0,0.20754,-0.40807,359.98059,1
5.151,-0.10108,0.12136,0.00090,0.03254,0.07785,-9.80129,40.0,0.21364,-0.43292,359.98050,1
5.161,-0.06236,0.02747,0.00327,0.04038,0.08044,-9.80054,40.0,0.23783,-0.43200,359.98047,1
5.171,0.04061,0.01367,0.00113,0.04615,0.08743,-9.81209,40.0,0.21861,-0.44281,359.98044,1
5.181,0.12397,0.03017,0.00032,0.04551,0.08412,-9.81056,40.0,0.24342,-0.44298,359.98044,1
5.191,0.04515,0.05731,-0.00297,0.03052,0.07087,-9.81267,40.0,0.22544,-0.45401,359.98038,1
5.201,-0.05075,0.00275,-0.00267,0.02485,0.06875,-9.80760,40.0,0.24396,-0.43823,359.98044,1
5.211,-0.08723,-0.03959,-0.00281,0.02557,0.07391,-9.80866,40.0,0.22179,-0.44020,359.98044,1
5.221,-0.07941,-0.01261,-0.00545,0.03167,0.07301,-9.81798,40.0,0.23751,-0.41806,359.98050,1
5.231,0.01178,0.01975,-0.00796,0.03410,0.07854,-9.80978,40.0,0.21552,-0.41937,359.98044,1
5.241,-0.01952,0.01020,-0.00904,0.02926,0.07464,-9.79771,40.0,0.21769,-0.39789,359.98044,1
5.251,-0.05336,-0.01510,-0.00534,0.03317,0.06438,-9.81082,40.0,0.20162,-0.41371,359.98032,1
5.261,-0.00037,0.01866,-0.00793,0.03772,0.05454,-9.80997,40.0,0.20752,-0.39300,359.98032,1
5.271,-0.00223,0.03143,-0.00944,0.03939,0.06264,-9.80968,40.0,0.19570,-0.40962,359.98016,1
5.281,0.04079,0.10108,-0.00954,0.04006,0.05980,-9.80955,40.0,0.20225,-0.38731,359.98016,1
5.291,-0.00810,-0.00175,-0.00764,0.03158,0.06155,-9.79761,40.0,0.19808,-0.40852,359.98001,1
5.301,-0.02791,0.10952,-0.00993,0.04286,0.07427,-9.80801,40.0,0.21090,-0.39094,359.98001,1
5.311,0.03146,0.06639,-0.00834,0.03243,0.08490,-9.80590,40.0,0.20594,-0.41359,359.97983,1
5.321,-0.05584,-0.01528,-0.00653,0.03726,0.08018,-9.81403,40.0,0.21862,-0.39859,359.97980,1
5.331,-0.02292,-0.04606,-0.00606,0.03347,0.07823,-9.79350,40.0,0.21150,-0.42120,359.97964,1
5.341,-0.03181,-0.14398,-0.00564,0.03504,0.08046,-9.77982,40.0,0.23392,-0.41365,359.97958,1
5.351,-0.01417,-0.03072,-0.00340,0.03854,0.07839,-9.78052,40.0,0.21983,-0.43261,359.97946,1
5.361,0.03728,-0.05172,0.00239,0.03375,0.08354,-9.79544,40.0,0.24210,-0.43023,359.97943,1
5.371,0.01210,0.02601,0.00312,0.02594,0.07364,-9.81279,40.0,0.22453,-0.44291,359.97937,1
5.381,0.00280,0.01269,0.00389,0.02598,0.07578,-9.81065,40.0,0.23941,-0.45788,359.97934,1
5.391,-0.08918,0.00708,-0.00004,0.02310,0.07359,-9.80683,40.0,0.21823,-0.46596,359.97931,1
5.401,-0.08058,0.06972,-0.00084,0.02497,0.06390,-9.80834,40.0,0.20953,-0.44230,359.97940,1
5.411,-0.07733,0.09365,-0.00366,0.02274,0.04834,-9.81472,40.0,0.18900,-0.44256,359.97940,1
5.421,0.01276,0.03882,-0.00428,0.03660,0.05734,-9.81447,40.0,0.18718,-0.42028,359.97946,1
5.431,0.02524,-0.00376,-0.00424,0.02716,0.06655,-9.80830,40.0,0.16893,-0.40352,359.97949,1
5.441,-0.01513,0.10873,-0.00548,0.04135,0.06429,-9.80323,40.0,0.17599,-0.38228,359.97952,1
5.451,-0.05200,0.06554,-0.00402,0.04083,0.07522,-9.79830,40.0,0.18702,-0.40476,359.97940,1
5.461,0.06681,0.00684,-0.00176,0.03477,0.07636,-9.79338,40.0,0.18959,-0.38409,359.97943,1
5.471,-0.02036,-0.01640,-0.00036,0.02641,0.08566,-9.79733,40.0,0.19108,-0.40796,359.97934,1
5.481,0.05632,0.03993,-0.00149,0.03800,0.08343,-9.80198,40.0,0.21540,-0.40126,359.97934,1
5.491,0.04157,0.03967,-0.00281,0.03643,0.08551,-9.80956,40.0,0.21005,-0.42569,359.97922,1
5.501,0.10284,-0.04605,-0.00340,0.03605,0.06849,-9.80358,40.0,0.21914,-0.40731,359.97928,1
5.511,0.08125,0.02848,-0.00619,0.04769,0.07394,-9.79855,40.0,0.22208,-0.43387,359.97913,1
5.521,0.09459,0.12161,-0.01017,0.03130,0.08179,-9.80518,40.0,0.21895,-0.41837,359.97913,1
5.531,0.07806,0.09253,-0.01174,0.03090,0.06416,-9.82246,40.0,0.20848,-0.42866,359.97900,1
5.541,-0.01648,0.05938,-0.01240,0.02476,0.06922,-9.82901,40.0,0.20091,-0.41392,359.97894,1
5.551,0.03643,-0.03877,-0.01108,0.03150,0.06525,-9.81690,40.0,0.20298,-0.42943,359.97876,1
5.561,0.05619,-0.01175,-0.00958,0.02513,0.07551,-9.81218,40.0,0.18679,-0.41763,359.97867,1
5.571,0.04148,0.01994,-0.00900,0.03454,0.07657,-9.81054,40.0,0.20365,-0.43193,359.97852,1
5.581,-0.03022,0.01012,-0.00512,0.02042,0.08568,-9.80380,40.0,0.18372,-0.42952,359.97842,1
5.591,-0.05759,0.00636,-0.00263,0.02961,0.08641,-9.81909,40.0,0.20308,-0.44737,359.97827,1
5.601,-0.04564,-0.03795,-0.00130,0.03027,0.08662,-9.81606,40.0,0.17948,-0.45225,359.97821,1
5.611,-0.06380,0.03102,-0.00208,0.03070,0.08073,-9.80311,40.0,0.20093,-0.46296,359.97815,1
5.621,0.03984,0.03655,-0.00583,0.02793,0.07549,-9.79811,40.0,0.17807,-0.46405,359.97812,1
5.631,0.03541,0.01688,-0.00641,0.02985,0.05871,-9.80208,40.0,0.19624,-0.45025,359.97812,1
5.641,0.03356,0.03087,-0.00679,0.03328,0.07017,-9.81547,40.0,0.17617,-0.44675,359.97809,1
5.651,0.03283,0.03622,-0.00890,0.03774,0.08338,-9.80005,40.0,0.20066,-0.43997,359.97806,1
5.661,0.01098,-0.02640,-0.00445,0.03637,0.07956,-9.80881,40.0,0.18061,-0.43907,359.97797,1
5.671,0.00280,-0.07183,-0.00269,0.02712,0.06614,-9.80610,40.0,0.19844,-0.42507,359.97797,1
5.681,-0.04479,-0.04645,0.00111,0.03235,0.06114,-9.81403,40.0,0.17962,-0.43853,359.97787,1
5.691,0.02464,0.07130,0.00322,0.03429,0.06220,-9.82001,40.0,0.19447,-0.42146,359.97791,1
5.701,-0.01481,0.07286,0.00456,0.03815,0.06554,-9.80763,40.0,0.17274,-0.42785,359.97787,1
5.711,-0.00718,-0.01242,0.00284,0.03357,0.07864,-9.80873,40.0,0.19015,-0.41293,359.97797,1
5.721,0.01766,-0.02335,0.00181,0.03778,0.07480,-9.80921,40.0,0.17658,-0.43132,359.97794,1
5.731,-0.08364,0.01482,0.00015,0.03354,0.07031,-9.80636,40.0,0.19517,-0.41793,359.97800,1
5.741,-0.05638,0.07281,-0.00093,0.03198,0.06857,-9.79938,40.0,0.18013,-0.43534,359.97797,1
5.751,-0.04563,0.05194,0.00034,0.02229,0.07086,-9.81426,40.0,0.19194,-0.41632,359.97803,1
5.761,0.00312,-0.02027,-0.00004,0.02459,0.07471,-9.81121,40.0,0.17400,-0.43114,359.97797,1
5.771,-0.02273,-0.00512,0.00203,0.01961,0.07316,-9.80701,40.0,0.17817,-0.40739,359.97806,1
5.781,-0.01071,0.02233,-0.00116,0.02364,0.06965,-9.80548,40.0,0.16121,-0.42332,359.97800,1
5.791,0.03775,0.07609,-0.00270,0.02805,0.05950,-9.81668,40.0,0.16712,-0.40122,359.97806,1
5.801,0.05671,0.03211,-0.00419,0.03269,0.06156,-9.81808,40.0,0.15865,-0.42085,359.97797,1
5.811,0.08588,0.03696,-0.00640,0.03738,0.06239,-9.82160,40.0,0.16809,-0.39910,359.97800,1
5.821,-0.03537,0.01649,-0.00533,0.02756,0.06253,-9.80511,40.0,0.15752,-0.41752,359.97791,1
5.831,0.00685,-0.01229,-0.00524,0.03260,0.06268,-9.80483,40.0,0.16852,-0.39663,359.97794,1
5.841,-0.04310,-0.04521,-0.00131,0.02256,0.07451,-9.81047,40.0,0.15818,-0.41522,359.97781,1
5.851,-0.01845,0.00700,0.00108,0.03947,0.07625,-9.80997,40.0,0.16970,-0.40000,359.97784,1
5.861,-0.09743,0.02640,0.00042,0.02823,0.07673,-9.80658,40.0,0.15615,-0.41877,359.97778,1
5.871,-0.08279,-0.05193,0.00005,0.02983,0.07994,-9.80538,40.0,0.17730,-0.41147,359.97778,1
5.881,-0.07783,0.00417,-0.00072,0.03026,0.08714,-9.81672,40.0,0.16597,-0.43571,359.97772,1
5.891,-0.05386,0.02574,-0.00255,0.02755,0.07209,-9.82389,40.0,0.18262,-0.42402,359.97775,1
5.901,-0.13260,-0.03108,-0.00267,0.03548,0.07230,-9.81501,40.0,0.16976,-0.44440,359.97769,1
5.911,-0.00897,0.07720,-0.00380,0.03245,0.06942,-9.82624,40.0,0.18496,-0.43208,359.97769,1
5.921,-0.04966,0.05350,-0.00429,0.02534,0.06828,-9.83339,40.0,0.16378,-0.44423,359.97763,1
5.931,0.04543,0.02362,-0.00414,0.02576,0.06781,-9.82144,40.0,0.17454,-0.42435,359.97766,1
5.941,0.03755,0.01194,-0.00494,0.02901,0.06762,-9.80514,40.0,0.15827,-0.44079,359.97757,1
5.951,0.05630,0.05063,-0.00755,0.03303,0.07354,-9.81075,40.0,0.16807,-0.42044,359.97757,1
5.961,0.10798,0.02266,-0.00683,0.03172,0.06391,-9.80988,40.0,0.14844,-0.42956,359.97748,1
5.971,0.08401,-0.05281,-0.00525,0.03710,0.07213,-9.80672,40.0,0.16589,-0.41635,359.97748,1
5.981,-0.03563,-0.08231,-0.00648,0.04201,0.08420,-9.80852,40.0,0.16520,-0.44371,359.97733,1
5.991,0.02822,0.03613,-0.00564,0.04095,0.09174,-9.80623,40.0,0.18671,-0.43197,359.97729,1
6.001,-0.03544,0.03781,-0.00390,0.04635,0.09471,-9.81428,40.0,0.19067,-0.45900,359.97714,1
6.011,-0.01590,0.08174,-0.00525,0.03960,0.08687,-9.81719,40.0,0.21470,-0.45487,359.97708,1
6.021,0.01417,0.03412,-0.00193,0.03398,0.08092,-9.82709,40.0,0.21442,-0.47883,359.97696,1
6.031,0.11351,0.08101,-0.00477,0.02909,0.07263,-9.81609,40.0,0.21616,-0.45757,359.97699,1
6.041,0.08549,0.05550,-0.00596,0.03907,0.07253,-9.80912,40.0,0.21841,-0.47811,359.97684,1
6.051,0.07508,0.00275,-0.00711,0.03105,0.06646,-9.80922,40.0,0.21167,-0.45541,359.97687,1
6.061,0.00482,-0.01780,-0.00824,0.04277,0.05836,-9.81239,40.0,0.22845,-0.45346,359.97681,1
6.071,0.04413,-0.00375,-0.00667,0.04132,0.05818,-9.81353,40.0,0.22477,-0.42695,359.97684,1
6.081,0.01422,0.10886,-0.00324,0.04078,0.07290,-9.80518,40.0,0.24361,-0.43427,359.97675,1
6.091,0.07004,0.02324,0.00090,0.03178,0.06066,-9.80475,40.0,0.23486,-0.40769,359.97678,1
6.101,0.02446,0.07615,0.00285,0.02223,0.07670,-9.81045,40.0,0.22962,-0.42326,359.97672,1
6.111,0.07427,-0.03226,0.00354,0.02756,0.08288,-9.80393,40.0,0.20990,-0.41935,359.97672,1
6.121,0.00410,0.03332,0.00034,0.02361,0.09112,-9.80431,40.0,0.20410,-0.43844,359.97668,1
6.131,0.02214,-0.02739,0.00225,0.02803,0.09136,-9.80453,40.0,0.19405,-0.43004,359.97675,1
6.141,-0.03694,-0.09399,0.00273,0.02078,0.09139,-9.81038,40.0,0.18603,-0.45088,359.97672,1
6.151,0.02794,0.01014,0.00324,0.02095,0.08848,-9.81559,40.0,0.16515,-0.46183,359.97672,1
6.161,-0.01375,0.07102,0.00062,0.01241,0.07833,-9.79976,40.0,0.15249,-0.47816,359.97668,1
6.171,0.01451,0.09455,-0.00076,0.02374,0.07169,-9.81158,40.0,0.13912,-0.45292,359.97675,1
6.181,0.09220,0.01792,-0.00193,0.02808,0.06619,-9.81609,40.0,0.12268,-0.46285,359.97668,1
6.191,0.05523,0.03128,-0.00635,0.02696,0.06992,-9.80012,40.0,0.11221,-0.43643,359.97675,1
6.201,0.06338,0.01500,-0.00686,0.04136,0.05372,-9.80007,40.0,0.14043,-0.41056,359.97675,1
6.211,0.00041,-0.01314,-0.00330,0.02618,0.05030,-9.79682,40.0,0.13597,-0.38477,359.97675,1
6.221,-0.00205,0.04077,-0.00463,0.03502,0.05509,-9.80464,40.0,0.16069,-0.39115,359.97668,1
6.231,-0.00285,0.03987,-0.00681,0.03239,0.06577,-9.81051,40.0,0.15119,-0.37151,359.97668,1
6.241,-0.06865,-0.06841,-0.00669,0.03432,0.07875,-9.80988,40.0,0.17112,-0.38488,359.97659,1
6.251,-0.02844,0.01966,-0.00684,0.03508,0.08075,-9.80963,40.0,0.14910,-0.38499,359.97653,1
6.261,0.07608,-0.05368,-0.00627,0.03252,0.08736,-9.79773,40.0,0.16527,-0.40706,359.97641,1
6.271,0.09365,-0.03884,-0.00177,0.03440,0.09291,-9.79913,40.0,0.15203,-0.43794,359.97626,1
6.281,0.03470,-0.11959,-0.00043,0.03509,0.08320,-9.80846,40.0,0.17024,-0.45566,359.97617,1
6.291,0.09960,-0.02086,-0.00212,0.04429,0.07956,-9.80626,40.0,0.18339,-0.47857,359.97604,1
6.301,0.01421,-0.02683,-0.00419,0.02984,0.08103,-9.82284,40.0,0.20278,-0.48677,359.97598,1
6.311,-0.01888,0.03541,-0.00586,0.03050,0.07269,-9.81156,40.0,0.21264,-0.46988,359.97604,1
6.321,0.05798,-0.09082,-0.00359,0.02778,0.06652,-9.81015,40.0,0.21679,-0.44935,359.97607,1
6.331,0.08684,-0.07451,-0.00538,0.02387,0.06707,-9.80075,40.0,0.21068,-0.42631,359.97610,1
6.341,0.11996,-0.06815,-0.00564,0.02246,0.05542,-9.79712,40.0,0.18787,-0.40774,359.97614,1
6.351,0.13215,-0.00120,-0.00516,0.02473,0.05105,-9.80755,40.0,0.18301,-0.38180,359.97617,1
6.361,-0.01735,-0.04111,-0.00248,0.02572,0.05821,-9.79684,40.0,0.16373,-0.39755,359.97604,1
6.371,-0.00816,-0.05595,0.00010,0.02889,0.06990,-9.80166,40.0,0.16416,-0.37431,359.97607,1
6.381,-0.02691,-0.04024,-0.00050,0.02704,0.08029,-9.80935,40.0,0.16106,-0.39657,359.97601,1
6.391,-0.01216,-0.01259,-0.00270,0.02341,0.08422,-9.80931,40.0,0.15667,-0.37409,359.97604,1
6.401,-0.02858,-0.00218,-0.00013,0.01891,0.09462,-9.81811,40.0,0.15209,-0.39740,359.97595,1
6.411,0.00916,0.02358,-0.00032,0.02916,0.08090,-9.81864,40.0,0.16790,-0.41162,359.97592,1
6.421,0.00165,0.01177,0.00020,0.03325,0.08152,-9.80120,40.0,0.16159,-0.43402,359.97586,1
6.431,0.04327,-0.03547,-0.00048,0.02589,0.07874,-9.80029,40.0,0.17411,-0.45087,359.97580,1
6.441,0.03736,-0.09665,-0.00305,0.03189,0.08073,-9.80302,40.0,0.17649,-0.47210,359.97574,1
6.451,-0.09855,0.02970,-0.00364,0.02820,0.08146,-9.80987,40.0,0.18947,-0.49020,359.97568,1
6.461,-0.01742,0.01425,-0.00274,0.03877,0.06406,-9.80965,40.0,0.17946,-0.47261,359.97571,1
6.471,0.05761,0.03013,-0.00197,0.03993,0.05439,-9.80363,40.0,0.19951,-0.44965,359.97577,1
6.481,0.02058,-0.05023,-0.00434,0.04613,0.06560,-9.80735,40.0,0.19676,-0.43109,359.97580,1
6.491,0.00629,-0.05942,-0.00399,0.03984,0.05789,-9.79683,40.0,0.21255,-0.40819,359.97586,1
6.501,-0.04322,-0.08470,-0.00593,0.03432,0.06385,-9.80163,40.0,0.21028,-0.38768,359.97589,1
6.511,-0.15141,0.03412,-0.00339,0.04993,0.06926,-9.80373,40.0,0.22989,-0.37465,359.97592,1
6.521,-0.08227,0.08019,-0.00342,0.03516,0.08297,-9.80132,40.0,0.22184,-0.39786,359.97580,1
6.531,-0.03332,0.03341,-0.00455,0.02658,0.08522,-9.80035,40.0,0.20225,-0.38780,359.97577,1
6.541,-0.03601,-0.07064,0.00153,0.02901,0.08620,-9.81773,40.0,0.19610,-0.41429,359.97565,1
6.551,0.07295,-0.04519,0.00315,0.03314,0.08652,-9.80380,40.0,0.20226,-0.44053,359.97552,1
6.561,0.02648,-0.07901,0.00122,0.04342,0.08974,-9.81039,40.0,0.18873,-0.45868,359.97546,1
6.571,0.03109,-0.13478,-0.00348,0.02981,0.08778,-9.79793,40.0,0.18156,-0.48092,359.97540,1
6.581,-0.07779,-0.13526,-0.00657,0.01868,0.07811,-9.79895,40.0,0.19477,-0.49247,359.97537,1
6.591,-0.03177,-0.02738,-0.00641,0.02629,0.07451,-9.79656,40.0,0.19174,-0.51266,359.97528,1
6.601,0.05208,0.01424,-0.00753,0.02630,0.06422,-9.79558,40.0,0.18086,-0.48830,359.97534,1
6.611,0.01832,-0.03479,-0.00525,0.04090,0.06048,-9.81014,40.0,0.18840,-0.47042,359.97534,1
6.621,0.09348,-0.00997,-0.00563,0.04064,0.05306,-9.81265,40.0,0.18582,-0.44375,359.97534,1
6.631,-0.00975,-0.08732,-0.00526,0.03465,0.05904,-9.80767,40.0,0.19987,-0.42543,359.97534,1
6.641,0.01629,-0.00892,-0.00753,0.03526,0.07024,-9.80583,40.0,0.19748,-0.40156,359.97537,1
6.651,0.02612,0.04252,-0.00591,0.02965,0.06261,-9.80501,40.0,0.20663,-0.37970,359.97537,1
6.661,0.00765,0.08352,-0.00236,0.02731,0.06864,-9.81650,40.0,0.18907,-0.39407,359.97528,1
6.671,0.04541,0.01344,-0.00093,0.02944,0.08277,-9.80919,40.0,0.21111,-0.38589,359.97525,1
6.681,-0.07257,-0.03565,-0.00070,0.03617,0.08231,-9.80940,40.0,0.19707,-0.40566,359.97516,1
6.691,-0.00749,-0.01071,-0.00116,0.03580,0.09098,-9.80358,40.0,0.21857,-0.41809,359.97510,1
6.701,-0.04874,-0.02310,-0.00009,0.04155,0.09139,-9.80438,40.0,0.20879,-0.44366,359.97498,1
6.711,-0.04240,-0.02770,0.00070,0.02899,0.08845,-9.80447,40.0,0.22713,-0.46420,359.97491,1
6.721,-0.04126,0.14260,-0.00235,0.03004,0.07557,-9.81632,40.0,0.20991,-0.47839,359.97485,1
6.731,0.07028,0.12230,-0.00239,0.02465,0.06168,-9.81485,40.0,0.20877,-0.45614,359.97491,1
6.741,-0.08582,0.09182,-0.00310,0.03151,0.06531,-9.80561,40.0,0.19134,-0.44643,359.97491,1
6.751,-0.01287,0.08099,-0.00312,0.02525,0.05775,-9.80782,40.0,0.18791,-0.42299,359.97498,1
6.761,-0.07323,0.05481,-0.00318,0.03468,0.06089,-9.80590,40.0,0.17964,-0.40390,359.97501,1
6.771,-0.05161,-0.01944,-0.00178,0.02932,0.06499,-9.81094,40.0,0.17227,-0.38388,359.97501,1
6.781,-0.08769,-0.02657,-0.00025,0.03339,0.06359,-9.79822,40.0,0.18395,-0.40209,359.97495,1
6.791,-0.03533,-0.00739,0.00096,0.02575,0.07491,-9.81388,40.0,0.17020,-0.38961,359.97495,1
6.801,-0.03695,-0.06471,0.00251,0.03175,0.07634,-9.81703,40.0,0.18436,-0.40840,359.97488,1
6.811,0.00631,-0.04333,0.00292,0.03395,0.07987,-9.82413,40.0,0.16375,-0.40289,359.97491,1
6.821,0.00085,-0.05679,-0.00044,0.02018,0.08399,-9.81193,40.0,0.17654,-0.42718,359.97485,1
6.831,-0.00170,0.00259,-0.00123,0.03843,0.09470,-9.81351,40.0,0.14984,-0.43739,359.97485,1
6.841,-0.00219,-0.03926,-0.00029,0.03367,0.08978,-9.81098,40.0,0.16710,-0.45601,359.97479,1
6.851,0.04165,-0.03346,-0.00060,0.03494,0.07901,-9.80414,40.0,0.14552,-0.45113,359.97482,1
6.861,-0.07464,0.03246,-0.00084,0.03538,0.08082,-9.80155,40.0,0.16469,-0.46477,359.97479,1
6.871,-0.00845,0.03681,-0.00260,0.02968,0.06962,-9.80338,40.0,0.15201,-0.44755,359.97482,1
6.881,0.03923,-0.00440,-0.00336,0.03338,0.07132,-9.80419,40.0,0.17653,-0.44647,359.97479,1
6.891,0.03490,0.04424,-0.00239,0.02895,0.07781,-9.79559,40.0,0.15973,-0.43195,359.97482,1
6.901,-0.01109,0.08405,-0.00181,0.01828,0.07432,-9.80394,40.0,0.17774,-0.44707,359.97476,1
6.911,0.06019,0.03528,-0.00040,0.02897,0.07609,-9.80735,40.0,0.16291,-0.43103,359.97479,1
6.921,0.04307,0.03789,-0.00106,0.03313,0.06491,-9.80862,40.0,0.18077,-0.44470,359.97470,1
6.931,-0.00733,-0.00440,0.00015,0.02866,0.06655,-9.81787,40.0,0.16462,-0.42912,359.97473,1
6.941,0.01815,-0.10628,-0.00540,0.03879,0.07616,-9.81571,40.0,0.18620,-0.43881,359.97470,1
6.951,0.04886,0.00548,-0.00965,0.03964,0.07982,-9.82073,40.0,0.17103,-0.42202,359.97473,1
6.961,0.03917,-0.03800,-0.00783,0.03712,0.08411,-9.81084,40.0,0.18909,-0.43564,359.97464,1
6.971,-0.05291,-0.05514,-0.00730,0.02725,0.07681,-9.81574,40.0,0.16710,-0.42736,359.97461,1
6.981,-0.02259,0.04624,-0.00750,0.03822,0.08008,-9.81784,40.0,0.18493,-0.44130,359.97449,1
6.991,0.03334,0.06373,-0.00757,0.03375,0.07527,-9.80378,40.0,0.16506,-0.43024,359.97443,1
7.001,-0.03351,0.04836,-0.00724,0.03482,0.08535,-9.80731,40.0,0.18230,-0.44515,359.97430,1
7.011,-0.08081,-0.00066,-0.00558,0.03833,0.07734,-9.80279,40.0,0.17333,-0.42598,359.97430,1
7.021,-0.01067,0.00266,-0.00526,0.02778,0.06828,-9.80970,40.0,0.18869,-0.44020,359.97418,1
7.031,-0.00615,0.02531,-0.00756,0.03260,0.07379,-9.80955,40.0,0.18120,-0.42120,359.97421,1
7.041,0.01863,-0.09494,-0.00642,0.03156,0.06401,-9.80942,40.0,0.19452,-0.43785,359.97409,1
7.051,-0.01656,-0.07663,-0.00585,0.03109,0.06621,-9.81233,40.0,0.18814,-0.41628,359.97409,1
7.061,0.08076,-0.11196,-0.00697,0.03689,0.06708,-9.80764,40.0,0.19738,-0.43716,359.97397,1
7.071,-0.01522,-0.04026,-0.00521,0.03017,0.06144,-9.81453,40.0,0.19317,-0.41461,359.97397,1
7.081,0.03634,0.00917,-0.00430,0.02466,0.07404,-9.80834,40.0,0.19077,-0.43753,359.97385,1
7.091,0.10055,-0.01469,-0.00241,0.03452,0.06709,-9.80021,40.0,0.19013,-0.41516,359.97388,1
7.101,0.01443,-0.00297,-0.00368,0.02638,0.06731,-9.80284,40.0,0.18051,-0.43476,359.97379,1
7.111,0.02551,0.02330,-0.00830,0.04382,0.07355,-9.81299,40.0,0.18039,-0.41891,359.97382,1
7.121,-0.01474,0.07607,-0.00941,0.04163,0.06697,-9.81965,40.0,0.16899,-0.43375,359.97372,1
7.131,0.01455,0.03198,-0.00855,0.04676,0.07337,-9.81348,40.0,0.18024,-0.41904,359.97369,1
7.141,0.09235,-0.02747,-0.00653,0.03103,0.07267,-9.80792,40.0,0.16472,-0.42940,359.97360,1
7.151,-0.05467,-0.05127,-0.00454,0.04264,0.06965,-9.81781,40.0,0.18364,-0.41763,359.97354,1
7.161,-0.00101,0.02635,-0.00636,0.03240,0.08016,-9.80669,40.0,0.16881,-0.43652,359.97342,1
7.171,0.04189,0.01312,-0.00719,0.03141,0.07238,-9.81129,40.0,0.18866,-0.42776,359.97339,1
7.181,0.01425,-0.01371,-0.00729,0.03128,0.07524,-9.78951,40.0,0.17270,-0.44363,359.97327,1
7.191,0.04728,0.06233,-0.00555,0.02811,0.07340,-9.79586,40.0,0.19154,-0.43771,359.97321,1
7.201,0.01540,0.13411,-0.00427,0.03572,0.06984,-9.80429,40.0,0.17918,-0.45542,359.97308,1
7.211,-0.04004,0.03223,-0.00470,0.03576,0.06547,-9.80157,40.0,0.19120,-0.43567,359.97308,1
7.221,-0.04007,0.12248,-0.00602,0.03269,0.07268,-9.80640,40.0,0.17950,-0.45463,359.97296,1
7.231,-0.08412,0.13518,-0.00705,0.03147,0.07250,-9.81413,40.0,0.19076,-0.43482,359.97296,1
7.241,-0.05661,0.11880,-0.00779,0.01623,0.08116,-9.81101,40.0,0.17414,-0.45071,359.97287,1
7.251,-0.02372,0.06968,-0.01012,0.02821,0.07574,-9.81004,40.0,0.18329,-0.43048,359.97284,1
7.261,0.05562,-0.01320,-0.00861,0.03860,0.07080,-9.81858,40.0,0.16988,-0.44913,359.97269,1
7.271,0.01949,-0.02376,-0.00838,0.03088,0.06580,-9.81283,40.0,0.17708,-0.42709,359.97269,1
7.281,0.00540,0.01521,-0.00578,0.02796,0.05796,-9.81062,40.0,0.15364,-0.43315,359.97256,1
7.291,-0.08915,0.13708,-0.00628,0.03569,0.07576,-9.80113,40.0,0.16896,-0.42157,359.97253,1
7.301,-0.08075,0.14089,-0.00516,0.03270,0.07660,-9.80329,40.0,0.14654,-0.43417,359.97241,1
7.311,-0.05530,0.12098,-0.00593,0.04048,0.06812,-9.80422,40.0,0.15915,-0.41936,359.97241,1
7.321,-0.08947,0.07009,-0.00709,0.04345,0.07079,-9.80164,40.0,0.18305,-0.42960,359.97232,1
7.331,-0.03610,0.02956,-0.00851,0.03851,0.07477,-9.81236,40.0,0.20610,-0.42926,359.97223,1
7.341,-0.03809,0.05695,-0.00664,0.04278,0.08218,-9.79301,40.0,0.22285,-0.44577,359.97208,1
7.351,-0.01625,0.00302,-0.00274,0.03833,0.08501,-9.80025,40.0,0.24160,-0.44058,359.97202,1
7.361,0.03633,-0.01733,0.00262,0.04233,0.07438,-9.82661,40.0,0.26172,-0.44920,359.97195,1
7.371,-0.03258,0.06038,0.00502,0.03823,0.07018,-9.81305,40.0,0.23767,-0.44639,359.97192,1
7.381,0.05171,0.06923,0.00537,0.03378,0.06852,-9.80194,40.0,0.25899,-0.44790,359.97192,1
7.391,-0.00382,-0.01395,0.00710,0.03496,0.07385,-9.80070,40.0,0.24089,-0.43413,359.97202,1
7.401,0.04090,-0.00230,0.00513,0.03815,0.08190,-9.81500,40.0,0.25978,-0.44659,359.97202,1
7.411,-0.00834,0.00176,0.00021,0.02467,0.07890,-9.81729,40.0,0.23641,-0.44418,359.97208,1
7.421,-0.02654,-0.08270,-0.00251,0.02860,0.07185,-9.80356,40.0,0.24308,-0.42705,359.97217,1
7.431,0.01008,-0.02868,-0.00299,0.03583,0.06336,-9.81604,40.0,0.21867,-0.43020,359.97217,1
7.441,-0.04189,-0.05146,-0.00223,0.03274,0.05708,-9.81777,40.0,0.22019,-0.41065,359.97223,1
7.451,0.04745,0.11256,-0.00443,0.03442,0.07545,-9.81560,40.0,0.20183,-0.40030,359.97226,1
7.461,-0.00570,0.02413,-0.00452,0.03522,0.07353,-9.80591,40.0,0.20671,-0.37809,359.97229,1
7.471,-0.00470,0.09802,-0.00591,0.02349,0.07868,-9.81677,40.0,0.19607,-0.39846,359.97217,1
7.481,-0.04836,0.10447,-0.00692,0.02808,0.07179,-9.80925,40.0,0.19770,-0.37525,359.97220,1
7.491,-0.08650,0.02078,-0.00688,0.03280,0.07214,-9.80348,40.0,0.19342,-0.39724,359.97208,1
7.501,0.00893,0.05400,-0.00710,0.02851,0.07819,-9.81299,40.0,0.17817,-0.37774,359.97205,1
7.511,-0.04233,-0.01988,-0.00394,0.02994,0.08641,-9.80490,40.0,0.17060,-0.40083,359.97192,1
7.521,0.07048,-0.02578,-0.00410,0.02448,0.08657,-9.81055,40.0,0.16122,-0.42325,359.97180,1
7.531,0.04679,0.03608,-0.00625,0.04019,0.07198,-9.81586,40.0,0.15932,-0.44822,359.97165,1
7.541,-0.00611,0.01643,-0.00555,0.03143,0.08106,-9.80889,40.0,0.14696,-0.46895,359.97156,1
7.551,0.03966,0.05233,-0.00427,0.03414,0.06679,-9.80332,40.0,0.15907,-0.48903,359.97147,1
7.561,0.03487,0.08742,-0.00596,0.02930,0.05535,-9.80109,40.0,0.16103,-0.46622,359.97147,1
7.571,0.01096,0.10069,-0.00544,0.02755,0.06278,-9.78555,40.0,0.16962,-0.44509,359.97147,1
7.581,0.06874,0.02014,-0.00469,0.02965,0.06275,-9.79732,40.0,0.16888,-0.42101,359.97150,1
7.591,0.02403,0.05349,-0.00672,0.03338,0.07165,-9.79893,40.0,0.18132,-0.40105,359.97147,1
7.601,-0.03705,0.04444,-0.00550,0.03187,0.06614,-9.80243,40.0,0.18164,-0.37791,359.97150,1
7.611,0.00575,0.06290,-0.00454,0.02531,0.06992,-9.80664,40.0,0.17773,-0.40021,359.97137,1
7.621,-0.04355,-0.01648,-0.00310,0.01962,0.08029,-9.82295,40.0,0.16712,-0.37920,359.97137,1
7.631,0.00327,0.03962,-0.00303,0.02072,0.08417,-9.80273,40.0,0.16087,-0.40272,359.97125,1
7.641,-0.02321,0.08230,-0.00475,0.02399,0.07388,-9.80973,40.0,0.15178,-0.38104,359.97128,1
7.651,0.01138,0.03434,-0.00179,0.02524,0.06995,-9.81240,40.0,0.14618,-0.40462,359.97116,1
7.661,0.02429,0.05902,0.00053,0.02566,0.07734,-9.81345,40.0,0.13837,-0.38355,359.97119,1
7.671,-0.05885,0.02490,0.00107,0.02892,0.08015,-9.80212,40.0,0.14618,-0.40518,359.97113,1
7.681,-0.00256,0.05543,-0.00084,0.02125,0.06636,-9.80939,40.0,0.13693,-0.38492,359.97116,1
7.691,-0.04769,0.10970,-0.00413,0.03016,0.07008,-9.80648,40.0,0.14368,-0.40598,359.97110,1
7.701,-0.01943,-0.04135,-0.00054,0.03363,0.06556,-9.80241,40.0,0.14392,-0.38202,359.97113,1
7.711,0.05734,-0.05564,0.00163,0.02595,0.07563,-9.80665,40.0,0.15038,-0.40283,359.97107,1
7.721,-0.09059,0.00235,-0.00090,0.02006,0.06761,-9.81408,40.0,0.14191,-0.38064,359.97113,1
7.731,-0.05940,0.11108,-0.00580,0.02686,0.06458,-9.80232,40.0,0.15532,-0.39858,359.97107,1
7.741,-0.02491,0.08822,-0.00714,0.02920,0.06941,-9.81551,40.0,0.14588,-0.37732,359.97110,1
7.751,0.01005,0.12264,-0.00749,0.03020,0.07714,-9.80879,40.0,0.14913,-0.39934,359.97098,1
7.761,0.02389,0.07126,-0.00560,0.02767,0.06231,-9.81202,40.0,0.14589,-0.37667,359.97098,1
7.771,0.02947,0.00863,-0.00644,0.03250,0.08040,-9.81046,40.0,0.15741,-0.39694,359.97086,1
7.781,0.09772,0.00663,-0.00709,0.03718,0.09033,-9.81875,40.0,0.16951,-0.41632,359.97070,1
7.791,0.08010,-0.05894,-0.00517,0.03022,0.08513,-9.81588,40.0,0.17752,-0.43769,359.97058,1
7.801,-0.05967,-0.02027,-0.00483,0.03353,0.07430,-9.81484,40.0,0.19853,-0.44180,359.97052,1
7.811,0.04099,0.08146,-0.00406,0.03476,0.07610,-9.81446,40.0,0.20315,-0.46443,359.97040,1
7.821,-0.00879,0.09827,-0.00391,0.03523,0.07087,-9.81724,40.0,0.22368,-0.45920,359.97037,1
7.831,0.01735,-0.02408,-0.00141,0.03842,0.06592,-9.81539,40.0,0.20960,-0.43754,359.97040,1
7.841,0.04942,-0.07067,-0.00172,0.03672,0.06399,-9.81170,40.0,0.23020,-0.42563,359.97040,1
7.851,-0.04945,-0.00312,-0.00356,0.03023,0.06318,-9.80432,40.0,0.20620,-0.41571,359.97043,1
7.861,-0.02029,-0.06293,-0.00258,0.02176,0.06875,-9.80437,40.0,0.22628,-0.40265,359.97046,1
7.871,-0.01056,0.10776,-0.00251,0.03324,0.07104,-9.81049,40.0,0.20303,-0.40394,359.97043,1
7.881,-0.00621,0.08694,-0.00182,0.03171,0.07186,-9.81275,40.0,0.22441,-0.39565,359.97043,1
7.891,-0.00424,0.03598,-0.00183,0.03116,0.07216,-9.81066,40.0,0.20329,-0.40320,359.97037,1
7.901,-0.04781,0.03774,-0.00016,0.03698,0.08708,-9.79233,40.0,0.22289,-0.41858,359.97028,1
7.911,-0.02028,0.03869,-0.00081,0.02714,0.08683,-9.80869,40.0,0.19986,-0.43184,359.97021,1
7.921,-0.00961,0.01755,-0.00113,0.03531,0.08090,-9.80921,40.0,0.21997,-0.44274,359.97015,1
7.931,-0.00507,-0.05504,-0.00183,0.02662,0.07556,-9.80923,40.0,0.19617,-0.45381,359.97012,1
7.941,-0.04833,0.02450,-0.00443,0.03219,0.07064,-9.80935,40.0,0.21664,-0.45577,359.97009,1
7.951,-0.04291,0.07652,-0.00460,0.03437,0.07170,-9.80352,40.0,0.19598,-0.44564,359.97009,1
7.961,-0.08475,0.05312,-0.00763,0.02915,0.07801,-9.81006,40.0,0.21867,-0.44908,359.97006,1
7.971,-0.01173,-0.04130,-0.00813,0.03019,0.06859,-9.81256,40.0,0.19814,-0.43812,359.97003,1
7.981,-0.00709,0.07306,-0.01465,0.03952,0.05914,-9.81068,40.0,0.22092,-0.42589,359.97000,1
7.991,0.01776,-0.01218,-0.01234,0.03124,0.06430,-9.80688,40.0,0.19922,-0.42214,359.96991,1
8.001,0.02696,-0.00173,-0.01027,0.03100,0.06631,-9.80841,40.0,0.22148,-0.40914,359.96985,1
8.011,-0.01370,0.00199,-0.00819,0.03388,0.07597,-9.80318,40.0,0.20184,-0.40327,359.96976,1
8.021,0.05882,0.04696,-0.00845,0.03785,0.07676,-9.81005,40.0,0.22559,-0.40009,359.96967,1
8.031,0.08703,-0.00039,-0.00457,0.03354,0.07402,-9.80669,40.0,0.20578,-0.41009,359.96954,1
8.041,0.07541,0.02440,-0.00323,0.02591,0.08478,-9.80536,40.0,0.22370,-0.42973,359.96939,1
8.051,0.02708,-0.00941,-0.00345,0.02011,0.08883,-9.79892,40.0,0.20056,-0.44582,359.96927,1
8.061,0.05298,-0.04356,-0.00192,0.03544,0.09357,-9.81144,40.0,0.21433,-0.46440,359.96918,1
8.071,-0.02625,0.05036,0.00114,0.03823,0.08947,-9.82794,40.0,0.18917,-0.47342,359.96912,1
8.081,0.03310,-0.08525,0.00181,0.03664,0.08482,-9.81064,40.0,0.20367,-0.49163,359.96902,1
8.091,0.01094,-0.05130,0.00012,0.03891,0.07423,-9.81582,40.0,0.18965,-0.47451,359.96909,1
8.101,0.04665,-0.03805,-0.00181,0.02786,0.07897,-9.82060,40.0,0.20123,-0.49080,359.96906,1
8.111,-0.02798,-0.05503,-0.00631,0.03870,0.06308,-9.80787,40.0,0.19481,-0.46990,359.96912,1
8.121,-0.05645,-0.06152,-0.00555,0.03982,0.06292,-9.80592,40.0,0.22582,-0.47365,359.96909,1
8.131,0.04378,-0.14935,-0.00382,0.04336,0.05988,-9.79344,40.0,0.22052,-0.44978,359.96915,1
8.141,0.01455,-0.01127,-0.00204,0.03862,0.05872,-9.80330,40.0,0.24220,-0.42745,359.96924,1
8.151,0.00370,-0.00153,-0.00128,0.03663,0.07017,-9.81594,40.0,0.24452,-0.40152,359.96930,1
8.161,-0.00030,-0.01932,-0.00151,0.03023,0.07144,-9.80007,40.0,0.22550,-0.40461,359.96927,1
8.171,0.04251,-0.04734,-0.00223,0.03058,0.08088,-9.80290,40.0,0.20837,-0.39629,359.96930,1
8.181,0.03629,0.00634,-0.00378,0.03952,0.08754,-9.80706,40.0,0.20220,-0.42248,359.96918,1
8.191,-0.01058,0.06958,-0.00375,0.03108,0.08999,-9.81143,40.0,0.18785,-0.44432,359.96906,1
8.201,-0.05011,0.02908,-0.00366,0.03095,0.08499,-9.80429,40.0,0.17935,-0.46945,359.96893,1
8.211,0.04527,0.01429,-0.00317,0.03077,0.08313,-9.81334,40.0,0.19931,-0.46647,359.96890,1
8.221,0.03736,0.02987,-0.00207,0.03966,0.08838,-9.80516,40.0,0.19648,-0.48818,359.96878,1
8.231,-0.01000,0.05705,-0.00185,0.03129,0.08730,-9.79892,40.0,0.19656,-0.46640,359.96884,1
8.241,0.01658,0.00319,-0.00057,0.02221,0.07204,-9.80229,40.0,0.18729,-0.48914,359.96872,1
8.251,0.04912,-0.06025,-0.00158,0.03044,0.06932,-9.81259,40.0,0.18971,-0.46784,359.96878,1
8.261,0.01736,-0.08476,-0.00187,0.04253,0.07129,-9.80783,40.0,0.20012,-0.48565,359.96869,1
8.271,0.07149,-0.09370,-0.00411,0.03243,0.06893,-9.80285,40.0,0.19562,-0.46348,359.96875,1
8.281,0.11409,-0.07548,-0.00525,0.03441,0.07402,-9.80399,40.0,0.21118,-0.48018,359.96866,1
8.291,0.04200,-0.06906,-0.00530,0.03214,0.08188,-9.80735,40.0,0.21219,-0.45953,359.96869,1
8.301,0.03575,0.04106,-0.00741,0.02862,0.07588,-9.78795,40.0,0.22617,-0.47650,359.96857,1
8.311,0.03305,0.12613,-0.00880,0.02403,0.07957,-9.80113,40.0,0.20700,-0.46335,359.96857,1
8.321,0.05541,-0.01329,-0.00472,0.02517,0.08103,-9.81209,40.0,0.21150,-0.48856,359.96841,1
8.331,-0.02490,-0.00257,-0.00403,0.02563,0.09341,-9.80748,40.0,0.18866,-0.47780,359.96838,1
8.341,-0.10007,0.04426,-0.00261,0.04066,0.08642,-9.80589,40.0,0.20253,-0.49467,359.96826,1
8.351,0.00428,-0.00156,-0.00034,0.03461,0.08363,-9.80217,40.0,0.18051,-0.48375,359.96826,1
8.361,-0.06636,-0.01974,-0.00167,0.03528,0.07962,-9.80079,40.0,0.19760,-0.49550,359.96817,1
8.371,-0.00467,-0.06914,-0.00279,0.02665,0.06914,-9.80599,40.0,0.18732,-0.47320,359.96823,1
8.381,0.01891,-0.08802,-0.00245,0.02620,0.07704,-9.81100,40.0,0.20416,-0.48721,359.96817,1
8.391,-0.01581,-0.16001,-0.00234,0.03501,0.06826,-9.81006,40.0,0.19099,-0.46817,359.96823,1
8.401,-0.03017,-0.03697,-0.00371,0.03249,0.07076,-9.80375,40.0,0.20947,-0.48066,359.96817,1
8.411,-0.03595,0.05303,-0.00195,0.02858,0.06578,-9.80422,40.0,0.19523,-0.46419,359.96820,1
8.421,-0.01526,-0.01999,0.00044,0.03285,0.07580,-9.81041,40.0,0.20994,-0.48126,359.96814,1
8.431,-0.00864,0.12417,-0.00168,0.04633,0.06495,-9.81879,40.0,0.20627,-0.45883,359.96820,1
8.441,-0.02742,0.07157,-0.00237,0.03671,0.07545,-9.81299,40.0,0.20574,-0.47794,359.96814,1
8.451,-0.07926,0.11573,-0.00341,0.03008,0.06760,-9.81658,40.0,0.19740,-0.45607,359.96820,1
8.461,0.07799,0.09067,-0.00458,0.02461,0.06753,-9.81498,40.0,0.17930,-0.45846,359.96817,1
8.471,0.00631,-0.02725,-0.00170,0.02845,0.08234,-9.80566,40.0,0.17379,-0.44096,359.96820,1
8.481,-0.00004,0.07837,0.00165,0.03572,0.08809,-9.81102,40.0,0.16156,-0.46635,359.96811,1
8.491,0.10829,0.07639,0.00046,0.03267,0.08132,-9.81001,40.0,0.16698,-0.44952,359.96814,1
8.501,0.03936,0.05345,0.00062,0.04025,0.09365,-9.81274,40.0,0.16953,-0.47736,359.96805,1
8.511,-0.03148,0.08743,-0.00063,0.03749,0.07456,-9.80480,40.0,0.19284,-0.47737,359.96802,1
8.521,-0.05791,0.01439,-0.00007,0.03915,0.08216,-9.81362,40.0,0.19774,-0.49932,359.96796,1
8.531,-0.09013,-0.01364,-0.00243,0.04295,0.06432,-9.81109,40.0,0.21189,-0.47826,359.96802,1
8.541,0.05208,-0.00190,-0.00222,0.03850,0.06041,-9.80710,40.0,0.21323,-0.45540,359.96808,1
8.551,0.08462,-0.04055,-0.00221,0.03385,0.06480,-9.80261,40.0,0.21370,-0.43253,359.96817,1
8.561,0.07493,-0.05545,-0.00360,0.03513,0.06647,-9.79211,40.0,0.21417,-0.40943,359.96823,1
8.571,0.11497,0.00364,-0.00305,0.03251,0.06417,-9.80276,40.0,0.20994,-0.38637,359.96829,1
8.581,0.08626,0.00442,-0.00007,0.03138,0.07221,-9.81275,40.0,0.20144,-0.36355,359.96835,1
8.591,0.05316,0.00460,-0.00275,0.03399,0.07824,-9.80778,40.0,0.20078,-0.38554,359.96826,1
8.601,0.04081,-0.03833,-0.00460,0.03203,0.08051,-9.80584,40.0,0.18322,-0.40159,359.96817,1
8.611,0.12434,-0.03270,-0.00315,0.03731,0.09027,-9.79049,40.0,0.18598,-0.42816,359.96805,1
8.621,0.02353,-0.00985,-0.00282,0.03622,0.09106,-9.79930,40.0,0.17796,-0.45190,359.96796,1
8.631,0.09595,-0.06496,-0.00359,0.03285,0.08542,-9.80554,40.0,0.18521,-0.47749,359.96783,1
8.641,-0.00960,-0.00079,-0.00581,0.03444,0.08332,-9.81386,40.0,0.17863,-0.50182,359.96771,1
8.651,0.06087,-0.01862,-0.00616,0.03518,0.08543,-9.80527,40.0,0.19772,-0.48906,359.96771,1
8.661,-0.06735,0.03814,-0.00699,0.03860,0.06846,-9.79609,40.0,0.17807,-0.50020,359.96762,1
8.671,-0.04976,0.01723,-0.01041,0.03951,0.07986,-9.81619,40.0,0.19040,-0.48256,359.96762,1
8.681,0.04547,-0.01171,-0.01276,0.02828,0.07218,-9.80894,40.0,0.17117,-0.47781,359.96756,1
8.691,0.03722,0.04146,-0.01115,0.02994,0.06338,-9.80624,40.0,0.18368,-0.45367,359.96753,1
8.701,0.03428,0.04025,-0.00576,0.02456,0.06000,-9.81395,40.0,0.16502,-0.44182,359.96747,1
8.711,-0.01041,-0.04650,-0.00408,0.02847,0.06170,-9.81111,40.0,0.18814,-0.42355,359.96744,1
8.721,-0.00536,-0.07951,-0.00140,0.03584,0.06834,-9.81012,40.0,0.16783,-0.41005,359.96741,1
8.731,0.08464,-0.04857,0.00039,0.02989,0.06484,-9.80371,40.0,0.19162,-0.40577,359.96738,1
8.741,0.03018,0.02722,0.00162,0.02459,0.08124,-9.79833,40.0,0.17125,-0.40762,359.96735,1
8.751,-0.01269,0.05602,0.00408,0.03127,0.07877,-9.81404,40.0,0.19454,-0.41342,359.96735,1
8.761,-0.02925,0.08854,0.00240,0.02789,0.08665,-9.81704,40.0,0.17525,-0.42388,359.96732,1
8.771,0.00907,0.03672,0.00121,0.03546,0.08088,-9.82417,40.0,0.20004,-0.43091,359.96732,1
8.781,0.00193,-0.02622,0.00133,0.04441,0.08163,-9.81227,40.0,0.18331,-0.44904,359.96729,1
8.791,-0.00113,-0.00724,-0.00113,0.03299,0.08181,-9.81340,40.0,0.20617,-0.44597,359.96732,1
8.801,-0.02469,0.04288,-0.00058,0.02579,0.08476,-9.80202,40.0,0.18818,-0.46054,359.96725,1
8.811,0.01095,-0.00222,-0.00164,0.01996,0.07111,-9.81526,40.0,0.19649,-0.44341,359.96732,1
8.821,0.02364,0.10958,-0.00061,0.02979,0.06298,-9.80281,40.0,0.17901,-0.45620,359.96725,1
8.831,0.00688,0.08763,0.00074,0.02155,0.05982,-9.81260,40.0,0.17984,-0.43354,359.96729,1
8.841,0.02319,-0.00664,0.00144,0.02440,0.06159,-9.80761,40.0,0.16133,-0.44715,359.96725,1
8.851,-0.01493,-0.02141,0.00056,0.02543,0.05933,-9.81158,40.0,0.16188,-0.42462,359.96732,1
8.861,-0.09595,-0.00595,-0.00141,0.03469,0.07038,-9.80737,40.0,0.16991,-0.44269,359.96725,1
8.871,-0.08256,-0.02127,-0.00256,0.02944,0.06267,-9.80560,40.0,0.16973,-0.41966,359.96732,1
8.881,0.01074,-0.00507,-0.00596,0.02452,0.06855,-9.79607,40.0,0.16962,-0.44214,359.96722,1
8.891,-0.04150,-0.06394,-0.00467,0.02541,0.06201,-9.81306,40.0,0.17069,-0.41918,359.96725,1
8.901,0.00454,-0.04303,-0.00211,0.03468,0.07141,-9.80793,40.0,0.18528,-0.43669,359.96716,1
8.911,-0.04497,0.07210,-0.00425,0.02647,0.07486,-9.79992,40.0,0.16969,-0.42039,359.96719,1
8.921,0.04704,0.05223,-0.00579,0.03507,0.07928,-9.80292,40.0,0.18332,-0.43861,359.96707,1
8.931,-0.02791,0.00094,-0.00195,0.03234,0.08095,-9.81281,40.0,0.17887,-0.42093,359.96707,1
8.941,-0.07865,-0.01878,-0.00187,0.02843,0.07857,-9.81066,40.0,0.19130,-0.44138,359.96698,1
8.951,0.10113,-0.06811,-0.00072,0.03284,0.08955,-9.80406,40.0,0.16855,-0.43474,359.96698,1
8.961,0.05854,0.01990,-0.00185,0.03466,0.07891,-9.79856,40.0,0.18440,-0.44962,359.96689,1
8.971,-0.06772,-0.01167,-0.00158,0.02937,0.06298,-9.80811,40.0,0.16642,-0.43396,359.96695,1
8.981,-0.09387,-0.02359,-0.00260,0.03321,0.06585,-9.81187,40.0,0.18631,-0.44380,359.96689,1
8.991,-0.01613,0.05842,-0.00482,0.02876,0.07280,-9.81030,40.0,0.16871,-0.42863,359.96692,1
9.001,-0.07465,0.06770,-0.00513,0.03301,0.06958,-9.80976,40.0,0.19413,-0.42938,359.96689,1
9.011,-0.11877,0.02809,-0.00422,0.03171,0.08015,-9.80072,40.0,0.17504,-0.42416,359.96686,1
9.021,0.01868,0.05694,-0.00772,0.03716,0.07239,-9.80026,40.0,0.19568,-0.43049,359.96680,1
9.031,-0.01656,-0.01861,-0.00754,0.04204,0.07247,-9.81191,40.0,0.17464,-0.42823,359.96674,1
9.041,-0.00839,0.01718,-0.00769,0.03504,0.07833,-9.81330,40.0,0.19690,-0.43471,359.96664,1
9.051,-0.02784,0.09524,-0.00838,0.03540,0.07761,-9.80798,40.0,0.17460,-0.43704,359.96655,1
9.061,-0.10121,0.08162,-0.00619,0.02973,0.06838,-9.80290,40.0,0.19669,-0.43145,359.96649,1
9.071,-0.06295,0.07683,-0.00548,0.03352,0.06785,-9.79516,40.0,0.17403,-0.43414,359.96643,1
9.081,-0.07015,0.03187,-0.00770,0.02901,0.05873,-9.80093,40.0,0.19319,-0.42103,359.96640,1
9.091,-0.02856,-0.00654,-0.00863,0.02705,0.06420,-9.81787,40.0,0.16915,-0.41887,359.96631,1
9.101,0.05315,0.04370,-0.00821,0.02637,0.06627,-9.81846,40.0,0.18749,-0.40310,359.96628,1
9.111,0.06228,0.06276,-0.00693,0.02925,0.07294,-9.80108,40.0,0.16675,-0.40912,359.96619,1
9.121,-0.00003,0.00510,-0.00447,0.02427,0.07845,-9.80614,40.0,0.18743,-0.39805,359.96616,1
9.131,-0.02397,0.00459,-0.00318,0.02829,0.06877,-9.81401,40.0,0.16823,-0.40897,359.96606,1
9.141,-0.01150,0.06904,-0.00301,0.02695,0.06206,-9.81108,40.0,0.18625,-0.39433,359.96603,1
9.151,-0.07302,0.09326,-0.00350,0.02945,0.06247,-9.80412,40.0,0.16726,-0.40580,359.96597,1
9.161,-0.00703,-0.04750,-0.00137,0.01849,0.07142,-9.80427,40.0,0.18050,-0.38578,359.96600,1
9.171,0.01707,0.04928,-0.00179,0.02312,0.07789,-9.80740,40.0,0.16158,-0.39670,359.96594,1
9.181,-0.06144,-0.00032,0.00043,0.03370,0.07751,-9.81460,40.0,0.18471,-0.39005,359.96594,1
9.191,-0.04758,0.02401,-0.00028,0.02902,0.07131,-9.80838,40.0,0.16904,-0.40492,359.96588,1
9.201,0.00270,-0.07395,0.00077,0.03015,0.06899,-9.80898,40.0,0.19153,-0.39629,359.96591,1
9.211,-0.00036,-0.08999,0.00008,0.03058,0.07402,-9.80629,40.0,0.17882,-0.41558,359.96585,1
9.221,-0.00266,0.05443,-0.00374,0.03070,0.07300,-9.81114,40.0,0.19969,-0.40642,359.96588,1
9.231,-0.02547,0.08795,-0.00493,0.03683,0.07260,-9.79836,40.0,0.17958,-0.41636,359.96582,1
9.241,-0.12178,-0.00731,-0.00536,0.03616,0.06949,-9.79931,40.0,0.20058,-0.40798,359.96582,1
9.251,-0.09290,0.04272,-0.00445,0.04171,0.06838,-9.80859,40.0,0.18258,-0.42248,359.96576,1
9.261,0.00748,-0.06666,-0.00144,0.03798,0.06493,-9.80910,40.0,0.20140,-0.41054,359.96573,1
9.271,0.04456,0.06360,-0.00155,0.04248,0.06071,-9.80937,40.0,0.18236,-0.42317,359.96567,1
9.281,0.03736,0.00571,-0.00521,0.04131,0.07087,-9.79769,40.0,0.20191,-0.41166,359.96567,1
9.291,0.03472,-0.03789,-0.01015,0.02893,0.07468,-9.80189,40.0,0.18257,-0.42387,359.96558,1
9.301,-0.01088,0.00967,-0.00693,0.02711,0.07322,-9.80942,40.0,0.20032,-0.40942,359.96558,1
9.311,0.01574,0.04962,-0.00536,0.02651,0.06376,-9.80932,40.0,0.17977,-0.41684,359.96548,1
9.321,0.00474,-0.06429,-0.00562,0.02016,0.07495,-9.81808,40.0,0.19908,-0.40952,359.96545,1
9.331,0.06571,0.04315,-0.00694,0.02378,0.07628,-9.81267,40.0,0.17649,-0.41661,359.96536,1
9.341,0.08932,0.04118,-0.00746,0.03396,0.07097,-9.81954,40.0,0.19635,-0.40851,359.96530,1
9.351,0.03235,-0.00299,-0.00845,0.03220,0.05993,-9.80439,40.0,0.17460,-0.40920,359.96524,1
9.361,-0.03357,-0.02013,-0.00671,0.02834,0.06464,-9.81331,40.0,0.19706,-0.40792,359.96518,1
9.371,-0.05921,0.03783,-0.00583,0.02980,0.07534,-9.81384,40.0,0.17411,-0.40790,359.96512,1
9.381,0.01986,-0.00401,-0.00308,0.03056,0.05866,-9.80809,40.0,0.19337,-0.39421,359.96509,1
9.391,0.05008,-0.02000,-0.00052,0.03959,0.07312,-9.80609,40.0,0.17747,-0.40324,359.96500,1
9.401,0.01762,-0.04789,0.00213,0.03695,0.07273,-9.82288,40.0,0.19800,-0.39793,359.96500,1
9.411,-0.01755,0.02735,-0.00079,0.03318,0.06953,-9.81452,40.0,0.18110,-0.40554,359.96494,1
9.421,-0.00826,-0.02979,-0.00158,0.02282,0.07712,-9.81123,40.0,0.19902,-0.39246,359.96497,1
9.431,-0.00563,0.07741,-0.00054,0.02490,0.07707,-9.80122,40.0,0.18537,-0.41054,359.96490,1
9.441,-0.04821,0.03207,-0.00211,0.02842,0.08011,-9.81511,40.0,0.20325,-0.39700,359.96497,1
9.451,0.00099,0.12269,-0.00504,0.02394,0.07232,-9.81736,40.0,0.18701,-0.41163,359.96490,1
9.461,-0.15633,0.07020,-0.00568,0.02826,0.07231,-9.80654,40.0,0.20657,-0.39948,359.96490,1
9.471,-0.12834,0.09370,-0.00452,0.03587,0.06052,-9.80540,40.0,0.19202,-0.41241,359.96481,1
9.481,-0.18376,0.08076,-0.00242,0.02670,0.07374,-9.81662,40.0,0.21216,-0.41041,359.96478,1
9.491,-0.00640,0.12004,-0.00204,0.03815,0.07295,-9.80932,40.0,0.19135,-0.41600,359.96472,1
9.501,0.01825,-0.01576,-0.00166,0.02767,0.07845,-9.80929,40.0,0.20879,-0.42514,359.96466,1
9.511,0.02720,-0.00311,-0.00189,0.03261,0.08061,-9.80351,40.0,0.18659,-0.43113,359.96460,1
9.521,0.00817,0.04461,-0.00505,0.03156,0.07844,-9.80126,40.0,0.20480,-0.44475,359.96454,1
9.531,0.00107,0.04133,-0.00574,0.03397,0.08361,-9.80929,40.0,0.18052,-0.44318,359.96451,1
9.541,-0.00163,0.04007,-0.00481,0.03213,0.07661,-9.80051,40.0,0.19923,-0.45563,359.96442,1
9.551,-0.04684,0.03931,-0.00331,0.02817,0.08880,-9.81482,40.0,0.17717,-0.45394,359.96439,1
9.561,0.00234,0.01792,-0.00193,0.03273,0.07867,-9.81444,40.0,0.19657,-0.46147,359.96432,1
9.571,-0.00051,-0.05489,-0.00259,0.03754,0.06888,-9.80843,40.0,0.17515,-0.45072,359.96432,1
9.581,-0.06806,-0.06160,-0.00402,0.03339,0.07102,-9.80902,40.0,0.19598,-0.45458,359.96426,1
9.591,0.08182,0.08744,-0.00309,0.03191,0.06589,-9.80333,40.0,0.17512,-0.44004,359.96429,1
9.601,0.05196,-0.02821,-0.00110,0.02527,0.06688,-9.81286,40.0,0.19768,-0.43523,359.96426,1
9.611,-0.00445,0.03488,-0.00344,0.02872,0.07321,-9.80777,40.0,0.17618,-0.42658,359.96426,1
9.621,-0.00330,-0.02690,-0.00612,0.03588,0.06979,-9.81473,40.0,0.19953,-0.42652,359.96423,1
9.631,0.01960,-0.09339,-0.00274,0.02687,0.05652,-9.81718,40.0,0.18022,-0.41202,359.96423,1
9.641,0.00595,-0.07592,-0.00082,0.03528,0.06930,-9.80656,40.0,0.20050,-0.41931,359.96420,1
9.651,0.04460,-0.02596,-0.00114,0.03258,0.06821,-9.80535,40.0,0.18105,-0.40446,359.96423,1
9.661,0.03775,-0.07153,0.00029,0.03739,0.06787,-9.81086,40.0,0.20325,-0.40758,359.96420,1
9.671,-0.09776,-0.04673,-0.00137,0.03034,0.07062,-9.81284,40.0,0.18140,-0.39934,359.96423,1
9.681,-0.06146,0.00629,-0.00138,0.03361,0.06875,-9.81073,40.0,0.20183,-0.40818,359.96417,1
9.691,-0.00364,0.04835,-0.00818,0.03184,0.07395,-9.81285,40.0,0.18081,-0.40196,359.96420,1
9.701,0.10682,0.06495,-0.01116,0.04018,0.07301,-9.80200,40.0,0.20153,-0.41119,359.96411,1
9.711,0.01678,0.02747,-0.01063,0.03132,0.07557,-9.81535,40.0,0.17950,-0.41097,359.96405,1
9.721,-0.06165,-0.00863,-0.01058,0.03694,0.07067,-9.81173,40.0,0.20166,-0.41590,359.96393,1
9.731,0.01875,-0.00024,-0.00724,0.03330,0.07166,-9.79850,40.0,0.17921,-0.41715,359.96384,1
9.741,0.00529,0.00268,-0.00450,0.03485,0.06911,-9.79642,40.0,0.20169,-0.41692,359.96375,1
9.751,-0.08855,0.04627,-0.00397,0.02660,0.05326,-9.80135,40.0,0.18021,-0.40606,359.96368,1
9.761,-0.05750,-0.02269,-0.00501,0.02032,0.06202,-9.80912,40.0,0.20006,-0.40738,359.96362,1
9.771,0.04245,-0.00549,-0.00341,0.03577,0.06550,-9.80351,40.0,0.18081,-0.39528,359.96362,1
9.781,0.03628,0.02232,-0.00244,0.02684,0.06375,-9.80703,40.0,0.19813,-0.39844,359.96359,1
9.791,0.05587,0.05458,-0.00194,0.03226,0.05726,-9.81438,40.0,0.18238,-0.38561,359.96359,1
9.801,0.13092,-0.10475,0.00203,0.03139,0.06362,-9.81128,40.0,0.19652,-0.40154,359.96353,1
9.811,0.04878,-0.12326,0.00077,0.03393,0.06906,-9.81603,40.0,0.18318,-0.38292,359.96359,1
9.821,0.06125,-0.08705,-0.00182,0.02604,0.07993,-9.81186,40.0,0.18841,-0.40276,359.96353,1
9.831,-0.00053,-0.03062,0.00130,0.03192,0.07528,-9.81331,40.0,0.18159,-0.38192,359.96359,1
9.841,-0.00300,0.12010,-0.00021,0.02841,0.07044,-9.80200,40.0,0.18203,-0.40377,359.96356,1
9.851,-0.02528,0.07002,-0.00318,0.03880,0.07169,-9.80374,40.0,0.18583,-0.38538,359.96362,1
9.861,0.18763,-0.01227,-0.00237,0.03975,0.07808,-9.80732,40.0,0.19009,-0.40928,359.96353,1
9.871,0.02495,0.08385,-0.00554,0.04897,0.08060,-9.80882,40.0,0.21207,-0.39883,359.96353,1
9.881,0.00778,0.01331,-0.00680,0.04662,0.07558,-9.80929,40.0,0.21305,-0.42350,359.96341,1
9.891,-0.04313,0.00760,-0.00734,0.02806,0.07939,-9.80040,40.0,0.23148,-0.40776,359.96341,1
9.901,-0.08435,-0.03773,-0.00738,0.02688,0.06907,-9.80295,40.0,0.22036,-0.42639,359.96329,1
9.911,-0.03478,0.07440,-0.00966,0.03815,0.06527,-9.81292,40.0,0.23480,-0.40915,359.96329,1
9.921,-0.03791,0.11709,-0.00844,0.04241,0.06088,-9.82260,40.0,0.21119,-0.41688,359.96317,1
9.931,0.00544,0.09064,-0.00397,0.03521,0.06798,-9.81737,40.0,0.22497,-0.39838,359.96317,1
9.941,-0.04350,-0.02740,-0.00186,0.03262,0.06768,-9.80359,40.0,0.20546,-0.40997,359.96307,1
9.951,-0.04139,0.09971,-0.00457,0.03450,0.07058,-9.80426,40.0,0.22367,-0.39611,359.96307,1
9.961,0.00483,-0.02351,-0.00724,0.02626,0.06868,-9.81322,40.0,0.20337,-0.40506,359.96298,1
9.971,0.02173,0.03695,-0.00653,0.03789,0.07992,-9.81100,40.0,0.22364,-0.40514,359.96292,1
9.981,-0.06036,0.08101,-0.00763,0.03644,0.07528,-9.81298,40.0,0.20349,-0.41465,359.96283,1
9.991,-0.02448,-0.03079,-0.00619,0.04472,0.07360,-9.81681,40.0,0.22515,-0.41523,359.96277,1
10.001,0.07666,0.05608,-0.00618,0.03298,0.08765,-9.82105,40.0,0.20488,-0.43293,359.96262,1
10.011,0.02643,0.15324,-0.00741,0.02573,0.08405,-9.81082,40.0,0.22815,-0.43647,359.96252,1
10.021,-0.01405,0.08268,-0.00652,0.02893,0.07976,-9.80405,40.0,0.20730,-0.44143,359.96243,1
10.031,-0.07338,0.01245,-0.00535,0.01530,0.07800,-9.80714,40.0,0.19362,-0.43380,359.96237,1
10.041,0.01428,0.00780,-0.00379,0.03674,0.07165,-9.80868,40.0,0.17612,-0.43592,359.96231,1
10.051,-0.06223,-0.05917,-0.00272,0.03600,0.08395,-9.80624,40.0,0.18649,-0.45345,359.96219,1
10.061,-0.11528,0.15168,-0.00433,0.03282,0.07382,-9.80817,40.0,0.16900,-0.45542,359.96213,1
10.071,-0.00141,0.01797,-0.00386,0.03759,0.06406,-9.80603,40.0,0.18541,-0.43218,359.96216,1
10.081,0.06415,-0.03296,-0.00544,0.03054,0.06617,-9.80216,40.0,0.20238,-0.44359,359.96210,1
10.091,0.02213,0.05471,-0.00647,0.03090,0.05810,-9.79775,40.0,0.20760,-0.42014,359.96213,1
10.101,-0.06038,0.10930,-0.00836,0.03981,0.06991,-9.79624,40.0,0.20478,-0.39752,359.96216,1
10.111,0.06289,0.10961,-0.01204,0.03128,0.08027,-9.80140,40.0,0.19359,-0.37888,359.96213,1
10.121,0.04406,0.06629,-0.00798,0.03709,0.06945,-9.79462,40.0,0.18702,-0.39508,359.96198,1
10.131,0.03785,-0.07930,-0.00329,0.03627,0.08307,-9.78910,40.0,0.17932,-0.41031,359.96182,1
10.141,-0.01042,0.10137,-0.00121,0.02699,0.08230,-9.79862,40.0,0.17889,-0.42958,359.96167,1
10.151,-0.05064,0.12723,-0.00002,0.02642,0.07907,-9.80229,40.0,0.16416,-0.44185,359.96158,1
10.161,-0.04266,-0.03479,0.00019,0.02909,0.07789,-9.80962,40.0,0.17965,-0.45604,359.96152,1
10.171,0.00456,-0.09640,-0.00014,0.03315,0.07448,-9.80657,40.0,0.16184,-0.47077,359.96146,1
10.181,-0.13285,-0.01336,-0.00201,0.02569,0.07314,-9.81705,40.0,0.17331,-0.45094,359.96152,1
10.191,-0.03041,-0.02368,-0.00598,0.03483,0.06381,-9.81237,40.0,0.15347,-0.46418,359.96149,1
10.201,0.03036,0.03702,-0.00649,0.02650,0.06014,-9.81041,40.0,0.16361,-0.44333,359.96152,1
10.211,-0.05675,0.03802,-0.00726,0.02912,0.06474,-9.81565,40.0,0.14390,-0.45661,359.96143,1
10.221,-0.06868,0.14606,-0.00475,0.03901,0.06362,-9.81777,40.0,0.15608,-0.43704,359.96143,1
10.231,-0.00631,0.10170,-0.00233,0.04565,0.07212,-9.82159,40.0,0.17741,-0.43802,359.96136,1
10.241,-0.02637,0.04148,-0.00173,0.03647,0.06931,-9.81698,40.0,0.19333,-0.42077,359.96133,1
10.251,-0.03406,0.01849,-0.00387,0.02689,0.07711,-9.82399,40.0,0.19521,-0.44458,359.96124,1
10.261,-0.01490,0.00984,-0.00481,0.02923,0.08898,-9.81500,40.0,0.21039,-0.42749,359.96124,1
10.271,-0.02971,0.00641,-0.00770,0.02743,0.07862,-9.79676,40.0,0.20698,-0.44978,359.96112,1
10.281,-0.01328,0.00524,-0.00947,0.01752,0.09244,-9.81033,40.0,0.17435,-0.44767,359.96106,1
10.291,-0.00729,0.04780,-0.00786,0.02580,0.07705,-9.80679,40.0,0.17396,-0.46911,359.96094,1
10.301,-0.02679,0.02091,-0.00768,0.03471,0.08606,-9.81145,40.0,0.16761,-0.44591,359.96094,1
10.311,-0.05617,-0.01101,-0.00701,0.04118,0.07175,-9.81322,40.0,0.17502,-0.46391,359.96078,1
10.321,-0.04451,-0.13059,-0.00632,0.02877,0.08097,-9.81373,40.0,0.16666,-0.44663,359.96075,1
10.331,-0.04089,-0.06872,-0.01091,0.03307,0.07564,-9.80519,40.0,0.18512,-0.46066,359.96063,1
10.341,0.00327,0.14873,-0.01244,0.03469,0.06474,-9.80779,40.0,0.17876,-0.43722,359.96060,1
10.351,0.06613,-0.00453,-0.00641,0.02953,0.05752,-9.79986,40.0,0.19856,-0.44673,359.96048,1
10.361,-0.02034,-0.06374,-0.00407,0.02445,0.06662,-9.80272,40.0,0.18388,-0.42857,359.96045,1
10.371,0.03453,-0.02130,-0.00494,0.02844,0.06718,-9.80388,40.0,0.21020,-0.42889,359.96039,1
10.381,0.07758,-0.00495,-0.00525,0.02706,0.07031,-9.79840,40.0,0.19377,-0.41470,359.96036,1
10.391,0.02773,0.00089,-0.00580,0.01753,0.06555,-9.81089,40.0,0.19539,-0.39471,359.96036,1
10.401,0.00903,-0.03990,-0.00372,0.02874,0.06977,-9.80705,40.0,0.17645,-0.38639,359.96036,1
10.411,0.00095,0.07356,-0.00355,0.03001,0.06249,-9.81435,40.0,0.18535,-0.36550,359.96036,1
10.421,-0.02377,0.05224,-0.00422,0.03329,0.08050,-9.82018,40.0,0.16856,-0.36134,359.96033,1
10.431,-0.09964,0.06520,-0.00305,0.03167,0.08436,-9.81647,40.0,0.17278,-0.38505,359.96021,1
10.441,-0.04026,0.07069,-0.00403,0.03415,0.08582,-9.80332,40.0,0.17773,-0.40913,359.96008,1
10.451,-0.06079,-0.05652,-0.00099,0.03500,0.08641,-9.80713,40.0,0.18235,-0.43325,359.95999,1
10.461,-0.02539,0.02419,-0.00114,0.03536,0.06888,-9.81442,40.0,0.18192,-0.45652,359.95990,1
10.471,0.01068,-0.00936,-0.00154,0.02367,0.06799,-9.81411,40.0,0.16734,-0.47136,359.95984,1
10.481,0.06852,-0.00041,0.00043,0.02829,0.05583,-9.80231,40.0,0.16874,-0.44582,359.95990,1
10.491,0.04612,0.04575,0.00179,0.04165,0.06024,-9.81272,40.0,0.18910,-0.43993,359.95990,1
10.501,-0.00617,-0.00140,0.00124,0.02901,0.06768,-9.81351,40.0,0.18794,-0.41471,359.95999,1
10.511,-0.04902,0.08798,0.00073,0.03328,0.06165,-9.79920,40.0,0.19940,-0.39450,359.96005,1
10.521,0.02314,0.10116,-0.00052,0.03475,0.06828,-9.80259,40.0,0.21596,-0.37895,359.96011,1
10.531,0.02924,0.02004,0.00039,0.03236,0.06486,-9.80676,40.0,0.22325,-0.35862,359.96017,1
10.541,-0.01294,0.03179,-0.00020,0.03424,0.07843,-9.81433,40.0,0.20408,-0.36343,359.96014,1
10.551,-0.05131,0.05765,-0.00138,0.01738,0.07452,-9.80812,40.0,0.18535,-0.37030,359.96011,1
10.561,0.00079,0.00342,-0.00113,0.03155,0.08212,-9.80901,40.0,0.17511,-0.39447,359.96002,1
10.571,0.01944,0.15475,-0.00155,0.03696,0.08503,-9.80935,40.0,0.16562,-0.41914,359.95996,1
10.581,0.00543,0.08338,0.00072,0.03010,0.08903,-9.81230,40.0,0.16372,-0.44712,359.95984,1
10.591,-0.06636,0.07721,0.00114,0.04217,0.08777,-9.82246,40.0,0.16534,-0.47551,359.95975,1
10.601,0.03863,0.09717,0.00213,0.02629,0.08407,-9.81132,40.0,0.18301,-0.47638,359.95972,1
10.611,-0.00937,0.06126,-0.00123,0.03803,0.07097,-9.80728,40.0,0.19791,-0.48862,359.95966,1
10.621,0.03825,0.09097,-0.00392,0.02758,0.07475,-9.81439,40.0,0.20427,-0.47205,359.95969,1
10.631,-0.14180,0.01508,-0.00599,0.03252,0.06442,-9.81719,40.0,0.21455,-0.45933,359.95972,1
10.641,0.03262,-0.03393,-0.00633,0.03452,0.06636,-9.80651,40.0,0.20750,-0.43846,359.95975,1
10.651,0.03282,-0.03155,-0.00566,0.02652,0.06107,-9.79639,40.0,0.21316,-0.41764,359.95978,1
10.661,0.03288,-0.03064,-0.00614,0.02329,0.05910,-9.80725,40.0,0.18748,-0.40553,359.95975,1
10.671,0.03327,-0.07332,-0.00194,0.03088,0.07028,-9.80862,40.0,0.19892,-0.38748,359.95978,1
10.681,-0.05604,0.06038,-0.00042,0.03379,0.06863,-9.81206,40.0,0.17763,-0.40100,359.95969,1
10.691,-0.04506,-0.01731,-0.00150,0.02321,0.06785,-9.80144,40.0,0.18342,-0.37922,359.95972,1
10.701,0.00285,0.01780,-0.00267,0.02798,0.07652,-9.79753,40.0,0.17513,-0.40087,359.95963,1
10.711,0.04357,-0.01166,-0.00142,0.03852,0.07109,-9.81380,40.0,0.19341,-0.38585,359.95966,1
10.721,0.01511,-0.04470,0.00051,0.03097,0.07475,-9.79631,40.0,0.17987,-0.40322,359.95959,1
10.731,-0.01878,0.07157,0.00120,0.03089,0.07622,-9.80145,40.0,0.20007,-0.39011,359.95963,1
10.741,-0.03142,0.07298,0.00132,0.03380,0.07977,-9.80346,40.0,0.19498,-0.41387,359.95956,1
10.751,0.00874,-0.03375,0.00333,0.03205,0.07219,-9.80122,40.0,0.20843,-0.39624,359.95963,1
10.761,0.00132,0.01138,0.00075,0.02544,0.06334,-9.80615,40.0,0.19068,-0.41193,359.95959,1
10.771,0.04264,0.02890,-0.00321,0.02583,0.07183,-9.80517,40.0,0.20572,-0.39601,359.95966,1
10.781,0.03648,0.01396,-0.00564,0.03193,0.06329,-9.80778,40.0,0.18397,-0.40685,359.95959,1
10.791,0.12222,0.05179,-0.00379,0.02557,0.05396,-9.79687,40.0,0.18892,-0.38115,359.95966,1
10.801,0.08917,0.00132,-0.00193,0.02891,0.05642,-9.80163,40.0,0.17141,-0.39483,359.95959,1
10.811,0.09815,0.04670,-0.00323,0.03905,0.06928,-9.79772,40.0,0.18822,-0.37847,359.95959,1
10.821,0.07950,0.06389,-0.00247,0.02223,0.07399,-9.79593,40.0,0.16871,-0.38938,359.95953,1
10.831,0.05058,0.02732,-0.00343,0.02451,0.08480,-9.80423,40.0,0.18957,-0.39517,359.95947,1
10.841,0.06151,0.03497,-0.00047,0.02255,0.08591,-9.79852,40.0,0.17699,-0.41784,359.95938,1
10.851,0.04421,-0.04825,0.00018,0.03954,0.08058,-9.79952,40.0,0.19824,-0.42341,359.95935,1
10.861,-0.02930,0.00557,0.00079,0.02820,0.09320,-9.79969,40.0,0.17921,-0.44927,359.95923,1
10.871,0.07536,0.00543,0.00262,0.02980,0.09511,-9.79983,40.0,0.20132,-0.46703,359.95917,1
10.881,0.07066,0.06962,0.00158,0.03340,0.08402,-9.80284,40.0,0.18040,-0.46971,359.95917,1
10.891,-0.04144,0.07196,0.00202,0.03473,0.08276,-9.80694,40.0,0.20401,-0.48240,359.95914,1
10.901,-0.01797,0.07326,0.00256,0.03217,0.07637,-9.82022,40.0,0.18461,-0.48295,359.95917,1
10.911,-0.09724,0.05171,0.00199,0.03136,0.07092,-9.81351,40.0,0.20999,-0.47800,359.95920,1
10.921,-0.12803,0.10801,-0.00204,0.02812,0.07471,-9.80503,40.0,0.19040,-0.46758,359.95923,1
10.931,0.03716,0.10908,-0.00030,0.02095,0.06429,-9.81051,40.0,0.20231,-0.44402,359.95932,1
10.941,-0.03164,0.02264,0.00430,0.01834,0.06026,-9.80083,40.0,0.17759,-0.43120,359.95938,1
10.951,-0.08036,0.03251,0.00272,0.01722,0.06764,-9.80304,40.0,0.18296,-0.40757,359.95944,1
10.961,-0.07707,0.05793,-0.00091,0.02848,0.07653,-9.81290,40.0,0.15990,-0.40508,359.95947,1
10.971,-0.09727,-0.01852,-0.00086,0.02702,0.07686,-9.80480,40.0,0.16589,-0.38196,359.95953,1
10.981,0.07096,0.06090,-0.00344,0.03810,0.08011,-9.81660,40.0,0.16063,-0.40209,359.95947,1
10.991,0.02505,0.04755,-0.00512,0.04541,0.07839,-9.81231,40.0,0.19160,-0.39713,359.95947,1
10.991,0.02505,0.04755,-0.00512,0.04541,0.07839,-9.81231,40.0,0.19160,-0.39713,359.95947,1
#2025/12/16 15:23:36
