#2025/12/15 13:47:37
mcu_time,latitude,longitude,altitude,utc_year,utc_month,utc_day,utc_hour,utc_minute,utc_second,utc_millisecond,gps_status_code
164.089,25.063726,121.280723,48.36,2002,12,15,5,47,35,800,0
165.119,25.063724,121.280722,48.48,2002,12,15,5,47,35,800,0
168.180,25.063723,121.280722,48.57,2002,12,15,5,47,35,800,0
169.200,25.063723,121.280721,48.58,2002,12,15,5,47,35,800,0
172.269,25.063722,121.280721,48.58,2011,8,14,5,47,45,400,0
173.291,25.063722,121.280721,48.56,2011,8,14,5,47,45,400,0
176.350,25.063722,121.280721,4.00,2003,8,14,5,47,50,200,0
177.372,25.063722,121.280721,48.56,2003,8,14,5,47,50,200,0
180.451,25.063722,121.280721,48.56,2003,8,14,5,47,50,200,0
181.469,25.063722,121.280721,4.00,2003,8,14,5,47,50,200,0
184.531,25.063722,121.280721,48.56,2003,8,14,5,47,50,200,0
187.581,25.063722,121.280721,48.55,2003,8,14,5,47,50,200,0
188.610,25.063722,121.280721,48.55,2025,12,15,5,48,3,400,0
191.659,25.063722,121.280721,4.00,2025,12,15,5,48,3,400,0
194.720,25.063722,548.170000,30.00,2025,12,15,5,48,3,400,3
197.779,25.063721,121.280721,3.00,2025,12,15,5,48,3,400,0
198.802,25.063721,121.280721,48.56,2025,12,15,5,48,3,400,0
201.860,25.063721,121.280202,48.56,2025,12,15,5,48,15,200,0
204.920,25.063721,121.280721,35.00,2025,12,15,5,48,15,200,3
205.939,25.063720,121.280721,48.64,2025,12,15,5,48,20,800,0
209.001,25.063720,121.280722,48.66,2025,12,15,5,48,24,400,0
210.030,25.063720,121.280722,48.69,2025,12,15,5,48,24,400,0
213.090,25.063719,121.280722,48.69,2025,12,15,5,48,24,400,0
216.151,25.063719,121.280722,48.75,2025,12,15,5,48,24,400,3
217.170,25.063719,121.280722,48.75,2025,12,15,5,48,24,400,3
220.239,25.063718,121.280722,48.85,2025,12,15,5,48,35,400,0
221.259,25.063718,121.280723,4.00,2025,12,15,5,48,36,0,0
224.319,25.063717,121.280723,48.88,2025,12,15,5,48,36,0,0
227.381,25.063717,121.280723,48.88,2025,12,15,5,48,36,0,0
228.400,25.063717,121.280723,148.07,2025,12,15,5,48,36,0,0
231.459,25.063717,121.280723,48.86,2025,12,15,5,48,45,400,0
235.549,25.063717,121.280723,48.85,2025,12,15,5,48,45,400,0
236.559,25.063717,121.280723,48.85,2025,12,15,5,48,45,400,0
238.602,25.063717,121.280723,48.85,2025,12,15,5,48,45,400,3
239.629,25.063717,121.280723,0.00,2025,12,15,5,48,45,400,0
242.689,25.063717,121.280723,148.06,2025,12,15,5,48,45,400,0
243.720,25.063717,121.280723,48.84,2025,12,15,5,48,45,400,0
246.779,25.063717,121.280723,0.00,2025,12,15,5,48,59,400,2
249.839,25.063716,121.280723,48.85,2025,12,15,5,49,4,600,0
250.859,25.063716,121.280723,48.85,2025,12,15,5,49,4,600,0
252.889,25.063716,121.280723,48.86,2025,12,15,5,49,4,600,0
253.909,25.063716,121.280723,48.87,2025,12,15,5,49,4,600,0
256.969,25.063715,121.280724,48.88,2025,12,15,5,49,10,600,0
260.019,25.063715,121.280724,48.80,2025,12,15,5,49,10,600,0
263.079,25.063714,121.280724,48.93,2025,12,15,5,49,10,600,0
264.099,25.063714,121.280724,0.00,2025,12,15,5,49,10,600,0
267.159,25.063714,121.280724,48.98,2025,12,15,5,49,10,600,3
270.209,25.063714,121.280724,49.02,2025,12,15,5,49,10,600,0
273.269,25.063714,121.266667,12116.84,2025,12,15,5,49,26,800,3
274.290,25.063714,121.266667,12116.84,2025,12,15,5,49,26,800,3
277.359,25.063713,121.280724,0.00,2001,8,14,5,49,32,600,0
278.380,25.063713,121.280724,49.10,2001,8,14,5,49,32,600,0
281.439,25.063713,121.280724,49.12,2001,8,14,5,49,32,600,0
284.499,25.063713,121.280724,49.14,2001,8,14,5,49,32,600,0
285.519,25.063713,121.280724,49.14,2001,8,14,5,49,32,600,0
288.580,25.063712,121.280724,49.20,2001,8,14,5,49,43,0,0
291.640,25.063712,121.280725,49.21,2001,8,14,5,49,43,0,3
292.669,25.063712,121.280724,300.22,2001,8,14,5,49,43,0,3
295.720,25.063711,121.280725,49.24,2001,8,14,5,49,43,0,0
296.749,25.063711,121.280725,49.24,2025,12,15,5,49,51,400,0
298.779,25.063711,121.280725,49.25,2025,12,15,5,49,52,600,0
299.799,25.063711,121.280725,49.25,2025,12,15,5,49,52,600,0
302.859,25.063713,121.280721,49.87,2025,12,15,5,49,52,600,3
306.949,25.063715,121.280718,50.30,2025,12,15,5,50,1,600,3
310.009,25.063715,121.280717,5.00,2025,12,15,5,50,1,600,0
311.029,25.063715,121.280716,50.58,2025,12,15,5,50,1,600,0
314.089,25.063715,121.280715,5.00,2025,12,15,5,50,6,600,0
317.149,25.063715,121.280715,50.00,2025,12,15,5,50,6,600,3
318.171,25.063715,121.280715,50.74,2000,0,0,5,50,13,400,3
321.240,25.063714,121.280715,50.70,2000,0,0,5,50,13,400,3
322.259,25.063714,121.280715,50.70,2000,0,0,5,50,13,400,3
324.290,25.063713,121.280715,50.67,2000,0,0,5,50,13,400,3
325.309,25.063713,121.280715,50.67,2000,0,0,5,50,13,400,3
328.369,25.063712,121.280715,50.69,2000,0,0,5,50,23,400,3
331.429,25.063712,121.280715,50.70,2000,0,0,5,50,23,400,3
332.449,25.063711,121.280715,50.69,2000,0,0,5,50,23,400,3
335.509,25.063710,121.280715,50.69,2000,0,0,5,50,23,400,3
339.599,25.063709,121.280716,0.00,2000,0,0,5,50,23,400,3
342.660,25.063708,121.280716,50.64,2000,0,0,5,50,23,400,3
343.689,25.063708,121.280716,50.65,2000,0,0,5,50,23,400,3
346.749,25.063708,121.280716,50.54,2000,0,0,5,50,23,400,3
347.770,25.063708,121.280716,50.47,2000,0,1,5,50,42,600,3
350.839,25.063707,121.280717,50.36,2025,12,15,5,50,43,800,0
351.859,25.063707,121.280717,50.32,2000,0,0,5,50,46,400,3
354.919,25.063707,121.280717,50.24,2000,0,0,5,50,48,200,3
357.980,25.063707,121.280718,50.10,2025,12,15,5,50,53,400,0
358.999,25.063700,0.000000,50.10,2025,12,15,5,50,53,400,0
362.059,25.063707,121.280718,49.97,2025,12,15,5,50,53,400,0
365.119,25.063707,121.280718,49.88,2025,12,15,5,50,58,600,0
367.150,25.063707,121.280718,49.88,2025,12,15,5,50,58,600,0
368.170,25.063706,121.280718,49.78,2025,12,15,5,50,58,600,0
369.189,25.063706,121.280718,49.77,2025,12,15,5,51,4,0,0
372.250,25.063707,121.280718,49.63,2025,12,15,5,51,4,0,0
375.309,25.063707,121.280718,49.53,2000,1,15,5,51,9,200,0
376.329,25.063707,121.280718,49.53,2000,1,15,5,51,9,200,0
379.390,25.063706,121.280719,49.38,2000,1,15,5,51,9,200,0
382.439,25.063707,121.280719,49.34,2000,1,15,5,51,9,200,0
385.500,25.050000,0.000000,0.00,2025,12,15,5,51,19,800,2
386.519,25.063707,121.280720,3.00,2025,12,15,5,51,19,800,0
389.589,25.063706,121.280721,2.00,2025,12,15,5,51,24,800,2
390.609,25.063707,121.280721,4.90,2092,7,14,5,51,25,800,0
392.640,25.063706,121.280721,4.00,2092,7,14,5,51,25,800,0
393.670,25.063706,121.280721,4.00,2092,7,14,5,51,25,800,3
396.730,25.063706,121.280722,48.70,2025,12,15,5,51,30,400,0
397.749,25.063706,121.280722,48.70,2025,12,15,5,51,30,400,0
400.799,25.063706,121.280722,48.53,2002,12,15,5,51,35,600,3
403.869,25.063706,121.280722,48.41,2002,12,15,5,51,35,600,0
404.889,25.063705,121.280722,48.37,2025,12,15,5,51,39,400,3
406.931,25.063705,121.280723,48.31,2000,0,1,5,51,41,0,3
407.960,25.063705,121.280723,48.28,2000,0,1,5,51,41,0,3
411.020,25.063704,121.280723,0.00,2000,0,1,5,51,41,0,3
412.040,25.063704,121.280724,148.08,2000,0,1,5,51,41,0,3
416.139,25.063703,121.280724,48.01,2025,12,15,5,51,49,800,0
419.199,25.063704,121.280725,47.88,2025,12,15,5,51,53,400,3
420.219,25.063705,121.280725,47.81,2025,12,15,5,51,53,400,0
422.252,25.064739,0.005000,0.00,2025,12,15,5,51,53,400,0
423.279,25.064739,0.005000,0.00,2025,12,15,5,51,53,400,0
426.330,25.063706,121.280725,47.00,2025,12,15,5,51,53,400,0
429.389,25.063714,121.280726,47.69,2025,12,15,5,51,53,400,0
430.410,25.063712,121.280726,1.00,2025,12,15,5,52,4,800,1
433.459,25.063712,121.280727,1.00,2025,12,15,5,52,4,800,1
436.519,25.063712,121.280726,47.67,2025,12,15,5,52,4,800,1
440.609,25.063714,121.280726,47.71,2025,12,15,5,52,15,600,1
443.659,25.063714,121.280725,0.00,2025,12,15,5,52,15,600,1
446.719,25.063716,121.280724,47.64,2025,12,15,5,52,20,600,3
447.739,25.063716,121.280724,47.68,2025,12,15,5,52,20,600,1
450.789,25.063717,121.280724,47.57,2025,12,15,5,52,20,600,1
453.850,25.063717,121.280724,47.52,2025,12,15,5,52,27,0,1
456.899,25.063717,121.280724,47.43,2025,12,15,5,52,27,0,3
459.950,25.063718,121.280724,47.44,2025,12,15,5,52,27,0,1
463.009,552.636667,0.000000,0.69,2025,12,15,5,52,27,0,3
464.029,25.063717,121.280723,47.44,2025,12,15,5,52,38,800,1
466.059,25.063717,121.280723,47.44,2025,12,15,5,52,38,800,1
467.079,25.063717,121.280723,47.45,2025,12,15,5,52,38,800,1
470.149,25.063717,121.280723,47.43,2025,12,15,5,52,44,0,1
473.199,25.063718,121.280722,47.72,2025,12,15,5,52,44,0,1
474.220,25.063718,1.350000,0.00,2025,12,15,5,52,44,0,2
477.269,25.063719,121.280720,4.00,2025,12,15,5,52,44,0,1
480.330,25.063720,121.280719,48.26,2025,12,15,5,52,44,0,3
483.380,25.063720,121.280719,48.30,2025,12,15,5,52,44,0,1
484.409,25.063719,121.280719,48.28,2025,12,15,5,52,59,600,1
487.459,25.063718,121.280720,0.00,2025,12,15,5,52,59,600,3
489.489,25.063718,121.280720,48.15,2025,12,15,5,52,59,600,1
490.509,25.063718,121.280720,48.18,2025,12,15,5,52,59,600,1
493.559,25.063718,121.280720,48.21,2025,12,15,5,52,59,600,1
496.609,25.063718,121.280720,48.23,2025,12,15,5,52,59,600,1
499.669,25.063718,121.280720,48.24,2025,12,15,5,52,59,600,1
502.729,25.063718,121.280720,48.24,2000,1,15,5,53,17,600,3
503.749,25.063718,121.280720,48.23,2000,1,15,5,53,17,600,1
505.779,25.063718,121.280720,48.24,2000,1,15,5,53,17,600,1
509.849,25.063718,121.268600,48.25,2025,12,15,5,53,24,200,2
511.879,25.063718,121.280720,4.00,2025,12,15,5,53,24,200,1
512.899,25.063718,121.280720,4.00,2025,12,15,5,53,24,200,1
515.959,25.063718,121.280720,48.21,2025,12,15,5,53,28,600,1
519.009,25.063718,121.280720,48.19,2025,12,15,5,53,33,600,1
522.071,0.000000,2.240000,0.00,2025,12,15,5,53,33,600,1
523.089,25.063718,121.280720,48.19,2025,12,15,5,53,33,600,1
526.160,25.063718,121.280720,4.00,2025,12,15,5,53,40,600,1
527.182,25.063718,121.280720,48.00,2025,12,15,5,53,40,600,3
540.489,25.063718,121.280720,48.21,2025,12,15,5,53,53,800,1
543.549,25.063718,121.280720,48.21,2025,12,15,5,53,58,600,1
546.599,25.063718,121.280720,48.21,2025,12,15,5,53,59,800,1
549.659,25.063718,121.280720,48.20,2025,12,15,5,54,3,600,1
550.679,25.063718,121.280720,48.20,2025,12,15,5,54,3,600,1
552.709,25.063718,121.280720,48.20,2025,12,15,5,54,3,600,1
553.729,25.063718,121.280720,48.20,2025,12,15,5,54,3,600,1
556.779,25.063718,121.280720,48.21,2025,12,15,5,54,3,600,1
559.839,25.063718,121.280720,48.22,2025,12,15,5,54,3,600,1
562.899,25.063718,121.280720,48.00,2025,12,15,5,54,15,600,1
565.949,25.063718,121.280720,48.25,2025,12,15,5,54,15,600,1
566.969,25.063718,121.280720,48.25,2025,12,15,5,54,15,600,1
568.999,25.063718,121.280720,48.25,2025,12,15,5,54,15,600,1
570.019,25.063718,121.280720,1.00,2025,12,15,5,54,15,600,2
573.069,25.063718,121.280720,48.26,2025,12,15,5,54,27,600,1
576.119,25.063718,121.280720,48.26,2025,12,15,5,54,27,600,1
579.179,25.063718,121.280720,48.00,2025,12,15,5,54,33,400,1
582.239,25.063718,121.280720,48.26,2025,12,15,5,54,33,400,1
583.259,25.063718,121.280720,48.26,2025,12,15,5,54,33,400,3
586.320,25.063718,121.280720,48.25,2000,0,0,5,54,39,400,3
589.379,25.063718,121.280720,0.00,2025,12,15,5,54,43,600,1
590.399,25.063718,121.280720,48.25,2025,12,15,5,54,43,600,1
592.429,25.063718,121.280720,48.24,2025,12,15,5,54,43,600,1
593.449,25.063718,121.280720,48.24,2025,12,15,5,54,48,600,1
596.500,25.063718,121.280720,48.23,2000,12,15,5,54,50,0,1
599.560,25.063718,121.280720,48.23,2000,12,15,5,54,50,0,1
602.609,25.063718,121.280720,48.22,2025,12,15,5,54,55,800,1
605.669,25.063718,121.280719,48.19,2025,12,15,5,54,55,800,1
606.689,25.063718,121.280719,4.00,2025,12,15,5,54,55,800,1
609.749,25.063719,121.280719,48.24,2000,1,15,5,55,4,600,3
612.799,25.063720,121.280718,48.25,2025,12,15,5,55,6,800,1
615.859,25.063722,121.280717,48.27,2025,12,15,5,55,6,800,1
618.909,25.063723,121.280716,48.28,2000,1,15,5,55,12,200,1
621.959,25.063724,121.280716,48.28,2000,1,15,5,55,12,200,1
622.979,25.063724,121.280716,48.28,2000,1,15,5,55,18,200,1
625.010,25.063724,121.280715,48.28,2000,1,15,5,55,18,200,1
626.030,25.063724,121.280715,0.00,2000,1,15,5,55,18,200,1
629.101,25.063724,121.280715,48.25,2025,12,15,5,55,23,600,1
630.120,25.063724,121.280715,48.25,2025,12,15,5,55,23,600,1
633.179,25.063724,121.280715,48.24,2025,12,15,5,55,23,600,3
636.230,25.063724,121.280715,0.00,2025,12,15,5,55,28,600,3
637.259,25.063724,121.280715,1.00,2025,12,15,5,55,28,600,3
639.289,25.063724,121.280715,4.00,2025,12,15,5,55,28,600,1
640.309,25.063724,121.280715,48.23,2025,12,15,5,55,28,600,1
643.369,25.063724,121.280715,0.00,2025,12,15,5,55,38,400,1
647.450,25.063724,121.280715,48.22,2025,12,15,5,55,39,400,1
650.519,25.063724,121.280715,48.22,2025,12,15,5,55,44,400,1
651.539,25.063724,121.280715,48.21,2025,12,15,5,55,44,400,1
654.609,25.063724,0.019167,48.16,2025,12,15,5,55,48,400,3
655.632,25.063724,121.280715,48.14,2025,12,15,5,55,48,400,1
659.729,25.063724,121.280715,48.14,2025,12,15,5,55,48,400,1
662.779,25.063724,121.280715,48.12,2025,12,15,5,55,48,400,1
665.839,25.063724,121.280715,48.10,2025,12,15,5,55,48,400,1
669.919,25.063724,121.280715,48.00,2025,12,15,5,56,3,800,3
672.979,25.063724,121.280715,47.89,2025,12,15,5,56,3,800,1
674.000,25.063724,121.280715,47.86,2025,12,15,5,56,3,800,1
677.059,25.063724,121.280716,47.77,2025,12,15,5,56,3,800,1
680.109,25.063724,121.280716,47.68,2025,12,15,5,56,14,200,1
683.159,25.063723,121.280716,47.60,2025,12,15,5,56,14,200,3
686.210,25.063723,121.280716,47.41,2025,12,15,5,56,14,200,1
689.271,25.063724,121.280716,47.41,2025,12,15,5,56,14,200,1
690.299,25.063724,121.280716,47.39,2000,0,0,5,56,24,800,3
693.359,25.063724,121.280716,47.32,2000,0,0,5,56,24,800,3
694.379,25.063724,121.280716,47.32,2000,0,0,5,56,24,800,3
697.430,25.063724,121.280715,47.34,2000,0,0,5,56,24,800,3
700.489,25.063725,121.280715,47.36,2000,0,0,5,56,35,600,3
703.549,25.063726,121.280714,47.35,2000,12,15,5,56,37,800,1
706.599,25.063725,121.280715,47.25,2025,12,15,5,56,41,600,1
707.619,25.063725,121.280715,47.16,2025,12,15,5,56,41,600,1
709.649,25.063725,121.280715,47.08,2025,12,15,5,56,41,600,1
712.699,25.063725,121.280715,47.01,2025,12,15,5,56,41,600,1
713.719,25.063725,0.000000,0.00,2025,12,15,5,56,48,600,3
716.769,25.063726,121.280715,47.02,2025,12,15,5,56,48,600,1
719.829,25.063726,121.280714,47.03,2002,12,15,5,56,53,600,1
722.880,25.063727,121.280714,47.02,2002,12,15,5,56,53,600,3
723.909,25.063727,121.280714,47.01,2002,12,15,5,56,53,600,3
725.939,25.063727,121.280714,47.00,2025,12,15,5,56,59,600,1
726.959,25.063727,121.280714,47.00,2025,12,15,5,56,59,600,1
728.990,25.063727,121.280714,47.00,2025,12,15,5,56,59,600,1
730.010,25.063727,121.280714,46.92,2025,12,15,5,57,4,600,1
733.069,25.063726,121.280715,0.00,2025,12,15,5,57,5,600,1
736.131,25.063725,121.280715,46.62,2025,12,15,5,57,5,600,3
737.149,25.063724,121.280715,46.65,2025,12,15,5,57,5,600,1
740.209,25.063724,121.280715,46.67,2025,12,15,5,57,5,600,1
743.259,0.000000,0.000000,0.00,2025,12,15,5,57,16,600,3
746.319,25.063724,121.280715,46.65,2025,12,15,5,57,16,600,1
747.339,25.063724,1212.010167,46.65,2025,12,15,5,57,16,600,3
749.370,25.063724,121.280715,46.60,2025,12,15,5,57,16,600,1
750.389,25.063724,121.280715,46.65,2025,12,15,5,57,16,600,1
753.449,25.063725,121.280715,46.00,2025,12,15,5,57,16,600,1
756.499,25.063726,121.280715,46.58,2025,12,15,5,57,16,600,1
759.559,25.063725,121.280715,46.61,2025,12,15,5,57,33,600,1
760.579,25.063725,121.280715,46.61,2025,12,15,5,57,33,600,1
763.639,25.063725,121.280715,46.68,2025,12,15,5,57,38,600,1
766.699,25.063725,121.280715,46.73,2025,12,15,5,57,38,600,1
767.720,25.063726,121.280715,46.76,2025,12,15,5,57,38,600,1
769.750,25.063725,121.280715,46.79,2025,12,15,5,57,38,600,1
770.770,25.063725,121.280715,46.81,2025,12,15,5,57,38,600,1
773.819,25.063725,121.280715,46.84,2025,12,15,5,57,38,600,1
776.879,25.063725,121.280715,46.93,2025,12,15,75,0,80,0,3
780.969,25.063726,121.280713,0.00,2025,12,15,75,0,80,0,3
784.019,25.063726,121.280715,0.00,2025,12,15,75,0,80,0,3
787.079,25.063725,121.280716,46.84,2025,12,15,5,57,59,400,1
790.129,25.063723,121.280716,46.81,2025,12,15,5,57,59,400,3
791.149,25.063722,121.280667,0.00,2025,12,15,5,57,59,400,2
794.199,25.063720,121.280717,46.80,2025,12,15,5,57,59,400,1
797.269,25.063717,121.280717,46.81,2025,12,15,5,58,10,800,1
800.319,25.063715,121.280717,46.81,2025,12,15,5,58,10,800,1
801.339,25.063713,121.280717,46.88,2025,12,15,5,58,10,800,1
804.399,25.063713,121.280717,46.88,2025,12,15,5,58,10,800,1
807.451,25.063713,121.280718,4.00,2025,12,15,5,58,10,800,1
808.479,25.063713,121.280718,46.77,2025,12,15,5,58,10,800,1
811.540,25.063713,121.280718,46.70,2000,12,15,5,58,26,600,1
814.600,25.063714,121.280718,46.68,2000,12,15,5,58,26,600,1
817.649,25.063714,121.280718,46.68,2025,12,15,5,58,32,800,1
818.669,25.063714,121.280718,46.68,2025,12,15,5,58,32,800,3
820.699,25.063714,121.280719,46.56,2025,12,15,5,58,32,800,1
824.780,25.063715,121.280719,46.53,2002,12,15,5,58,39,800,1
#2025/12/15 13:59:19
