#2025/12/15 15:25:54
mcu_time,latitude,longitude,altitude,utc_year,utc_month,utc_day,utc_hour,utc_minute,utc_second,utc_millisecond,gps_status_code
213.029,25.063552,121.280828,0.00,2025,12,15,7,25,54,800,3
214.079,25.063552,121.280828,75.16,2025,12,15,7,25,54,800,0
215.120,25.063552,121.280828,74.39,2025,12,15,7,25,54,800,0
216.150,25.063552,121.280829,60.00,2025,12,15,7,25,54,800,0
217.179,25.063552,121.280829,75.15,2025,12,15,7,25,54,800,0
221.290,25.063551,121.280829,75.18,2025,12,15,7,26,2,600,0
223.359,25.063551,121.280829,6.00,2025,12,15,7,26,2,600,3
224.390,25.063550,121.280829,75.29,2025,12,15,7,26,2,600,0
225.441,25.063550,121.280829,230.34,2025,12,15,7,26,2,600,3
226.489,25.063550,121.280829,75.37,2025,12,15,7,26,2,600,0
228.569,25.063550,121.280829,75.45,2025,12,15,7,26,2,600,0
229.601,25.063550,121.280829,75.51,2025,12,15,7,26,2,600,0
230.641,25.063550,121.280829,14151286.00,2025,12,15,7,26,2,600,3
231.673,25.063550,121.280829,14151286.00,2025,12,15,7,26,2,600,3
232.720,25.063550,121.280829,75.69,2025,12,15,7,26,2,600,0
241.023,25.063550,121.280827,76.22,2025,12,15,7,26,2,600,0
247.250,25.063550,121.280826,76.45,2025,12,15,7,26,23,600,0
248.290,25.063550,121.280825,76.57,2025,12,15,7,26,23,600,0
259.670,25.063549,121.280823,77.12,2025,12,15,7,26,37,400,0
260.689,25.063549,121.280823,77.12,2025,12,15,7,26,37,400,0
265.840,25.063547,121.280822,77.47,2025,12,15,7,26,47,600,0
266.869,25.063546,121.280822,77.51,2025,12,15,7,26,47,600,0
267.921,25.063546,121.280822,62.00,2025,12,15,7,26,47,600,0
268.951,25.063546,121.280822,6.00,2025,12,15,7,26,47,600,3
271.040,25.063545,121.280822,77.71,2025,12,15,7,26,52,800,0
272.082,25.063545,121.280821,6.00,2025,12,15,7,26,52,800,3
274.149,25.063545,121.280821,77.91,2025,12,15,7,26,55,200,0
275.179,25.063545,121.280820,77.95,2025,12,15,7,26,55,200,0
276.219,25.063544,121.280820,78.03,2025,12,15,7,26,55,200,0
283.439,0.000000,0.000000,151225.00,2025,12,15,7,27,1,600,3
284.481,25.063543,121.280817,63.81,2025,12,15,7,27,1,600,0
286.563,25.063543,121.280816,78.69,2025,12,15,7,27,1,600,0
287.593,25.063543,121.280816,78.69,2025,12,15,7,27,1,600,0
289.680,25.063542,121.280815,260.21,2025,12,15,7,27,10,800,3
290.722,25.063542,121.280815,78.95,2025,12,15,7,27,10,800,0
301.071,25.063541,121.280813,292.37,2025,12,15,7,27,17,0,3
302.113,25.063541,121.280813,263.26,2025,12,15,7,27,17,0,3
303.141,25.063541,121.280813,263.26,2025,12,15,7,27,24,800,3
304.182,25.063541,121.280813,79.61,2025,12,15,7,27,24,800,0
305.232,25.063541,121.280814,79.67,2025,12,15,7,27,24,800,0
306.270,25.063541,121.280814,79.69,2025,12,15,7,27,24,800,0
310.483,25.063540,121.280814,65.02,2025,12,15,7,27,24,800,0
314.642,25.063540,121.280814,79.93,2025,12,15,7,27,36,400,0
319.842,25.063541,121.280814,80.14,2025,12,15,7,27,37,600,0
324.993,25.063541,121.280815,80.35,2025,12,15,7,27,37,600,0
326.033,25.063541,121.280815,80.44,2025,12,15,7,27,48,200,0
327.082,25.063541,121.280815,259.22,2025,12,15,7,27,48,200,3
328.113,25.063541,121.280814,266.65,2025,12,15,7,27,48,200,3
329.160,25.063542,121.280814,6.00,2025,12,15,7,27,48,200,3
330.231,25.063542,121.280814,80.60,2025,12,15,7,27,48,200,0
331.290,25.063543,121.280814,66.88,2025,12,15,7,27,48,200,0
332.332,25.063543,121.280813,65.93,2025,12,15,7,27,48,200,0
339.631,25.063547,121.280814,230.42,2025,12,15,7,27,48,200,3
340.661,25.063547,121.280814,81.05,2025,12,15,7,27,48,200,0
341.712,25.063548,121.280815,81.10,2025,12,15,7,27,48,200,0
342.733,25.063548,121.280815,81.10,2025,12,15,7,28,4,600,0
343.773,25.063549,121.280815,81.18,2025,12,15,7,28,4,600,0
351.064,25.063552,121.280819,81.46,2025,12,15,7,28,10,800,0
352.102,25.063552,121.280819,81.47,2025,12,15,7,28,13,400,0
353.142,25.063552,121.280820,81.51,2025,12,15,7,28,13,400,0
354.182,25.063552,121.280820,81.51,2025,12,15,7,28,13,400,0
355.231,25.063552,121.280820,81.55,2025,12,15,7,28,13,400,0
360.501,25.063553,121.280821,81.63,2025,12,15,7,28,21,600,0
362.601,25.063552,121.280821,81.66,2025,12,15,7,28,23,400,0
364.672,25.063552,121.280821,81.67,2025,12,15,7,28,23,400,0
368.822,25.063551,121.280821,81.72,2025,12,15,7,28,29,600,0
370.902,25.063551,121.280821,0.00,2025,12,15,7,28,31,600,3
371.942,25.063551,121.280821,81.79,2025,12,15,7,28,31,600,3
372.983,728.573333,25.063552,227.34,2025,12,15,7,28,31,600,3
375.081,25.063551,121.280821,81.83,2025,12,15,7,28,36,600,0
376.130,25.063551,121.280821,81.85,2025,12,15,7,28,36,600,0
378.211,25.063551,121.280821,0.00,2025,12,15,7,28,36,600,3
383.393,25.063551,121.280820,67.07,2025,12,15,7,28,45,600,0
390.751,25.063550,121.280820,81.55,2025,12,15,7,28,52,600,0
392.830,25.063550,121.280819,81.51,2025,12,15,7,28,52,600,0
393.881,25.063550,121.280819,81.48,2025,12,15,7,28,55,800,0
394.920,25.063550,121.280819,0.00,2025,12,15,7,28,55,800,3
395.972,25.063550,121.280819,81.44,2025,12,15,7,28,57,600,3
397.033,25.063550,121.280818,81.42,2025,12,15,7,28,57,600,0
398.060,25.063550,121.280818,81.42,2025,12,15,7,28,59,800,0
399.091,25.063550,121.280818,35.00,2025,12,15,7,28,59,800,3
400.119,25.063550,121.280818,35.00,2025,12,15,7,28,59,800,3
402.192,25.063550,121.280818,265.28,2025,12,15,7,28,59,800,3
413.712,25.063549,121.280818,67.16,2025,12,15,7,29,12,200,0
418.981,25.063547,121.280819,39.00,2025,12,15,7,29,20,600,3
420.042,25.063547,121.280819,79.97,2025,12,15,7,29,20,600,0
429.421,25.063546,121.280820,80.44,2025,12,15,7,29,29,600,0
439.810,25.063546,121.280820,80.18,2025,12,15,7,29,36,400,3
443.002,250.000000,0.000000,5.00,2025,12,15,7,29,36,400,3
445.081,25.063545,1.357833,80.01,2025,12,15,7,29,46,600,2
447.159,25.063546,0.000000,151225.00,2025,12,15,7,29,46,600,3
461.681,25.063545,121.280819,79.52,2025,12,15,7,30,0,600,0
464.780,25.063545,121.280819,79.49,2025,12,15,7,30,5,400,0
471.989,25.063545,121.280818,79.27,2025,12,15,7,30,12,400,0
473.030,25.063545,121.280818,64.50,2025,12,15,7,30,12,400,0
474.069,25.063545,121.280817,79.31,2025,12,15,7,30,15,800,0
475.119,25.063545,121.280817,0.00,2025,12,15,7,30,15,800,3
476.159,25.063545,121.280817,0.00,2025,12,15,7,30,18,400,3
477.189,25.063500,121.280816,0.00,2025,12,15,7,30,18,600,3
478.219,25.063546,121.280816,79.28,2025,12,15,7,30,18,600,0
483.370,25.063547,121.280814,79.29,2025,12,15,7,30,24,800,3
484.399,25.063547,121.280814,79.30,2025,12,15,7,30,24,800,0
485.440,25.063547,121.280813,79.31,2025,12,15,7,30,24,800,0
490.570,25.063547,121.280812,78.54,2025,12,15,7,30,24,800,0
491.601,25.063547,121.280812,64.58,2025,12,15,7,30,24,800,0
496.793,0.000000,0.000000,0.00,2025,12,15,7,30,35,600,3
497.842,25.063548,121.280814,79.54,2025,12,15,7,30,35,600,3
498.881,25.063548,121.280733,79.57,2025,12,15,7,30,40,800,3
501.970,25.063549,121.280816,79.67,2025,12,15,7,30,40,800,3
511.311,25.063550,121.280819,8.00,2025,12,15,7,30,52,200,3
512.351,25.063550,121.280819,79.76,2025,12,15,7,30,52,200,0
514.430,25.063550,121.280819,0.00,2025,12,15,7,30,56,600,3
515.469,25.063550,121.280820,79.76,2025,12,15,7,30,56,600,0
516.499,25.063550,121.280820,79.76,2025,12,15,7,30,57,800,0
520.590,25.063550,121.280821,79.76,2025,12,15,7,31,0,400,0
522.670,25.063549,121.280821,79.78,2025,12,15,7,31,4,400,0
#2025/12/15 15:31:08
