#2025/12/18 16:45:13
mcu_time,latitude,longitude,altitude,utc_year,utc_month,utc_day,utc_hour,utc_minute,utc_second,utc_millisecond,gps_status_code
40.623,25.063545,121.280733,79.60,2025,12,16,8,45,6,0,1
40.823,25.063545,121.280733,79.41,2025,12,16,8,45,6,200,1
41.023,25.063545,121.280732,79.25,2025,12,16,8,45,6,400,1
41.223,25.063545,121.280732,79.10,2025,12,16,8,45,6,600,1
41.423,25.063545,121.280732,78.96,2025,12,16,8,45,6,800,1
41.623,25.063545,121.280732,78.82,2025,12,16,8,45,7,0,1
41.823,25.063545,121.280732,78.70,2025,12,16,8,45,7,200,1
42.023,25.063544,121.280732,78.62,2025,12,16,8,45,7,400,1
42.223,25.063544,121.280732,78.54,2025,12,16,8,45,7,600,1
42.423,25.063544,121.280731,78.44,2025,12,16,8,45,7,800,1
42.623,25.063544,121.280731,78.35,2025,12,16,8,45,8,0,1
42.823,25.063544,121.280731,78.30,2025,12,16,8,45,8,200,1
43.023,25.063544,121.280731,78.26,2025,12,16,8,45,8,400,1
43.223,25.063544,121.280731,78.22,2025,12,16,8,45,8,600,1
43.423,25.063544,121.280731,78.18,2025,12,16,8,45,8,800,1
43.623,25.063544,121.280731,78.15,2025,12,16,8,45,9,0,1
43.823,25.063544,121.280731,78.11,2025,12,16,8,45,9,200,1
44.024,25.063544,121.280731,78.07,2025,12,16,8,45,9,400,1
44.224,25.063544,121.280732,78.04,2025,12,16,8,45,9,600,1
44.424,25.063544,121.280732,78.04,2025,12,16,8,45,9,600,1
44.624,25.063544,121.280732,78.03,2025,12,16,8,45,9,800,1
44.824,25.063544,121.280732,78.02,2025,12,16,8,45,10,0,1
45.024,25.063544,121.280732,78.00,2025,12,16,8,45,10,200,1
45.224,25.063544,121.280732,77.98,2025,12,16,8,45,10,400,1
45.424,25.063544,121.280732,77.97,2025,12,16,8,45,10,600,1
45.624,25.063544,121.280732,77.96,2025,12,16,8,45,10,800,1
45.824,25.063545,121.280732,77.92,2025,12,16,8,45,11,200,1
46.024,25.063545,121.280732,77.90,2025,12,16,8,45,11,400,1
46.224,25.063545,121.280732,77.87,2025,12,16,8,45,11,600,1
46.424,25.063545,121.280732,77.85,2025,12,16,8,45,11,800,1
46.624,25.063545,121.280732,77.85,2025,12,16,8,45,11,800,3
46.824,25.063545,121.280732,77.81,2025,12,16,8,45,12,200,1
47.024,25.063546,121.280732,77.79,2025,12,16,8,45,12,400,1
47.224,25.063546,121.280732,77.77,2025,12,16,8,45,12,600,1
47.424,25.063546,121.280732,77.76,2025,12,16,8,45,12,800,1
47.624,25.063546,121.280732,77.76,2025,12,16,8,45,12,800,3
47.824,25.063545,121.280732,77.75,2025,12,16,8,45,13,200,1
48.024,25.063545,121.280732,77.73,2025,12,16,8,45,13,400,1
48.224,25.063544,121.280732,77.74,2025,12,16,8,45,13,600,1
48.424,25.063544,121.280732,77.74,2025,12,16,8,45,13,800,1
48.624,25.063544,121.280732,77.73,2025,12,16,8,45,14,0,1
48.824,25.063543,121.280732,77.73,2025,12,16,8,45,14,200,1
49.024,25.063543,121.280732,77.82,2025,12,16,8,45,14,400,1
49.224,25.063543,121.280733,77.93,2025,12,16,8,45,14,600,1
49.424,25.063542,121.280733,78.04,2025,12,16,8,45,14,800,1
49.624,25.063542,121.280734,78.16,2025,12,16,8,45,15,0,1
49.824,25.063542,121.280734,78.26,2025,12,16,8,45,15,200,1
50.024,25.063543,121.280734,78.36,2025,12,16,8,45,15,400,1
50.224,25.063543,121.280735,78.45,2025,12,16,8,45,15,600,1
50.424,25.063543,121.280735,78.53,2025,12,16,8,45,15,800,1
50.624,25.063543,121.280736,78.61,2025,12,16,8,45,16,0,1
50.824,25.063543,121.280736,78.67,2025,12,16,8,45,16,200,1
51.024,25.063543,121.280736,78.71,2025,12,16,8,45,16,400,1
51.224,25.063543,121.280737,78.74,2025,12,16,8,45,16,600,1
51.424,25.063543,121.280737,78.74,2025,12,16,8,45,16,600,1
51.624,25.063543,121.280737,78.77,2025,12,16,8,45,16,800,1
51.824,25.063543,121.280737,78.81,2025,12,16,8,45,17,0,1
52.024,25.063543,121.280737,78.83,2025,12,16,8,45,17,200,1
52.224,25.063542,121.280738,78.86,2025,12,16,8,45,17,400,1
52.424,25.063542,121.280738,78.89,2025,12,16,8,45,17,600,1
52.624,25.063542,121.280738,78.92,2025,12,16,8,45,17,800,1
52.824,25.063541,121.280738,78.94,2025,12,16,8,45,18,0,1
53.024,25.063541,121.280739,78.97,2025,12,16,8,45,18,200,1
53.224,25.063541,121.280739,79.02,2025,12,16,8,45,18,600,1
53.424,25.063540,121.280739,79.05,2025,12,16,8,45,18,800,1
53.624,25.063540,121.280739,79.05,2025,12,16,8,45,18,800,1
53.824,25.063540,121.280740,79.11,2025,12,16,8,45,19,200,1
54.024,25.063540,121.280740,79.13,2025,12,16,8,45,19,400,1
54.224,25.063540,121.280740,79.16,2025,12,16,8,45,19,600,1
54.424,25.063540,121.280740,79.17,2025,12,16,8,45,19,800,1
54.624,25.063540,121.280740,79.17,2025,12,16,8,45,19,800,1
54.824,25.063539,121.280741,79.24,2025,12,16,8,45,20,200,1
55.024,25.063539,121.280741,79.29,2025,12,16,8,45,20,400,1
55.224,25.063538,121.280741,79.33,2025,12,16,8,45,20,600,1
55.424,25.063538,121.280741,79.38,2025,12,16,8,45,20,800,1
55.624,25.063538,121.280742,79.45,2025,12,16,8,45,21,0,1
55.824,25.063537,121.280742,79.50,2025,12,16,8,45,21,200,1
56.024,25.063537,121.280742,79.57,2025,12,16,8,45,21,400,1
56.224,25.063537,121.280743,79.61,2025,12,16,8,45,21,600,1
56.424,25.063536,121.280743,79.66,2025,12,16,8,45,21,800,1
56.624,25.063536,121.280743,79.70,2025,12,16,8,45,22,0,1
56.824,25.063536,121.280743,79.77,2025,12,16,8,45,22,200,1
57.024,25.063535,121.280743,79.83,2025,12,16,8,45,22,400,1
57.224,25.063535,121.280744,79.90,2025,12,16,8,45,22,600,1
57.424,25.063535,121.280744,79.96,2025,12,16,8,45,22,800,1
57.624,25.063535,121.280744,79.96,2025,12,16,8,45,22,800,1
57.824,25.063535,121.280744,80.01,2025,12,16,8,45,23,0,1
58.024,25.063534,121.280744,80.06,2025,12,16,8,45,23,200,0
58.224,25.063534,121.280745,80.10,2025,12,16,8,45,23,400,0
58.424,25.063534,121.280745,80.14,2025,12,16,8,45,23,600,0
58.624,25.063534,121.280745,80.18,2025,12,16,8,45,23,800,0
58.824,25.063534,121.280745,80.22,2025,12,16,8,45,24,0,0
59.024,25.063533,121.280745,80.26,2025,12,16,8,45,24,200,0
59.224,25.063533,121.280745,80.30,2025,12,16,8,45,24,400,0
59.424,25.063533,121.280746,80.34,2025,12,16,8,45,24,600,0
59.624,25.063533,121.280746,80.38,2025,12,16,8,45,24,800,0
59.824,25.063533,121.280746,80.47,2025,12,16,8,45,25,200,0
60.024,25.063532,121.280746,80.52,2025,12,16,8,45,25,400,0
60.224,25.063532,121.280747,80.55,2025,12,16,8,45,25,600,0
60.424,25.063532,121.280747,80.59,2025,12,16,8,45,25,800,0
60.624,25.063532,121.280747,80.63,2025,12,16,8,45,26,0,0
60.824,25.063532,121.280747,80.66,2025,12,16,8,45,26,200,0
61.024,25.063532,121.280747,80.71,2025,12,16,8,45,26,400,0
61.224,25.063532,121.280748,80.74,2025,12,16,8,45,26,600,0
61.424,25.063531,121.280748,80.78,2025,12,16,8,45,26,800,0
61.624,25.063531,121.280748,80.83,2025,12,16,8,45,27,0,0
61.824,25.063531,121.280748,80.86,2025,12,16,8,45,27,200,0
62.024,25.063531,121.280749,80.91,2025,12,16,8,45,27,400,0
62.224,25.063531,121.280749,80.94,2025,12,16,8,45,27,600,0
62.424,25.063531,121.280749,80.99,2025,12,16,8,45,27,800,0
62.624,25.063531,121.280749,81.02,2025,12,16,8,45,28,0,0
62.824,25.063531,121.280749,81.02,2025,12,16,8,45,28,0,0
63.024,25.063531,121.280749,81.05,2025,12,16,8,45,28,200,0
63.224,25.063531,121.280749,81.09,2025,12,16,8,45,28,400,0
63.424,25.063531,121.280749,81.12,2025,12,16,8,45,28,600,0
63.624,25.063531,121.280750,81.16,2025,12,16,8,45,28,800,0
63.824,25.063531,121.280750,81.19,2025,12,16,8,45,29,0,0
64.024,25.063531,121.280750,81.22,2025,12,16,8,45,29,200,0
64.224,25.063531,121.280750,81.25,2025,12,16,8,45,29,400,0
64.424,25.063531,121.280750,81.29,2025,12,16,8,45,29,600,0
64.624,25.063530,121.280750,81.31,2025,12,16,8,45,29,800,0
64.824,25.063530,121.280751,81.37,2025,12,16,8,45,30,200,0
65.024,25.063530,121.280751,81.40,2025,12,16,8,45,30,400,0
65.224,25.063530,121.280751,81.43,2025,12,16,8,45,30,600,0
65.424,25.063530,121.280751,81.45,2025,12,16,8,45,30,800,0
65.624,25.063530,121.280751,81.48,2025,12,16,8,45,31,0,0
65.824,25.063530,121.280751,81.51,2025,12,16,8,45,31,200,0
66.024,25.063530,121.280751,81.53,2025,12,16,8,45,31,400,0
66.224,25.063530,121.280751,81.55,2025,12,16,8,45,31,600,0
66.424,25.063530,121.280751,81.57,2025,12,16,8,45,31,800,0
66.624,25.063530,121.280751,81.59,2025,12,16,8,45,32,0,0
66.824,25.063530,121.280752,81.61,2025,12,16,8,45,32,200,0
67.024,25.063530,121.280752,81.63,2025,12,16,8,45,32,400,0
67.224,25.063530,121.280752,81.64,2025,12,16,8,45,32,600,0
67.424,25.063530,121.280752,81.66,2025,12,16,8,45,32,800,0
67.624,25.063530,121.280752,81.68,2025,12,16,8,45,33,0,0
67.824,25.063530,121.280752,81.70,2025,12,16,8,45,33,200,0
68.024,25.063530,121.280752,81.70,2025,12,16,8,45,33,200,0
68.224,25.063530,121.280752,81.72,2025,12,16,8,45,33,400,0
68.424,25.063530,121.280752,81.73,2025,12,16,8,45,33,600,0
68.624,25.063530,121.280752,81.75,2025,12,16,8,45,33,800,0
68.824,25.063530,121.280753,81.77,2025,12,16,8,45,34,0,0
69.024,25.063530,121.280753,81.78,2025,12,16,8,45,34,200,0
69.224,25.063530,121.280753,81.79,2025,12,16,8,45,34,400,0
69.424,25.063530,121.280753,81.80,2025,12,16,8,45,34,600,0
69.624,25.063530,121.280753,81.82,2025,12,16,8,45,34,800,0
69.824,25.063530,121.280753,81.85,2025,12,16,8,45,35,200,0
70.024,25.063530,121.280753,81.87,2025,12,16,8,45,35,400,0
70.224,25.063530,121.280753,81.89,2025,12,16,8,45,35,600,0
70.424,25.063530,121.280753,81.90,2025,12,16,8,45,35,800,0
70.624,25.063530,121.280753,81.90,2025,12,16,8,45,35,800,0
70.824,25.063530,121.280753,81.94,2025,12,16,8,45,36,200,0
71.024,25.063530,121.280753,81.95,2025,12,16,8,45,36,400,0
71.224,25.063530,121.280753,81.96,2025,12,16,8,45,36,600,0
71.424,25.063530,121.280753,81.97,2025,12,16,8,45,36,800,0
71.624,25.063530,121.280753,81.97,2025,12,16,8,45,36,800,0
71.824,25.063529,121.280754,82.00,2025,12,16,8,45,37,200,0
72.024,25.063529,121.280754,82.02,2025,12,16,8,45,37,400,0
72.224,25.063529,121.280754,82.04,2025,12,16,8,45,37,600,0
72.424,25.063529,121.280754,82.05,2025,12,16,8,45,37,800,0
72.624,25.063529,121.280754,82.06,2025,12,16,8,45,38,0,0
72.824,25.063529,121.280754,82.07,2025,12,16,8,45,38,200,0
73.024,25.063528,121.280754,82.08,2025,12,16,8,45,38,400,0
73.224,25.063528,121.280754,82.10,2025,12,16,8,45,38,600,0
73.424,25.063528,121.280754,82.10,2025,12,16,8,45,38,800,0
73.624,25.063528,121.280754,82.12,2025,12,16,8,45,39,0,0
73.824,25.063528,121.280754,82.13,2025,12,16,8,45,39,200,0
74.024,25.063527,121.280754,82.14,2025,12,16,8,45,39,400,0
74.224,25.063527,121.280754,82.16,2025,12,16,8,45,39,600,0
74.424,25.063527,121.280754,82.16,2025,12,16,8,45,39,600,0
74.624,25.063527,121.280754,82.17,2025,12,16,8,45,39,800,0
74.824,25.063527,121.280754,82.18,2025,12,16,8,45,40,0,0
75.024,25.063527,121.280754,82.22,2025,12,16,8,45,40,200,0
75.224,25.063527,121.280754,82.25,2025,12,16,8,45,40,400,0
75.424,25.063527,121.280755,82.29,2025,12,16,8,45,40,600,0
75.624,25.063527,121.280755,82.32,2025,12,16,8,45,40,800,0
75.824,25.063527,121.280755,82.36,2025,12,16,8,45,41,0,0
76.024,25.063527,121.280755,82.40,2025,12,16,8,45,41,200,0
76.224,25.063527,121.280755,82.43,2025,12,16,8,45,41,400,0
76.424,25.063527,121.280755,82.46,2025,12,16,8,45,41,600,0
76.624,25.063527,121.280755,82.49,2025,12,16,8,45,41,800,0
76.824,25.063526,121.280756,82.54,2025,12,16,8,45,42,200,0
77.024,25.063526,121.280756,82.57,2025,12,16,8,45,42,400,0
77.224,25.063526,121.280756,82.60,2025,12,16,8,45,42,600,0
77.424,25.063526,121.280756,82.63,2025,12,16,8,45,42,800,0
77.624,25.063526,121.280756,82.63,2025,12,16,8,45,42,800,0
77.824,25.063526,121.280756,82.69,2025,12,16,8,45,43,200,0
78.024,25.063526,121.280757,82.72,2025,12,16,8,45,43,400,0
78.224,25.063526,121.280757,82.74,2025,12,16,8,45,43,600,0
78.424,25.063526,121.280757,82.77,2025,12,16,8,45,43,800,0
78.624,25.063526,121.280757,82.80,2025,12,16,8,45,44,0,0
78.824,25.063526,121.280757,82.82,2025,12,16,8,45,44,200,0
79.024,25.063526,121.280757,82.84,2025,12,16,8,45,44,400,0
79.224,25.063526,121.280757,82.87,2025,12,16,8,45,44,600,0
79.424,25.063526,121.280757,82.89,2025,12,16,8,45,44,800,0
79.624,25.063526,121.280757,82.92,2025,12,16,8,45,45,0,0
79.824,25.063526,121.280757,82.94,2025,12,16,8,45,45,200,0
80.024,25.063526,121.280757,82.96,2025,12,16,8,45,45,400,0
80.224,25.063526,121.280757,82.96,2025,12,16,8,45,45,400,0
80.424,25.063526,121.280758,82.99,2025,12,16,8,45,45,600,0
80.624,25.063526,121.280758,83.02,2025,12,16,8,45,45,800,0
80.824,25.063526,121.280758,83.04,2025,12,16,8,45,46,0,0
81.024,25.063526,121.280758,83.06,2025,12,16,8,45,46,200,0
81.224,25.063526,121.280758,83.09,2025,12,16,8,45,46,400,0
81.424,25.063526,121.280758,83.11,2025,12,16,8,45,46,600,0
81.624,25.063526,121.280758,83.12,2025,12,16,8,45,46,800,0
81.824,25.063526,121.280758,83.15,2025,12,16,8,45,47,0,0
82.024,25.063526,121.280758,83.19,2025,12,16,8,45,47,200,0
82.224,25.063526,121.280759,83.27,2025,12,16,8,45,47,600,0
82.424,25.063526,121.280759,83.32,2025,12,16,8,45,47,800,0
82.624,25.063526,121.280759,83.32,2025,12,16,8,45,47,800,0
82.824,25.063526,121.280760,83.42,2025,12,16,8,45,48,200,0
83.024,25.063526,121.280760,83.45,2025,12,16,8,45,48,400,0
83.224,25.063526,121.280760,83.48,2025,12,16,8,45,48,600,0
83.424,25.063526,121.280760,83.50,2025,12,16,8,45,48,800,0
83.624,25.063526,121.280760,83.50,2025,12,16,8,45,48,800,0
83.824,25.063526,121.280760,83.54,2025,12,16,8,45,49,200,0
84.024,25.063526,121.280760,83.57,2025,12,16,8,45,49,400,0
84.224,25.063526,121.280760,83.59,2025,12,16,8,45,49,600,0
84.424,25.063526,121.280761,83.61,2025,12,16,8,45,49,800,0
84.624,25.063526,121.280761,83.64,2025,12,16,8,45,50,0,0
84.824,25.063526,121.280761,83.67,2025,12,16,8,45,50,200,0
85.024,25.063526,121.280761,83.69,2025,12,16,8,45,50,400,0
85.224,25.063526,121.280761,83.73,2025,12,16,8,45,50,600,0
85.424,25.063526,121.280761,83.75,2025,12,16,8,45,50,800,0
85.624,25.063527,121.280761,83.78,2025,12,16,8,45,51,0,0
85.824,25.063527,121.280761,83.81,2025,12,16,8,45,51,200,0
86.024,25.063527,121.280761,83.81,2025,12,16,8,45,51,200,0
86.224,25.063527,121.280761,83.84,2025,12,16,8,45,51,400,0
86.424,25.063527,121.280761,83.86,2025,12,16,8,45,51,600,0
86.624,25.063527,121.280762,83.88,2025,12,16,8,45,51,800,0
86.824,25.063527,121.280762,83.91,2025,12,16,8,45,52,0,0
87.024,25.063527,121.280762,83.95,2025,12,16,8,45,52,200,0
87.224,25.063527,121.280762,83.98,2025,12,16,8,45,52,400,0
87.424,25.063527,121.280762,84.03,2025,12,16,8,45,52,600,0
87.624,25.063527,121.280762,84.06,2025,12,16,8,45,52,800,0
87.824,25.063527,121.280763,84.09,2025,12,16,8,45,53,0,0
88.024,25.063527,121.280763,84.14,2025,12,16,8,45,53,200,0
88.224,25.063527,121.280763,84.25,2025,12,16,8,45,53,600,0
88.424,25.063527,121.280764,84.29,2025,12,16,8,45,53,800,0
88.624,25.063527,121.280764,84.29,2025,12,16,8,45,53,800,0
88.824,25.063528,121.280764,84.39,2025,12,16,8,45,54,200,0
89.024,25.063528,121.280764,84.44,2025,12,16,8,45,54,400,0
89.224,25.063528,121.280764,84.48,2025,12,16,8,45,54,600,0
89.424,25.063528,121.280765,84.52,2025,12,16,8,45,54,800,0
89.624,25.063528,121.280765,84.52,2025,12,16,8,45,54,800,0
89.824,25.063528,121.280765,84.62,2025,12,16,8,45,55,200,0
90.024,25.063528,121.280765,84.67,2025,12,16,8,45,55,400,0
90.224,25.063528,121.280765,84.72,2025,12,16,8,45,55,600,0
90.424,25.063528,121.280765,84.76,2025,12,16,8,45,55,800,0
90.624,25.063528,121.280765,84.80,2025,12,16,8,45,56,0,0
90.824,25.063528,121.280766,84.85,2025,12,16,8,45,56,200,0
91.024,25.063528,121.280766,84.89,2025,12,16,8,45,56,400,0
91.224,25.063529,121.280766,84.93,2025,12,16,8,45,56,600,0
91.424,25.063529,121.280766,84.98,2025,12,16,8,45,56,800,0
91.624,25.063529,121.280766,85.02,2025,12,16,8,45,57,0,0
91.824,25.063529,121.280766,85.06,2025,12,16,8,45,57,200,0
92.024,25.063529,121.280766,85.06,2025,12,16,8,45,57,200,0
92.224,25.063529,121.280766,85.10,2025,12,16,8,45,57,400,0
92.424,25.063529,121.280766,85.13,2025,12,16,8,45,57,600,0
92.624,25.063529,121.280766,85.17,2025,12,16,8,45,57,800,0
92.824,25.063529,121.280766,85.21,2025,12,16,8,45,58,0,0
93.024,25.063529,121.280766,85.25,2025,12,16,8,45,58,200,0
93.224,25.063529,121.280767,85.30,2025,12,16,8,45,58,400,0
93.424,25.063529,121.280767,85.34,2025,12,16,8,45,58,600,0
93.624,25.063529,121.280767,85.38,2025,12,16,8,45,58,800,0
93.824,25.063529,121.280767,85.42,2025,12,16,8,45,59,0,0
94.024,25.063529,121.280767,85.46,2025,12,16,8,45,59,200,0
94.224,25.063529,121.280767,85.55,2025,12,16,8,45,59,600,0
94.424,25.063529,121.280767,85.59,2025,12,16,8,45,59,800,0
94.624,25.063529,121.280767,85.59,2025,12,16,8,45,59,800,0
94.824,25.063529,121.280767,85.68,2025,12,16,8,46,0,200,0
95.024,25.063529,121.280767,85.73,2025,12,16,8,46,0,400,0
95.224,25.063530,121.280767,85.77,2025,12,16,8,46,0,600,0
95.424,25.063530,121.280767,85.81,2025,12,16,8,46,0,800,0
95.624,25.063530,121.280767,85.81,2025,12,16,8,46,0,800,0
95.824,25.063530,121.280767,85.90,2025,12,16,8,46,1,200,0
96.024,25.063530,121.280767,85.94,2025,12,16,8,46,1,400,0
96.224,25.063530,121.280768,85.99,2025,12,16,8,46,1,600,0
96.424,25.063530,121.280768,86.04,2025,12,16,8,46,1,800,0
96.624,25.063530,121.280768,86.08,2025,12,16,8,46,2,0,0
96.824,25.063530,121.280768,86.12,2025,12,16,8,46,2,200,0
97.024,25.063531,121.280769,86.15,2025,12,16,8,46,2,400,0
97.224,25.063531,121.280769,86.19,2025,12,16,8,46,2,600,0
97.424,25.063531,121.280770,86.21,2025,12,16,8,46,2,800,0
97.624,25.063531,121.280770,86.24,2025,12,16,8,46,3,0,0
97.824,25.063531,121.280770,86.24,2025,12,16,8,46,3,0,0
98.024,25.063531,121.280770,86.27,2025,12,16,8,46,3,200,0
98.224,25.063531,121.280771,86.30,2025,12,16,8,46,3,400,0
98.424,25.063532,121.280771,86.34,2025,12,16,8,46,3,600,0
98.624,25.063532,121.280771,86.38,2025,12,16,8,46,3,800,0
98.824,25.063532,121.280772,86.42,2025,12,16,8,46,4,0,0
99.024,25.063532,121.280772,86.47,2025,12,16,8,46,4,200,0
99.224,25.063532,121.280772,86.53,2025,12,16,8,46,4,400,0
99.424,25.063533,121.280773,86.60,2025,12,16,8,46,4,600,0
99.624,25.063533,121.280773,86.66,2025,12,16,8,46,4,800,0
99.824,25.063533,121.280773,86.73,2025,12,16,8,46,5,0,0
100.024,25.063533,121.280774,86.77,2025,12,16,8,46,5,200,0
100.224,25.063534,121.280774,86.89,2025,12,16,8,46,5,600,0
100.424,25.063534,121.280775,86.94,2025,12,16,8,46,5,800,0
100.624,25.063534,121.280775,86.94,2025,12,16,8,46,5,800,0
100.824,25.063534,121.280775,87.05,2025,12,16,8,46,6,200,0
101.024,25.063534,121.280775,87.11,2025,12,16,8,46,6,400,0
101.224,25.063535,121.280775,87.17,2025,12,16,8,46,6,600,0
101.424,25.063535,121.280776,87.23,2025,12,16,8,46,6,800,0
101.624,25.063535,121.280776,87.23,2025,12,16,8,46,6,800,0
101.824,25.063535,121.280776,87.34,2025,12,16,8,46,7,200,0
102.024,25.063535,121.280776,87.40,2025,12,16,8,46,7,400,0
102.224,25.063536,121.280776,87.46,2025,12,16,8,46,7,600,0
102.424,25.063536,121.280776,87.51,2025,12,16,8,46,7,800,0
102.624,25.063536,121.280777,87.56,2025,12,16,8,46,8,0,0
102.824,25.063536,121.280777,87.61,2025,12,16,8,46,8,200,0
103.024,25.063536,121.280777,87.66,2025,12,16,8,46,8,400,0
103.224,25.063536,121.280777,87.71,2025,12,16,8,46,8,600,0
103.424,25.063536,121.280777,87.76,2025,12,16,8,46,8,800,0
103.624,25.063536,121.280777,87.76,2025,12,16,8,46,8,800,0
103.824,25.063536,121.280777,87.81,2025,12,16,8,46,9,0,0
104.024,25.063537,121.280777,87.86,2025,12,16,8,46,9,200,0
104.224,25.063537,121.280777,87.91,2025,12,16,8,46,9,400,0
104.424,25.063537,121.280778,87.95,2025,12,16,8,46,9,600,0
104.624,25.063537,121.280778,88.00,2025,12,16,8,46,9,800,0
104.824,25.063537,121.280778,88.05,2025,12,16,8,46,10,0,0
105.024,25.063537,121.280778,88.09,2025,12,16,8,46,10,200,0
105.224,25.063538,121.280778,88.13,2025,12,16,8,46,10,400,0
105.424,25.063538,121.280779,88.18,2025,12,16,8,46,10,600,0
105.624,25.063538,121.280779,88.23,2025,12,16,8,46,10,800,0
105.824,25.063538,121.280779,88.29,2025,12,16,8,46,11,0,0
106.024,25.063538,121.280779,88.34,2025,12,16,8,46,11,200,0
106.224,25.063539,121.280780,88.43,2025,12,16,8,46,11,600,0
106.424,25.063539,121.280780,88.48,2025,12,16,8,46,11,800,0
106.624,25.063539,121.280780,88.48,2025,12,16,8,46,11,800,0
106.824,25.063539,121.280780,88.57,2025,12,16,8,46,12,200,0
107.024,25.063539,121.280780,88.61,2025,12,16,8,46,12,400,0
107.224,25.063539,121.280780,88.65,2025,12,16,8,46,12,600,0
107.424,25.063540,121.280780,88.70,2025,12,16,8,46,12,800,0
107.624,25.063540,121.280780,88.70,2025,12,16,8,46,12,800,0
107.824,25.063540,121.280781,88.78,2025,12,16,8,46,13,200,0
108.024,25.063540,121.280781,88.83,2025,12,16,8,46,13,400,0
108.224,25.063540,121.280781,88.87,2025,12,16,8,46,13,600,0
108.424,25.063540,121.280781,88.92,2025,12,16,8,46,13,800,0
108.624,25.063540,121.280781,88.96,2025,12,16,8,46,14,0,0
108.824,25.063540,121.280781,88.99,2025,12,16,8,46,14,200,0
109.024,25.063540,121.280781,89.03,2025,12,16,8,46,14,400,0
109.224,25.063541,121.280781,89.07,2025,12,16,8,46,14,600,0
109.424,25.063541,121.280781,89.07,2025,12,16,8,46,14,600,0
109.624,25.063541,121.280781,89.10,2025,12,16,8,46,14,800,0
109.824,25.063541,121.280782,89.15,2025,12,16,8,46,15,0,0
110.024,25.063541,121.280782,89.19,2025,12,16,8,46,15,200,0
110.224,25.063541,121.280782,89.22,2025,12,16,8,46,15,400,0
110.424,25.063541,121.280782,89.26,2025,12,16,8,46,15,600,0
110.624,25.063541,121.280782,89.29,2025,12,16,8,46,15,800,0
110.824,25.063541,121.280782,89.32,2025,12,16,8,46,16,0,0
111.024,25.063541,121.280782,89.36,2025,12,16,8,46,16,200,0
111.224,25.063541,121.280782,89.38,2025,12,16,8,46,16,400,0
111.424,25.063542,121.280782,89.41,2025,12,16,8,46,16,600,0
111.624,25.063542,121.280782,89.44,2025,12,16,8,46,16,800,0
111.824,25.063542,121.280782,89.48,2025,12,16,8,46,17,0,0
112.024,25.063542,121.280783,89.59,2025,12,16,8,46,17,400,0
112.224,25.063543,121.280783,89.66,2025,12,16,8,46,17,600,0
112.424,25.063543,121.280783,89.71,2025,12,16,8,46,17,800,0
112.624,25.063543,121.280783,89.71,2025,12,16,8,46,17,800,0
112.824,25.063543,121.280783,89.84,2025,12,16,8,46,18,200,0
113.024,25.063544,121.280783,89.89,2025,12,16,8,46,18,400,0
113.224,25.063544,121.280784,89.93,2025,12,16,8,46,18,600,0
113.424,25.063544,121.280784,89.98,2025,12,16,8,46,18,800,0
113.624,25.063544,121.280784,89.98,2025,12,16,8,46,18,800,0
113.824,25.063545,121.280784,90.09,2025,12,16,8,46,19,200,0
114.024,25.063545,121.280784,90.14,2025,12,16,8,46,19,400,0
114.224,25.063545,121.280784,90.20,2025,12,16,8,46,19,600,0
114.424,25.063545,121.280784,90.24,2025,12,16,8,46,19,800,0
114.624,25.063545,121.280784,90.29,2025,12,16,8,46,20,0,0
114.824,25.063546,121.280784,90.35,2025,12,16,8,46,20,200,0
115.024,25.063546,121.280785,90.41,2025,12,16,8,46,20,400,0
115.224,25.063546,121.280785,90.41,2025,12,16,8,46,20,400,0
115.424,25.063546,121.280785,90.45,2025,12,16,8,46,20,600,0
115.624,25.063546,121.280785,90.50,2025,12,16,8,46,20,800,0
115.824,25.063546,121.280785,90.56,2025,12,16,8,46,21,0,0
116.024,25.063547,121.280785,90.60,2025,12,16,8,46,21,200,0
116.224,25.063547,121.280785,90.66,2025,12,16,8,46,21,400,0
116.424,25.063547,121.280785,90.69,2025,12,16,8,46,21,600,0
116.624,25.063547,121.280785,90.74,2025,12,16,8,46,21,800,0
116.824,25.063547,121.280785,90.79,2025,12,16,8,46,22,0,0
117.024,25.063547,121.280785,90.83,2025,12,16,8,46,22,200,0
117.224,25.063547,121.280785,90.87,2025,12,16,8,46,22,400,0
117.424,25.063548,121.280785,90.91,2025,12,16,8,46,22,600,0
117.624,25.063548,121.280785,90.96,2025,12,16,8,46,22,800,0
117.824,25.063548,121.280785,91.04,2025,12,16,8,46,23,200,0
118.024,25.063548,121.280785,91.09,2025,12,16,8,46,23,400,0
118.224,25.063548,121.280785,91.13,2025,12,16,8,46,23,600,0
118.424,25.063549,121.280785,91.18,2025,12,16,8,46,23,800,0
118.624,25.063549,121.280785,91.18,2025,12,16,8,46,23,800,0
118.824,25.063549,121.280786,91.27,2025,12,16,8,46,24,200,0
119.024,25.063549,121.280786,91.31,2025,12,16,8,46,24,400,0
119.224,25.063549,121.280786,91.35,2025,12,16,8,46,24,600,0
119.424,25.063549,121.280786,91.40,2025,12,16,8,46,24,800,0
119.624,25.063549,121.280786,91.44,2025,12,16,8,46,25,0,0
119.824,25.063550,121.280786,91.47,2025,12,16,8,46,25,200,0
120.024,25.063550,121.280786,91.51,2025,12,16,8,46,25,400,0
120.224,25.063550,121.280786,91.51,2025,12,16,8,46,25,400,0
120.424,25.063550,121.280786,91.55,2025,12,16,8,46,25,600,0
120.624,25.063550,121.280786,91.59,2025,12,16,8,46,25,800,0
120.824,25.063550,121.280786,91.63,2025,12,16,8,46,26,0,0
121.024,25.063550,121.280786,91.67,2025,12,16,8,46,26,200,0
121.224,25.063550,121.280786,91.71,2025,12,16,8,46,26,400,0
121.424,25.063550,121.280786,91.74,2025,12,16,8,46,26,600,0
121.624,25.063550,121.280786,91.78,2025,12,16,8,46,26,800,0
121.824,25.063550,121.280786,91.81,2025,12,16,8,46,27,0,0
122.024,25.063550,121.280786,91.85,2025,12,16,8,46,27,200,0
122.224,25.063551,121.280786,91.88,2025,12,16,8,46,27,400,0
122.424,25.063551,121.280786,91.92,2025,12,16,8,46,27,600,0
122.624,25.063551,121.280786,91.95,2025,12,16,8,46,27,800,0
122.824,25.063551,121.280786,92.02,2025,12,16,8,46,28,200,0
123.024,25.063551,121.280786,92.05,2025,12,16,8,46,28,400,0
123.224,25.063551,121.280786,92.08,2025,12,16,8,46,28,600,0
123.424,25.063551,121.280786,92.12,2025,12,16,8,46,28,800,0
123.624,25.063551,121.280786,92.12,2025,12,16,8,46,28,800,0
123.824,25.063551,121.280787,92.20,2025,12,16,8,46,29,200,0
124.024,25.063551,121.280787,92.23,2025,12,16,8,46,29,400,0
124.224,25.063551,121.280787,92.26,2025,12,16,8,46,29,600,0
124.424,25.063551,121.280786,92.29,2025,12,16,8,46,29,800,0
124.624,25.063551,121.280786,92.29,2025,12,16,8,46,29,800,0
124.824,25.063552,121.280786,92.35,2025,12,16,8,46,30,200,0
125.024,25.063552,121.280786,92.37,2025,12,16,8,46,30,400,0
125.224,25.063552,121.280786,92.39,2025,12,16,8,46,30,600,0
125.424,25.063552,121.280786,92.42,2025,12,16,8,46,30,800,0
125.624,25.063552,121.280786,92.44,2025,12,16,8,46,31,0,0
125.824,25.063552,121.280786,92.47,2025,12,16,8,46,31,200,0
126.024,25.063552,121.280786,92.47,2025,12,16,8,46,31,200,0
126.224,25.063552,121.280786,92.49,2025,12,16,8,46,31,400,0
126.424,25.063552,121.280786,92.52,2025,12,16,8,46,31,600,0
126.624,25.063552,121.280786,92.54,2025,12,16,8,46,31,800,0
126.824,25.063552,121.280786,92.57,2025,12,16,8,46,32,0,0
127.024,25.063552,121.280786,92.59,2025,12,16,8,46,32,200,0
127.224,25.063552,121.280786,92.62,2025,12,16,8,46,32,400,0
127.424,25.063552,121.280786,92.64,2025,12,16,8,46,32,600,0
127.624,25.063552,121.280786,92.67,2025,12,16,8,46,32,800,0
127.824,25.063552,121.280786,92.69,2025,12,16,8,46,33,0,0
128.024,25.063552,121.280786,92.71,2025,12,16,8,46,33,200,0
128.224,25.063552,121.280786,92.75,2025,12,16,8,46,33,400,0
128.424,25.063552,121.280786,92.78,2025,12,16,8,46,33,600,0
128.624,25.063552,121.280785,92.80,2025,12,16,8,46,33,800,0
128.824,25.063552,121.280785,92.84,2025,12,16,8,46,34,200,0
129.024,25.063552,121.280785,92.86,2025,12,16,8,46,34,400,0
129.224,25.063552,121.280785,92.88,2025,12,16,8,46,34,600,0
129.424,25.063552,121.280785,92.91,2025,12,16,8,46,34,800,0
129.624,25.063552,121.280785,92.91,2025,12,16,8,46,34,800,0
129.824,25.063552,121.280785,92.96,2025,12,16,8,46,35,200,0
130.024,25.063552,121.280785,92.97,2025,12,16,8,46,35,400,0
130.224,25.063553,121.280785,93.00,2025,12,16,8,46,35,600,0
130.424,25.063553,121.280785,93.03,2025,12,16,8,46,35,800,0
130.624,25.063553,121.280785,93.07,2025,12,16,8,46,36,0,0
130.824,25.063553,121.280785,93.09,2025,12,16,8,46,36,200,0
131.024,25.063553,121.280785,93.09,2025,12,16,8,46,36,200,0
131.224,25.063553,121.280785,93.12,2025,12,16,8,46,36,400,0
131.424,25.063553,121.280785,93.14,2025,12,16,8,46,36,600,0
131.624,25.063553,121.280785,93.17,2025,12,16,8,46,36,800,0
131.824,25.063553,121.280785,93.20,2025,12,16,8,46,37,0,0
132.024,25.063553,121.280785,93.22,2025,12,16,8,46,37,200,0
132.224,25.063553,121.280784,93.25,2025,12,16,8,46,37,400,0
132.424,25.063553,121.280784,93.28,2025,12,16,8,46,37,600,0
132.624,25.063553,121.280784,93.31,2025,12,16,8,46,37,800,0
132.824,25.063553,121.280785,93.33,2025,12,16,8,46,38,0,0
133.024,25.063554,121.280784,93.37,2025,12,16,8,46,38,200,0
133.224,25.063554,121.280784,93.40,2025,12,16,8,46,38,400,0
133.424,25.063554,121.280784,93.44,2025,12,16,8,46,38,600,0
133.624,25.063554,121.280784,93.47,2025,12,16,8,46,38,800,0
133.824,25.063554,121.280784,93.53,2025,12,16,8,46,39,200,0
134.024,25.063554,121.280783,93.56,2025,12,16,8,46,39,400,0
134.224,25.063555,121.280783,93.59,2025,12,16,8,46,39,600,0
134.424,25.063555,121.280783,93.63,2025,12,16,8,46,39,800,0
134.624,25.063555,121.280783,93.63,2025,12,16,8,46,39,800,0
134.824,25.063555,121.280783,93.69,2025,12,16,8,46,40,200,0
135.024,25.063555,121.280783,93.72,2025,12,16,8,46,40,400,0
135.224,25.063555,121.280783,93.75,2025,12,16,8,46,40,600,0
135.424,25.063555,121.280783,93.78,2025,12,16,8,46,40,800,0
135.624,25.063555,121.280782,93.81,2025,12,16,8,46,41,0,0
135.824,25.063556,121.280782,93.84,2025,12,16,8,46,41,200,0
136.024,25.063556,121.280782,93.84,2025,12,16,8,46,41,200,0
136.224,25.063556,121.280782,93.87,2025,12,16,8,46,41,400,0
136.424,25.063556,121.280782,93.90,2025,12,16,8,46,41,600,0
136.624,25.063556,121.280782,93.93,2025,12,16,8,46,41,800,0
136.824,25.063556,121.280782,93.96,2025,12,16,8,46,42,0,0
137.024,25.063556,121.280782,93.99,2025,12,16,8,46,42,200,0
137.224,25.063556,121.280782,94.02,2025,12,16,8,46,42,400,0
137.424,25.063556,121.280781,94.05,2025,12,16,8,46,42,600,0
137.624,25.063556,121.280781,94.08,2025,12,16,8,46,42,800,0
137.824,25.063557,121.280781,94.10,2025,12,16,8,46,43,0,0
138.024,25.063557,121.280781,94.13,2025,12,16,8,46,43,200,0
138.224,25.063557,121.280781,94.16,2025,12,16,8,46,43,400,0
138.424,25.063557,121.280781,94.20,2025,12,16,8,46,43,600,0
138.624,25.063557,121.280781,94.22,2025,12,16,8,46,43,800,0
138.824,25.063557,121.280781,94.28,2025,12,16,8,46,44,200,0
139.024,25.063557,121.280780,94.30,2025,12,16,8,46,44,400,0
139.224,25.063558,121.280780,94.33,2025,12,16,8,46,44,600,0
139.424,25.063558,121.280780,94.36,2025,12,16,8,46,44,800,0
139.624,25.063558,121.280780,94.36,2025,12,16,8,46,44,800,0
139.824,25.063558,121.280780,94.41,2025,12,16,8,46,45,200,0
140.024,25.063558,121.280779,94.44,2025,12,16,8,46,45,400,0
140.224,25.063558,121.280779,94.46,2025,12,16,8,46,45,600,0
140.424,25.063558,121.280779,94.48,2025,12,16,8,46,45,800,0
140.624,25.063558,121.280779,94.48,2025,12,16,8,46,45,800,0
140.824,25.063558,121.280778,94.53,2025,12,16,8,46,46,200,0
141.024,25.063558,121.280778,94.56,2025,12,16,8,46,46,400,0
141.224,25.063558,121.280778,94.59,2025,12,16,8,46,46,600,0
141.424,25.063558,121.280778,94.62,2025,12,16,8,46,46,800,0
141.624,25.063558,121.280778,94.64,2025,12,16,8,46,47,0,0
141.824,25.063558,121.280777,94.67,2025,12,16,8,46,47,200,0
142.024,25.063558,121.280777,94.67,2025,12,16,8,46,47,200,0
142.224,25.063558,121.280777,94.69,2025,12,16,8,46,47,400,0
142.424,25.063558,121.280777,94.71,2025,12,16,8,46,47,600,0
142.624,25.063558,121.280777,94.74,2025,12,16,8,46,47,800,0
142.824,25.063558,121.280777,94.76,2025,12,16,8,46,48,0,0
143.024,25.063557,121.280777,94.79,2025,12,16,8,46,48,200,0
143.224,25.063557,121.280776,94.81,2025,12,16,8,46,48,400,0
143.424,25.063557,121.280776,94.83,2025,12,16,8,46,48,600,0
143.624,25.063557,121.280776,94.85,2025,12,16,8,46,48,800,0
143.824,25.063558,121.280776,94.88,2025,12,16,8,46,49,0,0
144.024,25.063558,121.280776,94.90,2025,12,16,8,46,49,200,0
144.224,25.063558,121.280776,94.92,2025,12,16,8,46,49,400,0
144.424,25.063558,121.280776,94.94,2025,12,16,8,46,49,600,0
144.624,25.063557,121.280776,94.96,2025,12,16,8,46,49,800,0
144.824,25.063557,121.280776,94.97,2025,12,16,8,46,50,0,0
145.024,25.063557,121.280775,95.01,2025,12,16,8,46,50,400,0
145.224,25.063557,121.280775,95.03,2025,12,16,8,46,50,600,0
145.424,25.063557,121.280775,95.05,2025,12,16,8,46,50,800,0
145.624,25.063557,121.280775,95.05,2025,12,16,8,46,50,800,0
145.824,25.063557,121.280775,95.08,2025,12,16,8,46,51,200,0
146.024,25.063557,121.280775,95.10,2025,12,16,8,46,51,400,0
146.224,25.063557,121.280775,95.12,2025,12,16,8,46,51,600,0
146.424,25.063557,121.280774,95.12,2025,12,16,8,46,51,800,0
146.624,25.063557,121.280774,95.12,2025,12,16,8,46,51,800,0
146.824,25.063557,121.280774,95.14,2025,12,16,8,46,52,200,0
147.024,25.063557,121.280773,95.14,2025,12,16,8,46,52,400,0
147.224,25.063557,121.280773,95.14,2025,12,16,8,46,52,600,0
147.424,25.063557,121.280773,95.14,2025,12,16,8,46,52,800,0
147.624,25.063557,121.280773,95.14,2025,12,16,8,46,52,800,0
147.824,25.063557,121.280773,95.14,2025,12,16,8,46,53,0,0
148.024,25.063557,121.280773,95.15,2025,12,16,8,46,53,200,0
148.224,25.063557,121.280772,95.15,2025,12,16,8,46,53,400,0
148.424,25.063557,121.280772,95.16,2025,12,16,8,46,53,600,0
148.624,25.063557,121.280772,95.18,2025,12,16,8,46,53,800,0
148.824,25.063557,121.280772,95.19,2025,12,16,8,46,54,0,0
149.024,25.063557,121.280772,95.20,2025,12,16,8,46,54,200,0
149.224,25.063557,121.280772,95.21,2025,12,16,8,46,54,400,0
149.424,25.063557,121.280771,95.23,2025,12,16,8,46,54,600,0
149.624,25.063557,121.280771,95.24,2025,12,16,8,46,54,800,0
149.824,25.063557,121.280771,95.25,2025,12,16,8,46,55,0,0
150.024,25.063557,121.280771,95.27,2025,12,16,8,46,55,200,0
150.224,25.063557,121.280771,95.28,2025,12,16,8,46,55,400,0
150.424,25.063557,121.280771,95.29,2025,12,16,8,46,55,600,0
150.624,25.063557,121.280771,95.31,2025,12,16,8,46,55,800,0
150.824,25.063557,121.280771,95.34,2025,12,16,8,46,56,200,0
151.024,25.063557,121.280771,95.36,2025,12,16,8,46,56,400,0
151.224,25.063557,121.280770,95.37,2025,12,16,8,46,56,600,0
151.424,25.063557,121.280770,95.38,2025,12,16,8,46,56,800,0
151.624,25.063557,121.280770,95.38,2025,12,16,8,46,56,800,0
151.824,25.063557,121.280770,95.40,2025,12,16,8,46,57,200,0
152.024,25.063557,121.280770,95.42,2025,12,16,8,46,57,400,0
152.224,25.063557,121.280770,95.43,2025,12,16,8,46,57,600,0
152.424,25.063557,121.280770,95.45,2025,12,16,8,46,57,800,0
152.624,25.063557,121.280770,95.45,2025,12,16,8,46,57,800,0
152.824,25.063558,121.280770,95.46,2025,12,16,8,46,58,0,0
153.024,25.063558,121.280770,95.47,2025,12,16,8,46,58,200,0
153.224,25.063558,121.280770,95.48,2025,12,16,8,46,58,400,0
153.424,25.063558,121.280770,95.49,2025,12,16,8,46,58,600,0
153.624,25.063558,121.280770,95.50,2025,12,16,8,46,58,800,0
153.824,25.063558,121.280770,95.51,2025,12,16,8,46,59,0,0
154.024,25.063558,121.280770,95.52,2025,12,16,8,46,59,200,0
154.224,25.063558,121.280770,95.53,2025,12,16,8,46,59,400,0
154.424,25.063558,121.280770,95.54,2025,12,16,8,46,59,600,0
154.624,25.063558,121.280770,95.55,2025,12,16,8,46,59,800,0
154.824,25.063558,121.280770,95.57,2025,12,16,8,47,0,0,0
155.024,25.063558,121.280770,95.58,2025,12,16,8,47,0,200,0
155.224,25.063558,121.280770,95.59,2025,12,16,8,47,0,400,0
155.424,25.063558,121.280770,95.60,2025,12,16,8,47,0,600,0
155.624,25.063558,121.280770,95.61,2025,12,16,8,47,0,800,0
155.824,25.063558,121.280770,95.63,2025,12,16,8,47,1,200,0
156.024,25.063558,121.280770,95.64,2025,12,16,8,47,1,400,0
156.224,25.063558,121.280770,95.65,2025,12,16,8,47,1,600,0
156.424,25.063558,121.280770,95.67,2025,12,16,8,47,1,800,0
156.624,25.063558,121.280770,95.67,2025,12,16,8,47,1,800,0
156.824,25.063558,121.280770,95.69,2025,12,16,8,47,2,200,0
157.024,25.063558,121.280770,95.71,2025,12,16,8,47,2,400,0
157.224,25.063558,121.280770,95.71,2025,12,16,8,47,2,600,0
157.424,25.063558,121.280770,95.71,2025,12,16,8,47,2,600,0
157.624,25.063558,121.280770,95.72,2025,12,16,8,47,2,800,0
157.824,25.063557,121.280770,95.73,2025,12,16,8,47,3,0,0
158.024,25.063557,121.280769,95.74,2025,12,16,8,47,3,200,0
158.224,25.063557,121.280769,95.75,2025,12,16,8,47,3,400,0
158.424,25.063557,121.280769,95.77,2025,12,16,8,47,3,600,0
158.624,25.063556,121.280769,95.78,2025,12,16,8,47,3,800,0
158.824,25.063556,121.280769,95.79,2025,12,16,8,47,4,0,0
159.024,25.063556,121.280769,95.80,2025,12,16,8,47,4,200,0
159.224,25.063556,121.280769,95.81,2025,12,16,8,47,4,400,0
159.424,25.063555,121.280769,95.81,2025,12,16,8,47,4,600,0
159.624,25.063555,121.280769,95.82,2025,12,16,8,47,4,800,0
159.824,25.063555,121.280769,95.82,2025,12,16,8,47,5,0,0
160.024,25.063555,121.280769,95.83,2025,12,16,8,47,5,200,0
160.224,25.063555,121.280769,95.83,2025,12,16,8,47,5,400,0
160.424,25.063555,121.280769,95.84,2025,12,16,8,47,5,600,0
160.624,25.063554,121.280769,95.85,2025,12,16,8,47,5,800,0
160.824,25.063554,121.280769,95.86,2025,12,16,8,47,6,200,0
161.024,25.063554,121.280769,95.86,2025,12,16,8,47,6,400,0
161.224,25.063553,121.280769,95.86,2025,12,16,8,47,6,600,0
161.424,25.063553,121.280769,95.86,2025,12,16,8,47,6,800,0
161.624,25.063553,121.280769,95.86,2025,12,16,8,47,6,800,0
161.824,25.063553,121.280769,95.87,2025,12,16,8,47,7,200,0
162.024,25.063553,121.280769,95.88,2025,12,16,8,47,7,400,0
162.224,25.063553,121.280769,95.87,2025,12,16,8,47,7,600,0
162.424,25.063553,121.280769,95.87,2025,12,16,8,47,7,600,0
162.624,25.063553,121.280769,95.86,2025,12,16,8,47,7,800,0
162.824,25.063552,121.280769,95.85,2025,12,16,8,47,8,0,0
163.024,25.063552,121.280769,95.84,2025,12,16,8,47,8,200,0
163.224,25.063552,121.280769,95.84,2025,12,16,8,47,8,400,0
163.424,25.063552,121.280769,95.83,2025,12,16,8,47,8,600,0
163.624,25.063552,121.280769,95.83,2025,12,16,8,47,8,800,0
163.824,25.063552,121.280769,95.82,2025,12,16,8,47,9,0,0
164.024,25.063551,121.280769,95.82,2025,12,16,8,47,9,200,0
164.224,25.063551,121.280769,95.82,2025,12,16,8,47,9,400,0
164.424,25.063551,121.280769,95.82,2025,12,16,8,47,9,600,0
164.624,25.063551,121.280769,95.82,2025,12,16,8,47,9,800,0
164.824,25.063551,121.280769,95.82,2025,12,16,8,47,10,0,0
165.024,25.063551,121.280769,95.82,2025,12,16,8,47,10,200,0
165.224,25.063550,121.280769,95.81,2025,12,16,8,47,10,400,0
165.424,25.063550,121.280769,95.81,2025,12,16,8,47,10,600,0
165.624,25.063550,121.280769,95.80,2025,12,16,8,47,10,800,0
165.824,25.063550,121.280769,95.79,2025,12,16,8,47,11,200,0
166.024,25.063550,121.280768,95.79,2025,12,16,8,47,11,400,0
166.224,25.063550,121.280769,95.78,2025,12,16,8,47,11,600,0
166.424,25.063550,121.280769,95.77,2025,12,16,8,47,11,800,0
166.624,25.063550,121.280769,95.77,2025,12,16,8,47,11,800,0
166.824,25.063550,121.280769,95.75,2025,12,16,8,47,12,200,0
167.024,25.063550,121.280769,95.74,2025,12,16,8,47,12,400,0
167.224,25.063549,121.280769,95.74,2025,12,16,8,47,12,600,0
167.424,25.063549,121.280769,95.74,2025,12,16,8,47,12,600,0
167.624,25.063549,121.280769,95.73,2025,12,16,8,47,12,800,0
167.824,25.063549,121.280769,95.72,2025,12,16,8,47,13,0,0
168.024,25.063549,121.280768,95.71,2025,12,16,8,47,13,200,0
168.224,25.063549,121.280768,95.70,2025,12,16,8,47,13,400,0
168.424,25.063549,121.280768,95.69,2025,12,16,8,47,13,600,0
168.624,25.063549,121.280768,95.68,2025,12,16,8,47,13,800,0
168.824,25.063549,121.280768,95.67,2025,12,16,8,47,14,0,0
169.024,25.063549,121.280768,95.66,2025,12,16,8,47,14,200,0
169.224,25.063548,121.280769,95.65,2025,12,16,8,47,14,400,0
169.424,25.063548,121.280769,95.63,2025,12,16,8,47,14,600,0
169.624,25.063548,121.280769,95.60,2025,12,16,8,47,14,800,0
169.824,25.063548,121.280769,95.58,2025,12,16,8,47,15,0,0
170.024,25.063547,121.280769,95.55,2025,12,16,8,47,15,200,0
170.224,25.063547,121.280770,95.53,2025,12,16,8,47,15,400,0
170.424,25.063547,121.280770,95.49,2025,12,16,8,47,15,600,0
170.624,25.063547,121.280770,95.47,2025,12,16,8,47,15,800,0
170.824,25.063546,121.280770,95.41,2025,12,16,8,47,16,200,0
171.024,25.063546,121.280770,95.38,2025,12,16,8,47,16,400,0
171.224,25.063546,121.280771,95.35,2025,12,16,8,47,16,600,0
171.424,25.063546,121.280771,95.32,2025,12,16,8,47,16,800,0
171.624,25.063546,121.280771,95.32,2025,12,16,8,47,16,800,0
171.824,25.063545,121.280771,95.25,2025,12,16,8,47,17,200,0
172.024,25.063545,121.280772,95.22,2025,12,16,8,47,17,400,0
172.224,25.063545,121.280772,95.19,2025,12,16,8,47,17,600,0
172.424,25.063545,121.280772,95.19,2025,12,16,8,47,17,600,0
172.624,25.063545,121.280772,95.17,2025,12,16,8,47,17,800,0
172.824,25.063545,121.280772,95.14,2025,12,16,8,47,18,0,0
173.024,25.063545,121.280773,95.11,2025,12,16,8,47,18,200,0
173.224,25.063544,121.280773,95.08,2025,12,16,8,47,18,400,0
173.424,25.063544,121.280773,95.05,2025,12,16,8,47,18,600,0
173.624,25.063544,121.280773,95.02,2025,12,16,8,47,18,800,0
173.824,25.063544,121.280773,94.99,2025,12,16,8,47,19,0,0
174.024,25.063544,121.280774,94.96,2025,12,16,8,47,19,200,0
174.224,25.063544,121.280774,94.93,2025,12,16,8,47,19,400,0
174.424,25.063544,121.280774,94.89,2025,12,16,8,47,19,600,0
174.624,25.063543,121.280774,94.86,2025,12,16,8,47,19,800,0
174.824,25.063543,121.280774,94.83,2025,12,16,8,47,20,0,0
175.024,25.063543,121.280775,94.81,2025,12,16,8,47,20,200,0
175.224,25.063543,121.280775,94.78,2025,12,16,8,47,20,400,0
175.424,25.063543,121.280775,94.75,2025,12,16,8,47,20,600,0
175.624,25.063543,121.280775,94.72,2025,12,16,8,47,20,800,0
175.824,25.063543,121.280776,94.66,2025,12,16,8,47,21,200,0
176.024,25.063543,121.280776,94.63,2025,12,16,8,47,21,400,0
176.224,25.063543,121.280776,94.60,2025,12,16,8,47,21,600,0
176.424,25.063542,121.280776,94.58,2025,12,16,8,47,21,800,0
176.624,25.063542,121.280776,94.58,2025,12,16,8,47,21,800,0
176.824,25.063542,121.280777,94.51,2025,12,16,8,47,22,200,0
177.024,25.063542,121.280777,94.48,2025,12,16,8,47,22,400,0
177.224,25.063542,121.280777,94.45,2025,12,16,8,47,22,600,0
177.424,25.063542,121.280777,94.45,2025,12,16,8,47,22,600,0
177.624,25.063542,121.280777,94.42,2025,12,16,8,47,22,800,0
177.824,25.063542,121.280777,94.39,2025,12,16,8,47,23,0,0
178.024,25.063542,121.280778,94.36,2025,12,16,8,47,23,200,0
178.224,25.063542,121.280778,94.33,2025,12,16,8,47,23,400,0
178.424,25.063542,121.280778,94.30,2025,12,16,8,47,23,600,0
178.624,25.063542,121.280778,94.27,2025,12,16,8,47,23,800,0
178.824,25.063541,121.280778,94.25,2025,12,16,8,47,24,0,0
179.024,25.063541,121.280779,94.21,2025,12,16,8,47,24,200,0
179.224,25.063541,121.280779,94.19,2025,12,16,8,47,24,400,0
179.424,25.063541,121.280779,94.16,2025,12,16,8,47,24,600,0
179.624,25.063541,121.280779,94.13,2025,12,16,8,47,24,800,0
179.824,25.063541,121.280779,94.10,2025,12,16,8,47,25,0,0
180.024,25.063541,121.280780,94.08,2025,12,16,8,47,25,200,0
180.224,25.063541,121.280780,94.05,2025,12,16,8,47,25,400,0
180.424,25.063541,121.280780,94.03,2025,12,16,8,47,25,600,0
180.624,25.063541,121.280780,94.00,2025,12,16,8,47,25,800,0
180.824,25.063541,121.280781,93.95,2025,12,16,8,47,26,200,0
181.024,25.063541,121.280781,93.92,2025,12,16,8,47,26,400,0
181.224,25.063541,121.280781,93.89,2025,12,16,8,47,26,600,0
181.424,25.063540,121.280781,93.87,2025,12,16,8,47,26,800,0
181.624,25.063540,121.280781,93.87,2025,12,16,8,47,26,800,0
181.824,25.063540,121.280782,93.83,2025,12,16,8,47,27,200,0
182.024,25.063540,121.280782,93.80,2025,12,16,8,47,27,400,0
182.224,25.063540,121.280782,93.78,2025,12,16,8,47,27,600,0
182.424,25.063540,121.280782,93.78,2025,12,16,8,47,27,600,0
182.624,25.063540,121.280782,93.76,2025,12,16,8,47,27,800,0
182.824,25.063540,121.280782,93.74,2025,12,16,8,47,28,0,0
183.024,25.063540,121.280783,93.71,2025,12,16,8,47,28,200,0
183.224,25.063540,121.280783,93.68,2025,12,16,8,47,28,400,1
183.424,25.063540,121.280783,93.66,2025,12,16,8,47,28,600,1
183.624,25.063540,121.280783,93.64,2025,12,16,8,47,28,800,1
183.824,25.063540,121.280783,93.63,2025,12,16,8,47,29,0,1
184.024,25.063540,121.280783,93.61,2025,12,16,8,47,29,200,1
184.224,25.063540,121.280783,93.59,2025,12,16,8,47,29,400,1
184.424,25.063540,121.280783,93.56,2025,12,16,8,47,29,600,1
184.624,25.063540,121.280784,93.54,2025,12,16,8,47,29,800,1
184.824,25.063540,121.280784,93.52,2025,12,16,8,47,30,0,1
185.024,25.063539,121.280784,93.51,2025,12,16,8,47,30,200,1
185.224,25.063539,121.280784,93.49,2025,12,16,8,47,30,400,1
185.424,25.063539,121.280784,93.47,2025,12,16,8,47,30,600,1
185.624,25.063539,121.280784,93.45,2025,12,16,8,47,30,800,1
185.824,25.063539,121.280784,93.43,2025,12,16,8,47,31,200,1
186.024,25.063539,121.280784,93.42,2025,12,16,8,47,31,400,1
186.224,25.063539,121.280784,93.41,2025,12,16,8,47,31,600,1
186.424,25.063539,121.280785,93.39,2025,12,16,8,47,31,800,1
186.624,25.063539,121.280785,93.39,2025,12,16,8,47,31,800,1
186.824,25.063539,121.280785,93.38,2025,12,16,8,47,32,200,1
187.024,25.063539,121.280785,93.36,2025,12,16,8,47,32,400,1
187.224,25.063539,121.280785,93.35,2025,12,16,8,47,32,600,1
187.424,25.063539,121.280785,93.34,2025,12,16,8,47,32,800,1
187.624,25.063539,121.280785,93.34,2025,12,16,8,47,32,800,1
187.824,25.063539,121.280785,93.33,2025,12,16,8,47,33,200,1
188.024,25.063539,121.280785,93.32,2025,12,16,8,47,33,400,0
188.224,25.063539,121.280785,93.32,2025,12,16,8,47,33,400,0
188.424,25.063539,121.280786,93.31,2025,12,16,8,47,33,600,0
188.624,25.063539,121.280786,93.29,2025,12,16,8,47,33,800,0
188.824,25.063539,121.280786,93.28,2025,12,16,8,47,34,0,0
189.024,25.063539,121.280786,93.26,2025,12,16,8,47,34,200,0
189.224,25.063539,121.280786,93.25,2025,12,16,8,47,34,400,0
189.424,25.063539,121.280786,93.24,2025,12,16,8,47,34,600,0
189.624,25.063539,121.280786,93.24,2025,12,16,8,47,34,800,0
189.824,25.063539,121.280786,93.23,2025,12,16,8,47,35,0,0
190.024,25.063539,121.280786,93.21,2025,12,16,8,47,35,200,0
190.224,25.063539,121.280786,93.20,2025,12,16,8,47,35,400,0
190.424,25.063539,121.280787,93.19,2025,12,16,8,47,35,600,0
190.624,25.063538,121.280787,93.18,2025,12,16,8,47,35,800,0
190.824,25.063538,121.280787,93.17,2025,12,16,8,47,36,0,0
191.024,25.063538,121.280787,93.15,2025,12,16,8,47,36,200,0
191.224,25.063538,121.280787,93.14,2025,12,16,8,47,36,400,0
191.424,25.063538,121.280787,93.13,2025,12,16,8,47,36,600,0
191.624,25.063538,121.280787,93.12,2025,12,16,8,47,36,800,0
191.824,25.063538,121.280787,93.10,2025,12,16,8,47,37,200,0
192.024,25.063538,121.280787,93.09,2025,12,16,8,47,37,400,0
192.224,25.063538,121.280787,93.09,2025,12,16,8,47,37,600,0
192.424,25.063538,121.280788,93.09,2025,12,16,8,47,37,800,0
192.624,25.063538,121.280788,93.09,2025,12,16,8,47,37,800,0
192.824,25.063538,121.280788,93.07,2025,12,16,8,47,38,200,0
193.024,25.063538,121.280788,93.07,2025,12,16,8,47,38,400,0
193.224,25.063538,121.280788,93.07,2025,12,16,8,47,38,400,0
193.424,25.063538,121.280788,93.06,2025,12,16,8,47,38,600,0
193.624,25.063538,121.280788,93.06,2025,12,16,8,47,38,800,0
193.824,25.063538,121.280788,93.06,2025,12,16,8,47,39,0,0
194.024,25.063538,121.280788,93.05,2025,12,16,8,47,39,200,0
194.224,25.063538,121.280788,93.05,2025,12,16,8,47,39,400,0
194.424,25.063538,121.280788,93.04,2025,12,16,8,47,39,600,0
194.624,25.063538,121.280788,93.04,2025,12,16,8,47,39,800,0
194.824,25.063538,121.280788,93.03,2025,12,16,8,47,40,0,0
195.024,25.063538,121.280788,93.02,2025,12,16,8,47,40,200,0
195.224,25.063538,121.280789,93.01,2025,12,16,8,47,40,400,0
195.424,25.063538,121.280789,93.00,2025,12,16,8,47,40,600,0
195.624,25.063538,121.280789,92.99,2025,12,16,8,47,40,800,0
195.824,25.063538,121.280789,92.97,2025,12,16,8,47,41,0,0
196.024,25.063537,121.280789,92.96,2025,12,16,8,47,41,200,0
196.224,25.063537,121.280789,92.96,2025,12,16,8,47,41,400,0
196.424,25.063537,121.280789,92.95,2025,12,16,8,47,41,600,0
196.624,25.063537,121.280789,92.94,2025,12,16,8,47,41,800,0
196.824,25.063537,121.280790,92.92,2025,12,16,8,47,42,200,0
197.024,25.063537,121.280790,92.91,2025,12,16,8,47,42,400,0
197.224,25.063537,121.280790,92.90,2025,12,16,8,47,42,600,0
197.424,25.063537,121.280790,92.89,2025,12,16,8,47,42,800,0
197.624,25.063537,121.280790,92.89,2025,12,16,8,47,42,800,0
197.824,25.063537,121.280790,92.88,2025,12,16,8,47,43,200,0
198.024,25.063537,121.280790,92.88,2025,12,16,8,47,43,200,0
198.224,25.063537,121.280790,92.88,2025,12,16,8,47,43,400,0
198.424,25.063537,121.280790,92.87,2025,12,16,8,47,43,600,0
198.624,25.063537,121.280791,92.87,2025,12,16,8,47,43,800,0
198.824,25.063537,121.280791,92.87,2025,12,16,8,47,44,0,0
199.024,25.063537,121.280791,92.87,2025,12,16,8,47,44,200,0
199.224,25.063537,121.280791,92.87,2025,12,16,8,47,44,400,0
199.424,25.063537,121.280791,92.87,2025,12,16,8,47,44,600,0
199.624,25.063537,121.280791,92.87,2025,12,16,8,47,44,800,0
199.824,25.063537,121.280791,92.87,2025,12,16,8,47,45,0,0
200.024,25.063537,121.280792,92.88,2025,12,16,8,47,45,200,0
200.224,25.063537,121.280792,92.88,2025,12,16,8,47,45,400,0
200.424,25.063537,121.280792,92.88,2025,12,16,8,47,45,600,0
200.624,25.063537,121.280792,92.88,2025,12,16,8,47,45,800,0
200.824,25.063537,121.280792,92.88,2025,12,16,8,47,46,0,0
201.024,25.063537,121.280792,92.88,2025,12,16,8,47,46,200,0
201.224,25.063537,121.280792,92.87,2025,12,16,8,47,46,400,0
201.424,25.063537,121.280792,92.87,2025,12,16,8,47,46,600,0
201.624,25.063537,121.280792,92.87,2025,12,16,8,47,46,800,0
201.824,25.063537,121.280792,92.86,2025,12,16,8,47,47,200,0
202.024,25.063537,121.280792,92.86,2025,12,16,8,47,47,400,0
202.224,25.063537,121.280792,92.86,2025,12,16,8,47,47,600,0
202.424,25.063537,121.280792,92.86,2025,12,16,8,47,47,800,0
202.624,25.063537,121.280792,92.86,2025,12,16,8,47,47,800,0
202.824,25.063537,121.280792,92.85,2025,12,16,8,47,48,200,0
203.024,25.063537,121.280792,92.85,2025,12,16,8,47,48,200,0
203.224,25.063537,121.280792,92.85,2025,12,16,8,47,48,400,0
203.424,25.063537,121.280793,92.84,2025,12,16,8,47,48,600,0
203.624,25.063537,121.280793,92.84,2025,12,16,8,47,48,800,0
203.824,25.063537,121.280793,92.84,2025,12,16,8,47,49,0,0
204.024,25.063537,121.280793,92.84,2025,12,16,8,47,49,200,0
204.224,25.063537,121.280793,92.83,2025,12,16,8,47,49,400,0
204.424,25.063537,121.280793,92.83,2025,12,16,8,47,49,600,0
204.624,25.063537,121.280793,92.82,2025,12,16,8,47,49,800,0
204.824,25.063537,121.280793,92.81,2025,12,16,8,47,50,0,0
205.024,25.063537,121.280793,92.81,2025,12,16,8,47,50,200,0
205.224,25.063537,121.280793,92.81,2025,12,16,8,47,50,400,0
205.424,25.063537,121.280793,92.80,2025,12,16,8,47,50,600,0
205.624,25.063537,121.280793,92.80,2025,12,16,8,47,50,800,0
205.824,25.063537,121.280793,92.80,2025,12,16,8,47,51,0,0
206.024,25.063537,121.280793,92.80,2025,12,16,8,47,51,200,0
206.224,25.063537,121.280793,92.79,2025,12,16,8,47,51,400,0
206.424,25.063537,121.280793,92.78,2025,12,16,8,47,51,600,0
206.624,25.063537,121.280793,92.78,2025,12,16,8,47,51,800,0
206.824,25.063537,121.280793,92.77,2025,12,16,8,47,52,200,0
207.024,25.063537,121.280793,92.77,2025,12,16,8,47,52,400,0
207.224,25.063537,121.280793,92.77,2025,12,16,8,47,52,600,0
207.424,25.063538,121.280793,92.77,2025,12,16,8,47,52,800,0
207.624,25.063538,121.280793,92.77,2025,12,16,8,47,52,800,0
207.824,25.063538,121.280793,92.77,2025,12,16,8,47,53,200,0
208.024,25.063538,121.280793,92.77,2025,12,16,8,47,53,200,0
208.224,25.063538,121.280793,92.77,2025,12,16,8,47,53,400,0
208.424,25.063538,121.280793,92.76,2025,12,16,8,47,53,600,0
208.624,25.063538,121.280793,92.75,2025,12,16,8,47,53,800,0
208.824,25.063538,121.280793,92.74,2025,12,16,8,47,54,0,0
209.024,25.063538,121.280793,92.74,2025,12,16,8,47,54,200,0
209.224,25.063538,121.280793,92.71,2025,12,16,8,47,54,400,0
209.424,25.063538,121.280793,92.69,2025,12,16,8,47,54,600,0
209.624,25.063538,121.280793,92.67,2025,12,16,8,47,54,800,0
209.824,25.063538,121.280793,92.64,2025,12,16,8,47,55,0,0
210.024,25.063537,121.280793,92.62,2025,12,16,8,47,55,200,0
210.224,25.063537,121.280793,92.59,2025,12,16,8,47,55,400,0
210.424,25.063537,121.280793,92.57,2025,12,16,8,47,55,600,0
210.624,25.063537,121.280793,92.54,2025,12,16,8,47,55,800,0
210.824,25.063537,121.280793,92.52,2025,12,16,8,47,56,0,0
211.024,25.063537,121.280793,92.50,2025,12,16,8,47,56,200,0
211.224,25.063537,121.280793,92.48,2025,12,16,8,47,56,400,0
211.424,25.063537,121.280793,92.47,2025,12,16,8,47,56,600,0
211.624,25.063537,121.280793,92.44,2025,12,16,8,47,56,800,0
211.824,25.063537,121.280793,92.40,2025,12,16,8,47,57,200,0
212.024,25.063537,121.280793,92.37,2025,12,16,8,47,57,400,0
212.224,25.063537,121.280793,92.35,2025,12,16,8,47,57,600,0
212.424,25.063537,121.280793,92.32,2025,12,16,8,47,57,800,0
212.624,25.063537,121.280793,92.32,2025,12,16,8,47,57,800,0
212.824,25.063536,121.280793,92.28,2025,12,16,8,47,58,200,0
213.024,25.063536,121.280793,92.28,2025,12,16,8,47,58,200,0
213.224,25.063536,121.280793,92.26,2025,12,16,8,47,58,400,0
213.424,25.063536,121.280793,92.24,2025,12,16,8,47,58,600,0
213.624,25.063536,121.280793,92.23,2025,12,16,8,47,58,800,0
213.824,25.063536,121.280793,92.21,2025,12,16,8,47,59,0,0
214.024,25.063536,121.280793,92.19,2025,12,16,8,47,59,200,0
214.224,25.063536,121.280793,92.17,2025,12,16,8,47,59,400,0
214.424,25.063536,121.280793,92.15,2025,12,16,8,47,59,600,0
214.624,25.063536,121.280793,92.12,2025,12,16,8,47,59,800,0
214.824,25.063536,121.280793,92.10,2025,12,16,8,48,0,0,0
215.024,25.063535,121.280793,92.08,2025,12,16,8,48,0,200,0
215.224,25.063535,121.280793,92.04,2025,12,16,8,48,0,400,0
215.424,25.063535,121.280793,92.02,2025,12,16,8,48,0,600,0
215.624,25.063535,121.280793,92.00,2025,12,16,8,48,0,800,0
215.824,25.063535,121.280793,91.99,2025,12,16,8,48,1,0,0
216.024,25.063535,121.280793,91.97,2025,12,16,8,48,1,200,0
216.224,25.063535,121.280793,91.95,2025,12,16,8,48,1,400,0
216.424,25.063535,121.280793,91.93,2025,12,16,8,48,1,600,0
216.624,25.063535,121.280793,91.91,2025,12,16,8,48,1,800,0
216.824,25.063535,121.280793,91.87,2025,12,16,8,48,2,200,0
217.024,25.063535,121.280793,91.85,2025,12,16,8,48,2,400,0
217.224,25.063534,121.280793,91.84,2025,12,16,8,48,2,600,0
217.424,25.063534,121.280793,91.82,2025,12,16,8,48,2,800,0
217.624,25.063534,121.280793,91.82,2025,12,16,8,48,2,800,0
217.825,25.063534,121.280793,91.78,2025,12,16,8,48,3,200,0
218.025,25.063534,121.280793,91.78,2025,12,16,8,48,3,200,0
218.225,25.063534,121.280793,91.76,2025,12,16,8,48,3,400,0
218.425,25.063534,121.280793,91.74,2025,12,16,8,48,3,600,0
218.625,25.063534,121.280793,91.72,2025,12,16,8,48,3,800,0
218.825,25.063534,121.280793,91.70,2025,12,16,8,48,4,0,0
219.025,25.063534,121.280793,91.68,2025,12,16,8,48,4,200,0
219.225,25.063534,121.280793,91.67,2025,12,16,8,48,4,400,0
219.425,25.063534,121.280793,91.65,2025,12,16,8,48,4,600,0
219.625,25.063534,121.280793,91.63,2025,12,16,8,48,4,800,0
219.825,25.063534,121.280793,91.61,2025,12,16,8,48,5,0,0
220.025,25.063534,121.280793,91.60,2025,12,16,8,48,5,200,0
220.225,25.063534,121.280793,91.59,2025,12,16,8,48,5,400,0
220.425,25.063534,121.280793,91.57,2025,12,16,8,48,5,600,0
220.625,25.063534,121.280793,91.55,2025,12,16,8,48,5,800,0
220.825,25.063534,121.280793,91.54,2025,12,16,8,48,6,0,0
221.025,25.063533,121.280793,91.51,2025,12,16,8,48,6,200,0
221.225,25.063533,121.280793,91.50,2025,12,16,8,48,6,400,0
221.425,25.063533,121.280793,91.48,2025,12,16,8,48,6,600,0
221.625,25.063533,121.280793,91.47,2025,12,16,8,48,6,800,0
221.825,25.063533,121.280793,91.44,2025,12,16,8,48,7,200,0
222.025,25.063533,121.280793,91.42,2025,12,16,8,48,7,400,0
222.225,25.063533,121.280792,91.41,2025,12,16,8,48,7,600,0
222.425,25.063533,121.280792,91.39,2025,12,16,8,48,7,800,0
222.625,25.063533,121.280792,91.39,2025,12,16,8,48,7,800,0
222.825,25.063533,121.280792,91.37,2025,12,16,8,48,8,200,0
223.025,25.063533,121.280792,91.36,2025,12,16,8,48,8,400,0
223.225,25.063533,121.280792,91.36,2025,12,16,8,48,8,400,0
223.425,25.063533,121.280792,91.35,2025,12,16,8,48,8,600,0
223.625,25.063532,121.280792,91.34,2025,12,16,8,48,8,800,0
223.825,25.063532,121.280792,91.32,2025,12,16,8,48,9,0,0
224.025,25.063532,121.280792,91.31,2025,12,16,8,48,9,200,0
224.225,25.063532,121.280792,91.30,2025,12,16,8,48,9,400,0
224.425,25.063532,121.280792,91.29,2025,12,16,8,48,9,600,0
224.625,25.063532,121.280792,91.28,2025,12,16,8,48,9,800,0
224.825,25.063532,121.280792,91.27,2025,12,16,8,48,10,0,0
225.025,25.063532,121.280792,91.26,2025,12,16,8,48,10,200,0
225.225,25.063532,121.280792,91.25,2025,12,16,8,48,10,400,0
225.425,25.063532,121.280792,91.25,2025,12,16,8,48,10,600,0
225.625,25.063532,121.280792,91.22,2025,12,16,8,48,10,800,0
225.825,25.063532,121.280792,91.21,2025,12,16,8,48,11,0,0
226.025,25.063532,121.280792,91.21,2025,12,16,8,48,11,200,0
226.225,25.063532,121.280792,91.20,2025,12,16,8,48,11,400,0
226.425,25.063531,121.280792,91.19,2025,12,16,8,48,11,600,0
226.625,25.063531,121.280792,91.18,2025,12,16,8,48,11,800,0
226.825,25.063531,121.280792,91.16,2025,12,16,8,48,12,200,0
227.025,25.063531,121.280792,91.16,2025,12,16,8,48,12,400,0
227.225,25.063531,121.280792,91.15,2025,12,16,8,48,12,600,0
227.425,25.063531,121.280792,91.15,2025,12,16,8,48,12,800,0
227.625,25.063531,121.280792,91.15,2025,12,16,8,48,12,800,0
227.825,25.063531,121.280792,91.14,2025,12,16,8,48,13,200,0
228.025,25.063531,121.280792,91.14,2025,12,16,8,48,13,200,0
228.225,25.063531,121.280792,91.13,2025,12,16,8,48,13,400,0
228.425,25.063531,121.280792,91.12,2025,12,16,8,48,13,600,0
228.625,25.063531,121.280792,91.12,2025,12,16,8,48,13,800,0
228.825,25.063531,121.280792,91.10,2025,12,16,8,48,14,0,0
229.025,25.063531,121.280791,91.10,2025,12,16,8,48,14,200,0
229.225,25.063531,121.280791,91.09,2025,12,16,8,48,14,400,0
229.425,25.063531,121.280791,91.08,2025,12,16,8,48,14,600,0
229.625,25.063531,121.280791,91.08,2025,12,16,8,48,14,800,0
229.825,25.063531,121.280791,91.07,2025,12,16,8,48,15,0,0
230.025,25.063531,121.280791,91.07,2025,12,16,8,48,15,200,0
230.225,25.063531,121.280791,91.07,2025,12,16,8,48,15,400,0
230.425,25.063531,121.280791,91.07,2025,12,16,8,48,15,600,0
230.625,25.063531,121.280791,91.07,2025,12,16,8,48,15,800,0
230.825,25.063531,121.280791,91.06,2025,12,16,8,48,16,0,0
231.025,25.063531,121.280791,91.05,2025,12,16,8,48,16,200,0
231.225,25.063531,121.280791,91.05,2025,12,16,8,48,16,400,0
231.425,25.063531,121.280791,91.04,2025,12,16,8,48,16,600,0
231.625,25.063531,121.280791,91.04,2025,12,16,8,48,16,800,0
231.825,25.063531,121.280790,91.04,2025,12,16,8,48,17,200,0
232.025,25.063531,121.280790,91.04,2025,12,16,8,48,17,400,0
232.225,25.063531,121.280790,91.03,2025,12,16,8,48,17,600,0
232.425,25.063531,121.280790,91.03,2025,12,16,8,48,17,800,0
232.625,25.063531,121.280790,91.03,2025,12,16,8,48,17,800,0
232.825,25.063531,121.280790,91.03,2025,12,16,8,48,18,200,0
233.025,25.063531,121.280790,91.03,2025,12,16,8,48,18,200,0
233.225,25.063531,121.280790,91.03,2025,12,16,8,48,18,400,0
233.425,25.063531,121.280790,91.03,2025,12,16,8,48,18,600,0
233.625,25.063531,121.280790,91.03,2025,12,16,8,48,18,800,0
233.825,25.063531,121.280790,91.03,2025,12,16,8,48,19,0,0
234.025,25.063531,121.280789,91.03,2025,12,16,8,48,19,200,0
234.225,25.063531,121.280789,91.02,2025,12,16,8,48,19,400,0
234.425,25.063531,121.280789,91.02,2025,12,16,8,48,19,600,0
234.625,25.063530,121.280789,91.00,2025,12,16,8,48,19,800,0
234.825,25.063531,121.280789,90.99,2025,12,16,8,48,20,0,0
235.025,25.063530,121.280788,90.99,2025,12,16,8,48,20,200,0
235.225,25.063530,121.280788,90.99,2025,12,16,8,48,20,400,0
235.425,25.063530,121.280788,90.98,2025,12,16,8,48,20,600,0
235.625,25.063530,121.280788,90.97,2025,12,16,8,48,20,800,0
235.825,25.063530,121.280788,90.96,2025,12,16,8,48,21,0,0
236.025,25.063530,121.280788,90.96,2025,12,16,8,48,21,200,0
236.225,25.063530,121.280788,90.96,2025,12,16,8,48,21,400,0
236.425,25.063530,121.280788,90.96,2025,12,16,8,48,21,600,0
236.625,25.063530,121.280788,90.95,2025,12,16,8,48,21,800,0
236.825,25.063531,121.280788,90.94,2025,12,16,8,48,22,200,0
237.025,25.063531,121.280788,90.93,2025,12,16,8,48,22,400,0
237.225,25.063531,121.280787,90.93,2025,12,16,8,48,22,600,0
237.425,25.063531,121.280787,90.93,2025,12,16,8,48,22,800,0
237.625,25.063531,121.280787,90.93,2025,12,16,8,48,22,800,0
237.825,25.063531,121.280787,90.93,2025,12,16,8,48,22,800,0
238.025,25.063531,121.280787,90.90,2025,12,16,8,48,23,200,0
238.225,25.063531,121.280787,90.90,2025,12,16,8,48,23,400,0
238.425,25.063531,121.280787,90.89,2025,12,16,8,48,23,600,0
238.625,25.063531,121.280787,90.89,2025,12,16,8,48,23,800,0
238.825,25.063531,121.280787,90.88,2025,12,16,8,48,24,0,0
239.025,25.063531,121.280787,90.88,2025,12,16,8,48,24,200,0
239.225,25.063531,121.280787,90.88,2025,12,16,8,48,24,400,0
239.425,25.063531,121.280787,90.88,2025,12,16,8,48,24,600,0
239.625,25.063531,121.280787,90.88,2025,12,16,8,48,24,800,0
239.825,25.063531,121.280787,90.88,2025,12,16,8,48,25,0,0
240.025,25.063531,121.280787,90.87,2025,12,16,8,48,25,200,0
240.225,25.063531,121.280787,90.86,2025,12,16,8,48,25,400,0
240.425,25.063531,121.280787,90.85,2025,12,16,8,48,25,600,0
240.625,25.063531,121.280786,90.84,2025,12,16,8,48,25,800,0
240.825,25.063531,121.280786,90.83,2025,12,16,8,48,26,0,0
241.025,25.063531,121.280786,90.82,2025,12,16,8,48,26,200,0
241.225,25.063531,121.280786,90.82,2025,12,16,8,48,26,400,0
241.425,25.063531,121.280786,90.80,2025,12,16,8,48,26,600,0
241.625,25.063531,121.280786,90.79,2025,12,16,8,48,26,800,0
241.825,25.063531,121.280786,90.78,2025,12,16,8,48,27,200,0
242.025,25.063531,121.280786,90.77,2025,12,16,8,48,27,400,0
242.225,25.063531,121.280785,90.75,2025,12,16,8,48,27,600,0
242.425,25.063531,121.280785,90.75,2025,12,16,8,48,27,800,0
242.625,25.063531,121.280785,90.75,2025,12,16,8,48,27,800,0
242.825,25.063531,121.280785,90.75,2025,12,16,8,48,27,800,0
243.025,25.063531,121.280785,90.73,2025,12,16,8,48,28,200,0
243.225,25.063531,121.280785,90.73,2025,12,16,8,48,28,400,0
243.425,25.063531,121.280785,90.72,2025,12,16,8,48,28,600,0
243.625,25.063531,121.280785,90.71,2025,12,16,8,48,28,800,0
243.825,25.063531,121.280785,90.69,2025,12,16,8,48,29,0,0
244.025,25.063531,121.280785,90.68,2025,12,16,8,48,29,200,0
244.225,25.063531,121.280785,90.67,2025,12,16,8,48,29,400,0
244.425,25.063531,121.280785,90.66,2025,12,16,8,48,29,600,0
244.625,25.063531,121.280784,90.64,2025,12,16,8,48,29,800,0
244.825,25.063531,121.280784,90.63,2025,12,16,8,48,30,0,0
245.025,25.063531,121.280784,90.63,2025,12,16,8,48,30,200,0
245.225,25.063531,121.280784,90.63,2025,12,16,8,48,30,400,0
245.425,25.063531,121.280784,90.63,2025,12,16,8,48,30,600,0
245.625,25.063531,121.280784,90.62,2025,12,16,8,48,30,800,0
245.825,25.063531,121.280784,90.60,2025,12,16,8,48,31,0,0
246.025,25.063531,121.280784,90.59,2025,12,16,8,48,31,200,0
246.225,25.063531,121.280784,90.58,2025,12,16,8,48,31,400,0
246.425,25.063531,121.280784,90.56,2025,12,16,8,48,31,600,0
246.625,25.063531,121.280784,90.55,2025,12,16,8,48,31,800,0
246.825,25.063531,121.280783,90.52,2025,12,16,8,48,32,200,0
247.025,25.063531,121.280783,90.51,2025,12,16,8,48,32,400,0
247.225,25.063531,121.280783,90.49,2025,12,16,8,48,32,600,0
247.425,25.063531,121.280783,90.48,2025,12,16,8,48,32,800,0
247.625,25.063531,121.280783,90.48,2025,12,16,8,48,32,800,0
247.825,25.063531,121.280783,90.48,2025,12,16,8,48,32,800,0
248.025,25.063532,121.280783,90.46,2025,12,16,8,48,33,200,0
248.225,25.063532,121.280783,90.44,2025,12,16,8,48,33,400,0
248.425,25.063532,121.280783,90.42,2025,12,16,8,48,33,600,0
248.625,25.063532,121.280782,90.40,2025,12,16,8,48,33,800,0
248.825,25.063532,121.280782,90.38,2025,12,16,8,48,34,0,0
249.025,25.063532,121.280782,90.37,2025,12,16,8,48,34,200,0
249.225,25.063532,121.280782,90.35,2025,12,16,8,48,34,400,0
249.425,25.063532,121.280782,90.34,2025,12,16,8,48,34,600,0
249.625,25.063532,121.280782,90.32,2025,12,16,8,48,34,800,0
249.825,25.063532,121.280782,90.30,2025,12,16,8,48,35,0,0
250.025,25.063532,121.280782,90.29,2025,12,16,8,48,35,200,0
250.225,25.063532,121.280782,90.28,2025,12,16,8,48,35,400,0
250.425,25.063532,121.280782,90.26,2025,12,16,8,48,35,600,0
250.625,25.063532,121.280782,90.25,2025,12,16,8,48,35,800,0
250.825,25.063532,121.280782,90.24,2025,12,16,8,48,36,0,0
251.025,25.063532,121.280782,90.23,2025,12,16,8,48,36,200,0
251.225,25.063532,121.280782,90.22,2025,12,16,8,48,36,400,0
251.425,25.063532,121.280782,90.21,2025,12,16,8,48,36,600,0
251.625,25.063532,121.280782,90.21,2025,12,16,8,48,36,800,0
251.825,25.063532,121.280782,90.19,2025,12,16,8,48,37,200,0
252.025,25.063532,121.280782,90.18,2025,12,16,8,48,37,400,0
252.225,25.063532,121.280782,90.17,2025,12,16,8,48,37,600,0
252.425,25.063532,121.280782,90.16,2025,12,16,8,48,37,800,0
252.625,25.063532,121.280782,90.16,2025,12,16,8,48,37,800,0
252.825,25.063532,121.280782,90.16,2025,12,16,8,48,37,800,0
253.025,25.063532,121.280782,90.13,2025,12,16,8,48,38,200,0
253.225,25.063531,121.280782,90.11,2025,12,16,8,48,38,400,0
253.425,25.063531,121.280782,90.10,2025,12,16,8,48,38,600,0
253.625,25.063531,121.280782,90.09,2025,12,16,8,48,38,800,0
253.825,25.063531,121.280782,90.08,2025,12,16,8,48,39,0,0
254.025,25.063531,121.280782,90.06,2025,12,16,8,48,39,200,0
254.225,25.063531,121.280782,90.06,2025,12,16,8,48,39,400,0
254.425,25.063531,121.280782,90.05,2025,12,16,8,48,39,600,0
254.625,25.063531,121.280782,90.04,2025,12,16,8,48,39,800,0
254.825,25.063531,121.280782,90.02,2025,12,16,8,48,40,0,0
255.025,25.063531,121.280782,90.00,2025,12,16,8,48,40,200,0
255.225,25.063531,121.280782,89.99,2025,12,16,8,48,40,400,0
255.425,25.063531,121.280782,89.98,2025,12,16,8,48,40,600,0
255.625,25.063531,121.280782,89.97,2025,12,16,8,48,40,800,0
255.825,25.063531,121.280782,89.96,2025,12,16,8,48,41,0,0
256.025,25.063531,121.280782,89.95,2025,12,16,8,48,41,200,0
256.225,25.063531,121.280783,89.93,2025,12,16,8,48,41,400,0
256.425,25.063531,121.280783,89.92,2025,12,16,8,48,41,600,0
256.625,25.063531,121.280783,89.90,2025,12,16,8,48,41,800,0
256.825,25.063531,121.280783,89.87,2025,12,16,8,48,42,200,0
257.025,25.063531,121.280783,89.85,2025,12,16,8,48,42,400,0
257.225,25.063531,121.280783,89.82,2025,12,16,8,48,42,600,0
257.425,25.063531,121.280783,89.81,2025,12,16,8,48,42,800,0
257.625,25.063531,121.280783,89.81,2025,12,16,8,48,42,800,0
257.825,25.063531,121.280783,89.79,2025,12,16,8,48,43,200,0
258.025,25.063531,121.280783,89.78,2025,12,16,8,48,43,400,0
258.225,25.063531,121.280783,89.77,2025,12,16,8,48,43,600,0
258.425,25.063531,121.280783,89.76,2025,12,16,8,48,43,800,0
258.625,25.063531,121.280783,89.76,2025,12,16,8,48,43,800,0
258.825,25.063531,121.280783,89.76,2025,12,16,8,48,43,800,0
259.025,25.063531,121.280783,89.75,2025,12,16,8,48,44,200,0
259.225,25.063531,121.280783,89.74,2025,12,16,8,48,44,400,0
259.425,25.063531,121.280783,89.73,2025,12,16,8,48,44,600,0
259.625,25.063531,121.280783,89.73,2025,12,16,8,48,44,800,0
259.825,25.063531,121.280783,89.72,2025,12,16,8,48,45,0,0
260.025,25.063531,121.280783,89.72,2025,12,16,8,48,45,200,0
260.225,25.063531,121.280783,89.71,2025,12,16,8,48,45,400,0
260.425,25.063531,121.280783,89.70,2025,12,16,8,48,45,600,0
260.625,25.063531,121.280783,89.70,2025,12,16,8,48,45,800,0
260.825,25.063531,121.280783,89.70,2025,12,16,8,48,46,0,0
261.025,25.063531,121.280784,89.70,2025,12,16,8,48,46,200,0
261.225,25.063531,121.280784,89.70,2025,12,16,8,48,46,400,0
261.425,25.063531,121.280784,89.69,2025,12,16,8,48,46,600,0
261.625,25.063531,121.280784,89.68,2025,12,16,8,48,46,800,0
261.825,25.063531,121.280784,89.68,2025,12,16,8,48,47,0,0
262.025,25.063531,121.280784,89.67,2025,12,16,8,48,47,200,0
262.225,25.063531,121.280784,89.66,2025,12,16,8,48,47,600,0
262.425,25.063530,121.280784,89.65,2025,12,16,8,48,47,800,0
262.625,25.063530,121.280784,89.65,2025,12,16,8,48,47,800,0
262.825,25.063530,121.280784,89.63,2025,12,16,8,48,48,200,0
263.025,25.063530,121.280783,89.61,2025,12,16,8,48,48,400,0
263.225,25.063530,121.280783,89.59,2025,12,16,8,48,48,600,0
263.425,25.063530,121.280783,89.58,2025,12,16,8,48,48,800,1
263.625,25.063530,121.280783,89.58,2025,12,16,8,48,48,800,1
263.825,25.063530,121.280783,89.55,2025,12,16,8,48,49,200,1
264.025,25.063530,121.280783,89.54,2025,12,16,8,48,49,400,1
264.225,25.063530,121.280783,89.54,2025,12,16,8,48,49,600,1
264.425,25.063530,121.280783,89.52,2025,12,16,8,48,49,800,1
264.625,25.063530,121.280783,89.52,2025,12,16,8,48,49,800,1
264.825,25.063530,121.280783,89.52,2025,12,16,8,48,49,800,1
265.025,25.063530,121.280783,89.49,2025,12,16,8,48,50,200,1
265.225,25.063530,121.280783,89.47,2025,12,16,8,48,50,400,1
265.425,25.063530,121.280783,89.46,2025,12,16,8,48,50,600,1
265.625,25.063530,121.280783,89.45,2025,12,16,8,48,50,800,1
265.825,25.063530,121.280783,89.44,2025,12,16,8,48,51,0,1
266.025,25.063530,121.280783,89.43,2025,12,16,8,48,51,200,1
266.225,25.063530,121.280783,89.42,2025,12,16,8,48,51,400,1
266.425,25.063530,121.280784,89.42,2025,12,16,8,48,51,600,1
266.625,25.063530,121.280784,89.41,2025,12,16,8,48,51,800,1
266.825,25.063530,121.280784,89.40,2025,12,16,8,48,52,0,1
267.025,25.063530,121.280784,89.39,2025,12,16,8,48,52,200,1
267.225,25.063530,121.280784,89.39,2025,12,16,8,48,52,400,1
267.425,25.063530,121.280784,89.38,2025,12,16,8,48,52,600,1
267.625,25.063530,121.280784,89.36,2025,12,16,8,48,52,800,1
267.825,25.063530,121.280784,89.35,2025,12,16,8,48,53,0,1
268.025,25.063530,121.280784,89.35,2025,12,16,8,48,53,200,1
268.225,25.063529,121.280784,89.34,2025,12,16,8,48,53,400,1
268.425,25.063529,121.280784,89.32,2025,12,16,8,48,53,600,1
268.625,25.063529,121.280784,89.31,2025,12,16,8,48,53,800,1
268.825,25.063529,121.280784,89.29,2025,12,16,8,48,54,200,1
269.025,25.063529,121.280784,89.28,2025,12,16,8,48,54,400,1
269.225,25.063529,121.280784,89.27,2025,12,16,8,48,54,600,1
269.425,25.063529,121.280784,89.27,2025,12,16,8,48,54,800,1
269.625,25.063529,121.280784,89.27,2025,12,16,8,48,54,800,1
269.825,25.063529,121.280784,89.25,2025,12,16,8,48,55,200,1
270.025,25.063529,121.280784,89.24,2025,12,16,8,48,55,400,1
270.225,25.063529,121.280784,89.23,2025,12,16,8,48,55,600,1
270.425,25.063529,121.280783,89.22,2025,12,16,8,48,55,800,1
270.625,25.063529,121.280783,89.22,2025,12,16,8,48,55,800,1
270.825,25.063529,121.280783,89.22,2025,12,16,8,48,55,800,1
271.025,25.063529,121.280783,89.19,2025,12,16,8,48,56,200,1
271.225,25.063529,121.280783,89.18,2025,12,16,8,48,56,400,0
271.425,25.063529,121.280783,89.16,2025,12,16,8,48,56,600,0
271.625,25.063529,121.280783,89.14,2025,12,16,8,48,56,800,0
271.825,25.063529,121.280783,89.12,2025,12,16,8,48,57,0,0
272.025,25.063529,121.280783,89.11,2025,12,16,8,48,57,200,0
272.225,25.063529,121.280783,89.10,2025,12,16,8,48,57,400,0
272.425,25.063528,121.280783,89.08,2025,12,16,8,48,57,600,0
272.625,25.063528,121.280782,89.06,2025,12,16,8,48,57,800,0
272.825,25.063528,121.280782,89.05,2025,12,16,8,48,58,0,0
273.025,25.063528,121.280782,89.04,2025,12,16,8,48,58,200,0
273.225,25.063528,121.280782,89.02,2025,12,16,8,48,58,400,0
273.425,25.063528,121.280782,89.01,2025,12,16,8,48,58,600,0
273.625,25.063528,121.280782,88.99,2025,12,16,8,48,58,800,0
273.825,25.063528,121.280782,88.98,2025,12,16,8,48,59,0,0
274.025,25.063528,121.280782,88.96,2025,12,16,8,48,59,200,0
274.225,25.063528,121.280782,88.92,2025,12,16,8,48,59,600,0
274.425,25.063528,121.280782,88.91,2025,12,16,8,48,59,800,0
274.625,25.063528,121.280782,88.91,2025,12,16,8,48,59,800,0
274.825,25.063527,121.280782,88.87,2025,12,16,8,49,0,200,0
275.025,25.063527,121.280781,88.86,2025,12,16,8,49,0,400,0
275.225,25.063527,121.280781,88.84,2025,12,16,8,49,0,600,0
275.425,25.063527,121.280781,88.82,2025,12,16,8,49,0,800,0
275.625,25.063527,121.280781,88.82,2025,12,16,8,49,0,800,0
275.825,25.063527,121.280781,88.78,2025,12,16,8,49,1,200,0
276.025,25.063527,121.280781,88.76,2025,12,16,8,49,1,400,0
276.225,25.063527,121.280780,88.74,2025,12,16,8,49,1,600,0
276.425,25.063527,121.280780,88.71,2025,12,16,8,49,1,800,0
276.625,25.063527,121.280780,88.71,2025,12,16,8,49,1,800,0
276.825,25.063527,121.280780,88.71,2025,12,16,8,49,1,800,0
277.025,25.063526,121.280780,88.66,2025,12,16,8,49,2,200,0
277.225,25.063526,121.280780,88.65,2025,12,16,8,49,2,400,0
277.425,25.063526,121.280780,88.62,2025,12,16,8,49,2,600,0
277.625,25.063526,121.280780,88.59,2025,12,16,8,49,2,800,0
277.825,25.063526,121.280779,88.57,2025,12,16,8,49,3,0,0
278.025,25.063526,121.280779,88.55,2025,12,16,8,49,3,200,0
278.225,25.063526,121.280779,88.52,2025,12,16,8,49,3,400,0
278.425,25.063526,121.280779,88.50,2025,12,16,8,49,3,600,0
278.625,25.063526,121.280779,88.47,2025,12,16,8,49,3,800,0
278.825,25.063526,121.280779,88.45,2025,12,16,8,49,4,0,0
279.025,25.063525,121.280779,88.42,2025,12,16,8,49,4,200,0
279.225,25.063525,121.280778,88.39,2025,12,16,8,49,4,400,0
279.425,25.063525,121.280778,88.36,2025,12,16,8,49,4,600,0
279.625,25.063525,121.280778,88.34,2025,12,16,8,49,4,800,0
279.825,25.063525,121.280778,88.31,2025,12,16,8,49,5,0,0
280.025,25.063525,121.280778,88.29,2025,12,16,8,49,5,200,0
280.225,25.063525,121.280778,88.27,2025,12,16,8,49,5,400,0
280.425,25.063525,121.280778,88.24,2025,12,16,8,49,5,600,0
280.625,25.063525,121.280778,88.22,2025,12,16,8,49,5,800,0
280.825,25.063525,121.280778,88.17,2025,12,16,8,49,6,200,0
281.025,25.063525,121.280778,88.15,2025,12,16,8,49,6,400,0
281.225,25.063524,121.280778,88.13,2025,12,16,8,49,6,600,0
281.425,25.063524,121.280777,88.11,2025,12,16,8,49,6,800,0
281.625,25.063524,121.280777,88.11,2025,12,16,8,49,6,800,0
281.825,25.063524,121.280777,88.08,2025,12,16,8,49,7,200,0
282.025,25.063524,121.280777,88.06,2025,12,16,8,49,7,400,0
282.225,25.063524,121.280777,88.04,2025,12,16,8,49,7,600,0
282.425,25.063524,121.280777,88.02,2025,12,16,8,49,7,800,0
282.625,25.063524,121.280777,88.02,2025,12,16,8,49,7,800,0
282.825,25.063524,121.280777,88.02,2025,12,16,8,49,7,800,0
283.025,25.063524,121.280777,87.98,2025,12,16,8,49,8,200,0
283.225,25.063524,121.280777,87.97,2025,12,16,8,49,8,400,0
283.425,25.063524,121.280778,87.97,2025,12,16,8,49,8,600,0
283.625,25.063523,121.280778,87.96,2025,12,16,8,49,8,800,0
283.825,25.063523,121.280778,87.96,2025,12,16,8,49,9,0,0
284.025,25.063523,121.280778,87.96,2025,12,16,8,49,9,200,0
284.225,25.063523,121.280778,87.95,2025,12,16,8,49,9,400,0
284.425,25.063523,121.280778,87.95,2025,12,16,8,49,9,600,0
284.625,25.063523,121.280778,87.94,2025,12,16,8,49,9,800,0
284.825,25.063523,121.280779,87.94,2025,12,16,8,49,10,0,0
285.025,25.063523,121.280779,87.94,2025,12,16,8,49,10,200,0
285.225,25.063522,121.280779,87.94,2025,12,16,8,49,10,400,0
285.425,25.063522,121.280779,87.94,2025,12,16,8,49,10,600,0
285.625,25.063522,121.280779,87.94,2025,12,16,8,49,10,800,0
285.825,25.063522,121.280779,87.94,2025,12,16,8,49,11,0,0
286.025,25.063522,121.280780,87.94,2025,12,16,8,49,11,200,0
286.225,25.063522,121.280780,87.94,2025,12,16,8,49,11,600,0
286.425,25.063522,121.280780,87.94,2025,12,16,8,49,11,800,0
286.625,25.063522,121.280780,87.94,2025,12,16,8,49,11,800,0
286.825,25.063522,121.280780,87.94,2025,12,16,8,49,12,200,0
287.025,25.063522,121.280780,87.95,2025,12,16,8,49,12,400,0
287.225,25.063522,121.280781,87.96,2025,12,16,8,49,12,600,0
287.425,25.063522,121.280781,87.96,2025,12,16,8,49,12,800,0
287.625,25.063522,121.280781,87.96,2025,12,16,8,49,12,800,0
287.825,25.063521,121.280781,87.97,2025,12,16,8,49,13,200,0
288.025,25.063521,121.280781,87.97,2025,12,16,8,49,13,400,0
288.225,25.063521,121.280781,87.98,2025,12,16,8,49,13,600,0
288.425,25.063521,121.280781,87.98,2025,12,16,8,49,13,600,0
288.625,25.063521,121.280782,87.99,2025,12,16,8,49,13,800,0
288.825,25.063521,121.280782,87.99,2025,12,16,8,49,13,800,0
289.025,25.063521,121.280782,88.01,2025,12,16,8,49,14,200,0
289.225,25.063521,121.280782,88.02,2025,12,16,8,49,14,400,0
289.425,25.063521,121.280782,88.02,2025,12,16,8,49,14,600,0
289.625,25.063521,121.280782,88.03,2025,12,16,8,49,14,800,0
289.825,25.063521,121.280782,88.04,2025,12,16,8,49,15,0,0
290.025,25.063521,121.280782,88.05,2025,12,16,8,49,15,200,0
290.225,25.063521,121.280783,88.05,2025,12,16,8,49,15,400,0
290.425,25.063520,121.280783,88.06,2025,12,16,8,49,15,600,0
290.625,25.063520,121.280783,88.07,2025,12,16,8,49,15,800,0
290.825,25.063520,121.280783,88.08,2025,12,16,8,49,16,0,0
291.025,25.063520,121.280783,88.09,2025,12,16,8,49,16,200,0
291.225,25.063520,121.280783,88.09,2025,12,16,8,49,16,400,0
291.425,25.063520,121.280783,88.10,2025,12,16,8,49,16,600,0
291.625,25.063520,121.280783,88.11,2025,12,16,8,49,16,800,0
291.825,25.063520,121.280783,88.11,2025,12,16,8,49,17,0,0
292.025,25.063520,121.280784,88.12,2025,12,16,8,49,17,200,0
292.225,25.063520,121.280784,88.13,2025,12,16,8,49,17,400,0
292.425,25.063520,121.280784,88.14,2025,12,16,8,49,17,600,0
292.625,25.063520,121.280784,88.15,2025,12,16,8,49,17,800,0
292.825,25.063520,121.280784,88.17,2025,12,16,8,49,18,200,0
293.025,25.063520,121.280784,88.17,2025,12,16,8,49,18,400,0
293.225,25.063520,121.280784,88.18,2025,12,16,8,49,18,600,0
293.425,25.063520,121.280784,88.18,2025,12,16,8,49,18,600,0
293.625,25.063520,121.280784,88.18,2025,12,16,8,49,18,800,0
293.825,25.063520,121.280784,88.18,2025,12,16,8,49,18,800,0
294.025,25.063520,121.280784,88.17,2025,12,16,8,49,19,200,0
294.225,25.063520,121.280784,88.18,2025,12,16,8,49,19,400,0
294.425,25.063519,121.280784,88.18,2025,12,16,8,49,19,600,0
294.625,25.063519,121.280784,88.18,2025,12,16,8,49,19,800,0
294.825,25.063519,121.280784,88.18,2025,12,16,8,49,20,0,0
295.025,25.063519,121.280784,88.18,2025,12,16,8,49,20,200,0
295.225,25.063519,121.280784,88.19,2025,12,16,8,49,20,400,0
295.425,25.063519,121.280784,88.19,2025,12,16,8,49,20,600,0
295.625,25.063519,121.280784,88.20,2025,12,16,8,49,20,800,0
295.825,25.063519,121.280784,88.20,2025,12,16,8,49,21,0,0
296.025,25.063519,121.280784,88.21,2025,12,16,8,49,21,200,0
296.225,25.063519,121.280784,88.22,2025,12,16,8,49,21,400,0
296.425,25.063519,121.280784,88.23,2025,12,16,8,49,21,600,0
296.625,25.063519,121.280784,88.24,2025,12,16,8,49,21,800,0
296.825,25.063519,121.280784,88.26,2025,12,16,8,49,22,0,0
297.025,25.063519,121.280784,88.27,2025,12,16,8,49,22,200,0
297.225,25.063519,121.280785,88.29,2025,12,16,8,49,22,600,0
297.425,25.063519,121.280785,88.29,2025,12,16,8,49,22,800,0
297.625,25.063519,121.280785,88.29,2025,12,16,8,49,22,800,0
297.825,25.063519,121.280785,88.34,2025,12,16,8,49,23,200,0
298.025,25.063519,121.280785,88.36,2025,12,16,8,49,23,400,0
298.225,25.063519,121.280785,88.36,2025,12,16,8,49,23,400,0
298.425,25.063519,121.280785,88.39,2025,12,16,8,49,23,600,0
298.625,25.063519,121.280786,88.41,2025,12,16,8,49,23,800,0
298.825,25.063519,121.280786,88.41,2025,12,16,8,49,23,800,0
299.025,25.063519,121.280786,88.46,2025,12,16,8,49,24,200,0
299.225,25.063519,121.280786,88.48,2025,12,16,8,49,24,400,0
299.425,25.063519,121.280786,88.50,2025,12,16,8,49,24,600,0
299.625,25.063519,121.280786,88.52,2025,12,16,8,49,24,800,0
299.825,25.063519,121.280786,88.54,2025,12,16,8,49,25,0,0
300.025,25.063519,121.280787,88.56,2025,12,16,8,49,25,200,0
300.225,25.063519,121.280787,88.59,2025,12,16,8,49,25,400,0
300.425,25.063519,121.280787,88.61,2025,12,16,8,49,25,600,0
300.625,25.063519,121.280787,88.63,2025,12,16,8,49,25,800,0
300.825,25.063519,121.280787,88.66,2025,12,16,8,49,26,0,0
301.025,25.063519,121.280787,88.68,2025,12,16,8,49,26,200,0
301.225,25.063519,121.280787,88.70,2025,12,16,8,49,26,400,0
301.425,25.063519,121.280788,88.73,2025,12,16,8,49,26,600,0
301.625,25.063519,121.280788,88.75,2025,12,16,8,49,26,800,0
301.825,25.063519,121.280788,88.77,2025,12,16,8,49,27,0,0
302.025,25.063519,121.280788,88.80,2025,12,16,8,49,27,200,0
302.225,25.063519,121.280788,88.82,2025,12,16,8,49,27,400,0
302.425,25.063519,121.280788,88.85,2025,12,16,8,49,27,600,0
302.625,25.063519,121.280788,88.87,2025,12,16,8,49,27,800,0
302.825,25.063519,121.280789,88.92,2025,12,16,8,49,28,200,0
303.025,25.063519,121.280789,88.94,2025,12,16,8,49,28,400,0
303.225,25.063519,121.280789,88.94,2025,12,16,8,49,28,400,0
303.425,25.063519,121.280789,88.97,2025,12,16,8,49,28,600,0
303.625,25.063519,121.280789,88.99,2025,12,16,8,49,28,800,0
303.825,25.063519,121.280789,88.99,2025,12,16,8,49,28,800,0
304.025,25.063519,121.280789,89.04,2025,12,16,8,49,29,200,0
304.225,25.063519,121.280789,89.06,2025,12,16,8,49,29,400,0
304.425,25.063519,121.280790,89.08,2025,12,16,8,49,29,600,0
304.625,25.063519,121.280790,89.10,2025,12,16,8,49,29,800,0
304.825,25.063519,121.280790,89.12,2025,12,16,8,49,30,0,0
305.025,25.063519,121.280790,89.13,2025,12,16,8,49,30,200,0
305.225,25.063520,121.280790,89.16,2025,12,16,8,49,30,400,0
305.425,25.063519,121.280790,89.17,2025,12,16,8,49,30,600,0
305.625,25.063519,121.280790,89.19,2025,12,16,8,49,30,800,0
305.825,25.063520,121.280790,89.21,2025,12,16,8,49,31,0,0
306.025,25.063520,121.280790,89.22,2025,12,16,8,49,31,200,0
306.225,25.063520,121.280791,89.24,2025,12,16,8,49,31,400,0
306.425,25.063520,121.280791,89.26,2025,12,16,8,49,31,600,0
306.625,25.063520,121.280791,89.28,2025,12,16,8,49,31,800,0
306.825,25.063520,121.280791,89.30,2025,12,16,8,49,32,0,0
307.025,25.063520,121.280791,89.32,2025,12,16,8,49,32,200,0
307.225,25.063520,121.280791,89.35,2025,12,16,8,49,32,600,0
307.425,25.063520,121.280792,89.36,2025,12,16,8,49,32,800,0
307.625,25.063520,121.280792,89.36,2025,12,16,8,49,32,800,0
307.825,25.063520,121.280792,89.39,2025,12,16,8,49,33,200,0
308.025,25.063520,121.280792,89.41,2025,12,16,8,49,33,400,0
308.225,25.063520,121.280792,89.41,2025,12,16,8,49,33,400,0
308.425,25.063520,121.280792,89.42,2025,12,16,8,49,33,600,0
308.625,25.063520,121.280792,89.43,2025,12,16,8,49,33,800,0
308.825,25.063520,121.280792,89.43,2025,12,16,8,49,33,800,0
309.025,25.063520,121.280792,89.46,2025,12,16,8,49,34,200,0
309.225,25.063520,121.280792,89.47,2025,12,16,8,49,34,400,0
309.425,25.063520,121.280792,89.48,2025,12,16,8,49,34,600,0
309.625,25.063520,121.280793,89.49,2025,12,16,8,49,34,800,0
309.825,25.063520,121.280793,89.50,2025,12,16,8,49,35,0,0
310.025,25.063520,121.280793,89.51,2025,12,16,8,49,35,200,0
310.225,25.063520,121.280793,89.52,2025,12,16,8,49,35,400,0
310.425,25.063520,121.280793,89.52,2025,12,16,8,49,35,600,0
310.625,25.063520,121.280793,89.53,2025,12,16,8,49,35,800,0
310.825,25.063520,121.280793,89.54,2025,12,16,8,49,36,0,0
311.025,25.063520,121.280793,89.55,2025,12,16,8,49,36,200,0
311.225,25.063520,121.280793,89.55,2025,12,16,8,49,36,400,0
311.425,25.063520,121.280793,89.56,2025,12,16,8,49,36,600,0
311.625,25.063520,121.280793,89.55,2025,12,16,8,49,36,800,0
311.825,25.063520,121.280793,89.54,2025,12,16,8,49,37,0,0
312.025,25.063520,121.280794,89.55,2025,12,16,8,49,37,200,0
312.225,25.063520,121.280794,89.55,2025,12,16,8,49,37,600,0
312.425,25.063520,121.280794,89.55,2025,12,16,8,49,37,800,0
312.625,25.063520,121.280794,89.55,2025,12,16,8,49,37,800,0
312.825,25.063520,121.280794,89.55,2025,12,16,8,49,38,200,0
313.025,25.063520,121.280794,89.54,2025,12,16,8,49,38,400,0
313.225,25.063520,121.280794,89.54,2025,12,16,8,49,38,400,0
313.425,25.063520,121.280794,89.54,2025,12,16,8,49,38,600,0
313.625,25.063520,121.280794,89.55,2025,12,16,8,49,38,800,0
313.825,25.063520,121.280794,89.55,2025,12,16,8,49,38,800,0
314.025,25.063520,121.280794,89.55,2025,12,16,8,49,39,200,0
314.225,25.063520,121.280794,89.54,2025,12,16,8,49,39,400,0
314.425,25.063520,121.280794,89.54,2025,12,16,8,49,39,600,0
314.625,25.063520,121.280794,89.54,2025,12,16,8,49,39,800,0
314.825,25.063520,121.280794,89.54,2025,12,16,8,49,40,0,0
315.025,25.063520,121.280795,89.54,2025,12,16,8,49,40,200,0
315.225,25.063520,121.280795,89.54,2025,12,16,8,49,40,400,0
315.425,25.063520,121.280795,89.54,2025,12,16,8,49,40,600,0
315.625,25.063520,121.280795,89.54,2025,12,16,8,49,40,800,0
315.825,25.063520,121.280795,89.54,2025,12,16,8,49,41,0,0
316.025,25.063520,121.280795,89.53,2025,12,16,8,49,41,200,0
316.225,25.063520,121.280795,89.53,2025,12,16,8,49,41,400,0
316.425,25.063520,121.280795,89.52,2025,12,16,8,49,41,600,0
316.625,25.063520,121.280795,89.51,2025,12,16,8,49,41,800,0
316.825,25.063520,121.280795,89.51,2025,12,16,8,49,42,0,0
317.025,25.063520,121.280795,89.51,2025,12,16,8,49,42,200,0
317.225,25.063520,121.280795,89.51,2025,12,16,8,49,42,600,0
317.425,25.063520,121.280795,89.51,2025,12,16,8,49,42,800,0
317.625,25.063520,121.280795,89.51,2025,12,16,8,49,42,800,0
317.825,25.063520,121.280795,89.51,2025,12,16,8,49,43,200,0
318.025,25.063520,121.280795,89.51,2025,12,16,8,49,43,400,0
318.225,25.063520,121.280795,89.51,2025,12,16,8,49,43,400,0
318.425,25.063520,121.280796,89.51,2025,12,16,8,49,43,600,0
318.625,25.063520,121.280796,89.51,2025,12,16,8,49,43,800,0
318.825,25.063520,121.280796,89.51,2025,12,16,8,49,43,800,0
319.025,25.063520,121.280796,89.52,2025,12,16,8,49,44,200,0
319.225,25.063520,121.280796,89.52,2025,12,16,8,49,44,400,0
319.425,25.063520,121.280796,89.52,2025,12,16,8,49,44,600,0
319.625,25.063520,121.280796,89.53,2025,12,16,8,49,44,800,0
319.825,25.063520,121.280796,89.53,2025,12,16,8,49,45,0,0
320.025,25.063520,121.280796,89.54,2025,12,16,8,49,45,200,0
320.225,25.063520,121.280796,89.54,2025,12,16,8,49,45,400,0
320.425,25.063520,121.280796,89.53,2025,12,16,8,49,45,600,0
320.625,25.063520,121.280796,89.53,2025,12,16,8,49,45,800,0
320.825,25.063520,121.280797,89.54,2025,12,16,8,49,46,0,0
321.025,25.063520,121.280797,89.53,2025,12,16,8,49,46,200,0
321.225,25.063520,121.280797,89.53,2025,12,16,8,49,46,400,0
321.425,25.063520,121.280797,89.53,2025,12,16,8,49,46,600,0
321.625,25.063520,121.280797,89.52,2025,12,16,8,49,46,800,0
321.825,25.063520,121.280797,89.51,2025,12,16,8,49,47,0,0
322.025,25.063520,121.280797,89.51,2025,12,16,8,49,47,200,0
322.225,25.063520,121.280797,89.51,2025,12,16,8,49,47,600,0
322.425,25.063520,121.280797,89.51,2025,12,16,8,49,47,800,0
322.625,25.063520,121.280797,89.51,2025,12,16,8,49,47,800,0
322.825,25.063520,121.280797,89.51,2025,12,16,8,49,48,200,0
323.025,25.063520,121.280797,89.51,2025,12,16,8,49,48,400,0
323.225,25.063520,121.280797,89.51,2025,12,16,8,49,48,400,0
323.425,25.063520,121.280797,89.51,2025,12,16,8,49,48,600,0
323.625,25.063520,121.280797,89.51,2025,12,16,8,49,48,800,0
323.825,25.063520,121.280797,89.51,2025,12,16,8,49,48,800,0
324.025,25.063520,121.280797,89.51,2025,12,16,8,49,49,200,0
324.225,25.063520,121.280797,89.50,2025,12,16,8,49,49,400,0
324.425,25.063521,121.280797,89.50,2025,12,16,8,49,49,600,0
324.625,25.063521,121.280797,89.50,2025,12,16,8,49,49,800,0
324.825,25.063521,121.280797,89.51,2025,12,16,8,49,50,0,0
325.025,25.063521,121.280797,89.51,2025,12,16,8,49,50,200,0
325.225,25.063521,121.280797,89.51,2025,12,16,8,49,50,400,0
325.425,25.063521,121.280797,89.51,2025,12,16,8,49,50,600,0
325.625,25.063521,121.280797,89.51,2025,12,16,8,49,50,800,0
#2025/12/18 16:49:58
