0.00028, -0.12171, -0.00122, 0.01820, 0.00022, 0.00000, 0.00000
0.00045, -0.12171, 0.08628, -0.15680, 0.00193, 0.00000, 0.00000
0.00058, 0.04454, 0.02503, 0.14945, 0.00107, 0.00000, 0.00000
0.00080, -0.06046, 0.06878, -0.03430, 0.00156, 0.00000, 0.00000
0.00097, 0.11454, 0.06878, -0.01680, -0.00027, 0.00000, 0.00000
0.00109, -0.00796, -0.04497, 0.13195, 0.00058, 0.00000, 0.00000
0.00121, 0.07954, 0.10378, 0.07070, 0.00046, 0.00000, 0.00000
0.00134, -0.01671, -0.19372, -0.05180, -0.00112, 0.00000, 0.00000
0.00145, 0.12329, -0.00997, 0.10570, -0.00137, 0.00000, 0.00000
0.00157, 0.18454, -0.14122, 0.03570, -0.00003, 0.00000, 0.00000
0.00182, -0.17421, -0.03622, 0.04445, 0.00193, 0.00000, 0.00000
0.00483, 0.20204, 0.06003, 0.07070, -0.00076, 0.00000, 0.00000
0.00601, -0.13046, -0.07998, 0.04445, -0.00271, 0.00000, 0.00000
0.00639, -0.09546, 0.27003, 0.12320, -0.00100, 0.00000, 0.00000
0.00717, -0.05171, -0.08872, -0.01680, 0.00144, 0.00000, 0.00000
0.02396, -0.00796, 0.01628, 0.05320, -0.00076, 0.00000, 0.00000
0.02418, -0.06046, 0.02503, -0.04305, 0.00107, 0.00000, 0.00000
0.04003, -0.11296, -0.06248, -0.09555, 0.00168, 0.00000, 0.00000
0.05451, 0.01829, -0.11497, -0.06055, -0.00064, 0.00000, 0.00000
0.05469, 0.03579, -0.16747, -0.10430, -0.00076, 0.00000, 0.00000
0.07214, -0.10421, -0.14122, 0.00945, -0.00076, 0.00000, 0.00000
0.07492, 0.15829, 0.20003, 0.05320, 0.00034, 0.00000, 0.00000
0.08866, -0.11296, 0.13877, -0.06055, -0.00039, 0.00000, 0.00000
0.10230, 0.04454, -0.05373, 0.08820, -0.00039, 0.00000, 0.00000
0.10246, 0.04454, -0.00997, 0.06195, 0.00034, 0.00000, 0.00000
0.11822, -0.08671, -0.35997, 0.00070, -0.00064, 0.00000, 0.00000
0.13417, -0.10421, 0.01628, 0.09695, 0.00058, 0.00000, 0.00000
0.13430, -0.03421, -0.14122, -0.03430, -0.00112, 0.00000, 0.00000
0.15011, 0.09704, 0.12128, 0.03570, 0.00180, 0.00000, 0.00000
0.16617, 0.18454, 0.07753, 0.15820, 0.00095, 0.00000, 0.00000
0.16941, 0.04454, 0.02503, 0.14945, 0.00022, 0.00000, 0.00000
0.18282, 0.21954, -0.16747, -0.23555, 0.00217, 0.00000, 0.00000
0.18299, 0.13204, 0.06878, 0.00070, -0.00100, 0.00000, 0.00000
0.19796, -0.11296, 0.14752, 0.05320, 0.00058, 0.00000, 0.00000
0.21392, -0.05171, 0.19128, 0.05320, -0.00186, 0.00000, 0.00000
0.21409, 0.07954, -0.13247, -0.02555, 0.00302, 0.00000, 0.00000
0.22988, 0.02704, -0.07123, 0.01820, 0.00119, 0.00000, 0.00000
0.24605, -0.06921, -0.06248, 0.05320, 0.00010, 0.00000, 0.00000
0.24628, 0.09704, -0.10622, 0.10570, -0.00149, 0.00000, 0.00000
0.26176, 0.03579, -0.11497, 0.07070, -0.00112, 0.00000, 0.00000
0.26197, -0.02546, 0.04253, -0.11305, -0.00003, 0.00000, 0.00000
0.27935, -0.33171, 0.15627, -0.05180, -0.00015, 0.00000, 0.00000
0.29365, -0.15671, 0.12128, -0.04305, 0.00071, 0.00000, 0.00000
0.29385, -0.08671, -0.07123, -0.03430, 0.00144, 0.00000, 0.00000
0.30961, -0.09546, -0.18497, 0.00945, -0.00027, 0.00000, 0.00000
0.32578, -0.06046, -0.00122, -0.00805, 0.00205, 0.00000, 0.00000
0.32601, -0.01671, 0.08628, -0.23555, 0.00071, 0.00000, 0.00000
0.34159, 0.12329, -0.12372, 0.01820, 0.00010, 0.00000, 0.00000
0.34173, -0.03421, -0.16747, 0.04445, 0.00180, 0.00000, 0.00000
0.35746, 0.00954, -0.13247, -0.13930, 0.00132, 0.00000, 0.00000
0.37508, -0.09546, 0.04253, 0.07945, -0.00027, 0.00000, 0.00000
0.37591, -0.13921, 0.21753, 0.11445, 0.00107, 0.00000, 0.00000
0.38932, -0.00796, 0.06003, 0.01820, 0.00290, 0.00000, 0.00000
0.40546, -0.13921, 0.02503, -0.01680, -0.00161, 0.00000, 0.00000
0.40567, 0.00954, -0.14122, 0.00070, -0.00137, 0.00000, 0.00000
0.42125, -0.01671, 0.17378, -0.06930, 0.00168, 0.00000, 0.00000
0.42141, 0.01829, 0.00753, 0.07070, 0.00107, 0.00000, 0.00000
0.43722, 0.00079, -0.07998, -0.03430, -0.00259, 0.00000, 0.00000
0.45317, -0.02546, 0.04253, -0.18305, 0.00107, 0.00000, 0.00000
0.45331, 0.03579, -0.03622, 0.00945, -0.00039, 0.00000, 0.00000
0.46925, -0.20921, -0.13247, 0.03570, 0.00132, 0.00000, 0.00000
0.48507, 0.17579, -0.13247, 0.07070, 0.00144, 0.00000, 0.00000
0.48523, 0.01829, 0.03378, -0.00805, 0.00327, 0.00000, 0.00000
0.50102, 0.06204, 0.09503, -0.15680, -0.00173, 0.00000, 0.00000
0.50119, 0.11454, -0.25497, 0.00070, 0.00010, 0.00000, 0.00000
0.51696, 0.24579, 0.02503, 0.03570, 0.00193, 0.00000, 0.00000
0.53291, 0.02704, 0.08628, -0.09555, 0.00205, 0.00000, 0.00000
0.53306, 0.00079, 0.06003, 0.02695, 0.00132, 0.00000, 0.00000
0.54881, 0.02704, -0.00997, 0.04445, 0.00229, 0.00000, 0.00000
0.56477, 0.06204, 0.14752, 0.08820, -0.00039, 0.00000, 0.00000
0.56496, -0.05171, -0.27248, -0.06055, 0.00132, 0.00000, 0.00000
0.58106, -0.03421, 0.26128, 0.07070, -0.00137, 0.00000, 0.00000
0.58180, -0.03421, -0.10622, 0.12320, -0.00161, 0.00000, 0.00000
0.59668, -0.10421, -0.00122, 0.02695, 0.00254, 0.00000, 0.00000
0.61264, -0.06046, -0.03622, -0.01680, 0.00193, 0.00000, 0.00000
0.61277, -0.02546, -0.00997, 0.11445, 0.00022, 0.00000, 0.00000
0.62855, 0.07079, 0.18253, -0.07805, 0.00058, 0.00000, 0.00000
0.64457, 0.07079, -0.13247, 0.03570, 0.00034, 0.00000, 0.00000
0.64473, -0.06046, 0.16502, 0.10570, 0.00095, 0.00000, 0.00000
0.66047, 0.00954, 0.04253, -0.08680, -0.00198, 0.00000, 0.00000
0.66368, -0.08671, 0.02503, -0.08680, 0.00217, 0.00000, 0.00000
0.67810, 0.01829, -0.13247, 0.26320, 0.00156, 0.00000, 0.00000
0.69237, 0.12329, 0.02503, 0.07945, -0.00125, 0.00000, 0.00000
0.69253, 0.09704, 0.06878, 0.03570, -0.00051, 0.00000, 0.00000
0.70830, 0.09704, 0.06003, -0.00805, -0.00088, 0.00000, 0.00000
0.72427, 0.06204, 0.02503, 0.14070, -0.00051, 0.00000, 0.00000
0.72442, -0.04296, -0.07123, -0.13930, 0.00132, 0.00000, 0.00000
0.74020, -0.12171, -0.19372, -0.06055, -0.00198, 0.00000, 0.00000
0.75611, 0.01829, -0.21122, -0.01680, 0.00180, 0.00000, 0.00000
0.75627, 0.09704, 0.00753, 0.06195, -0.00051, 0.00000, 0.00000
0.77349, -0.16546, 0.14752, 0.11445, 0.00022, 0.00000, 0.00000
0.77369, -0.22671, 0.01628, 0.01820, -0.00100, 0.00000, 0.00000
0.78804, 0.18454, -0.04497, -0.09555, 0.00034, 0.00000, 0.00000
0.80401, -0.01671, -0.01872, 0.14070, 0.00156, 0.00000, 0.00000
0.80417, 0.06204, -0.12372, -0.05180, -0.00003, 0.00000, 0.00000
0.81994, -0.04296, -0.11497, 0.01820, 0.00058, 0.00000, 0.00000
0.83594, 0.02704, 0.06003, -0.05180, 0.00046, 0.00000, 0.00000
0.83629, 0.02704, -0.03622, -0.13930, 0.00205, 0.00000, 0.00000
0.85182, 0.08829, -0.02747, -0.00805, 0.00058, 0.00000, 0.00000
0.85200, 0.00954, -0.24622, 0.07945, -0.00064, 0.00000, 0.00000
0.86988, -0.15671, -0.22872, 0.07070, 0.00132, 0.00000, 0.00000
0.88377, 0.10579, -0.03622, 0.07070, 0.00229, 0.00000, 0.00000
0.88394, -0.11296, -0.12372, -0.04305, -0.00112, 0.00000, 0.00000
0.89970, 0.14079, 0.03378, 0.03570, 0.00217, 0.00000, 0.00000
0.91590, -0.05171, 0.04253, 0.02695, -0.00259, 0.00000, 0.00000
0.91612, 0.00954, -0.00122, 0.03570, -0.00051, 0.00000, 0.00000
0.93161, 0.07079, -0.10622, -0.03430, -0.00173, 0.00000, 0.00000
0.93179, 0.10579, -0.04497, 0.11445, -0.00112, 0.00000, 0.00000
0.94755, -0.16546, 0.21753, 0.07070, 0.00168, 0.00000, 0.00000
0.96347, -0.02546, -0.07998, 0.07070, 0.00034, 0.00000, 0.00000
0.96367, 0.14079, -0.04497, 0.03570, 0.00095, 0.00000, 0.00000
0.97944, 0.12329, -0.18497, -0.11305, 0.00071, 0.00000, 0.00000
0.99535, -0.06921, -0.08872, -0.13055, -0.00125, 0.00000, 0.00000
0.99557, 0.06204, -0.00122, -0.06930, -0.00088, 0.00000, 0.00000
1.01145, 0.09704, 0.05128, -0.05180, -0.00003, 0.00000, 0.00000
1.01163, -0.15671, 0.27003, 0.07945, 0.00034, 0.00000, 0.00000
1.02728, 0.07079, 0.11253, 0.02695, 0.00229, 0.00000, 0.00000
1.04322, 0.07079, -0.09747, -0.00805, 0.00388, 0.00000, 0.00000
1.04336, -0.06046, -0.19372, 0.03570, 0.00022, 0.00000, 0.00000
1.05916, -0.17421, -0.00997, -0.02555, 0.00034, 0.00000, 0.00000
1.07693, -0.27046, 0.11253, -0.04305, -0.00015, 0.00000, 0.00000
1.07720, -0.08671, -0.07123, 0.02695, 0.00339, 0.00000, 0.00000
1.09105, 0.05329, -0.09747, 0.04445, -0.00332, 0.00000, 0.00000
1.09122, -0.20046, 0.15627, 0.14070, -0.00051, 0.00000, 0.00000
1.10699, 0.01829, -0.05373, 0.08820, 0.00058, 0.00000, 0.00000
1.12297, -0.04296, -0.21122, -0.19180, -0.00003, 0.00000, 0.00000
1.12311, -0.10421, 0.10378, 0.14945, 0.00254, 0.00000, 0.00000
1.13890, -0.00796, -0.07123, 0.03570, -0.00051, 0.00000, 0.00000
1.15484, -0.04296, -0.00997, -0.04305, 0.00156, 0.00000, 0.00000
1.15499, -0.11296, 0.06878, 0.09695, 0.00083, 0.00000, 0.00000
1.17227, -0.12171, 0.19128, 0.01820, -0.00271, 0.00000, 0.00000
1.17244, -0.00796, -0.19372, 0.00945, -0.00027, 0.00000, 0.00000
1.18673, 0.06204, 0.06003, 0.12320, -0.00112, 0.00000, 0.00000
1.20270, 0.10579, -0.08872, 0.11445, 0.00144, 0.00000, 0.00000
1.20286, -0.16546, -0.01872, 0.07945, -0.00125, 0.00000, 0.00000
1.21864, 0.07079, -0.14997, -0.04305, 0.00046, 0.00000, 0.00000
1.23459, 0.09704, -0.10622, 0.02695, 0.00241, 0.00000, 0.00000
1.23475, 0.14954, 0.13877, 0.00945, 0.00022, 0.00000, 0.00000
1.25053, -0.16546, -0.00997, 0.12320, 0.00156, 0.00000, 0.00000
1.25069, -0.00796, -0.13247, 0.00945, 0.00058, 0.00000, 0.00000
1.26809, 0.21954, 0.13003, -0.13930, -0.00003, 0.00000, 0.00000
1.28245, 0.11454, 0.11253, -0.00805, -0.00051, 0.00000, 0.00000
1.28261, 0.07954, -0.01872, 0.07945, 0.00046, 0.00000, 0.00000
1.29837, 0.03579, 0.03378, 0.08820, 0.00168, 0.00000, 0.00000
1.31435, -0.06921, 0.06003, 0.07945, -0.00015, 0.00000, 0.00000
1.31462, -0.12171, 0.02503, 0.22820, 0.00107, 0.00000, 0.00000
1.33034, 0.01829, -0.03622, 0.01820, 0.00180, 0.00000, 0.00000
1.34621, -0.10421, -0.00997, -0.12180, 0.00010, 0.00000, 0.00000
1.34643, -0.05171, -0.07998, 0.14070, 0.00132, 0.00000, 0.00000
1.36222, -0.00796, 0.14752, 0.04445, 0.00315, 0.00000, 0.00000
1.36244, 0.08829, -0.04497, 0.03570, 0.00132, 0.00000, 0.00000
1.37956, -0.05171, 0.06003, 0.00945, 0.00046, 0.00000, 0.00000
1.39404, 0.10579, 0.13877, -0.11305, -0.00222, 0.00000, 0.00000
1.39420, 0.03579, 0.01628, -0.13930, -0.00015, 0.00000, 0.00000
1.41000, -0.05171, 0.05128, -0.01680, -0.00064, 0.00000, 0.00000
1.42626, 0.03579, 0.06003, -0.11305, 0.00058, 0.00000, 0.00000
1.42647, 0.03579, -0.07998, 0.11445, -0.00051, 0.00000, 0.00000
1.44192, 0.02704, 0.03378, -0.05180, -0.00112, 0.00000, 0.00000
1.44209, 0.08829, 0.12128, 0.00070, 0.00095, 0.00000, 0.00000
1.45786, 0.04454, -0.00122, 0.11445, -0.00027, 0.00000, 0.00000
1.47565, -0.01671, -0.13247, 0.02695, 0.00180, 0.00000, 0.00000
1.47590, 0.07079, -0.12372, -0.12180, -0.00039, 0.00000, 0.00000
1.48978, 0.21079, -0.03622, -0.20055, 0.00107, 0.00000, 0.00000
1.50569, 0.00954, -0.21122, 0.03570, -0.00198, 0.00000, 0.00000
1.50590, 0.00954, -0.14122, 0.01820, -0.00003, 0.00000, 0.00000
1.52162, -0.06046, 0.04253, -0.00805, 0.00168, 0.00000, 0.00000
1.52175, 0.27204, 0.00753, -0.06055, -0.00088, 0.00000, 0.00000
1.53759, 0.06204, -0.04497, 0.15820, 0.00193, 0.00000, 0.00000
1.55359, -0.01671, 0.08628, 0.02695, -0.00259, 0.00000, 0.00000
1.55383, -0.10421, 0.06003, 0.07070, 0.00180, 0.00000, 0.00000
1.57095, 0.09704, 0.09503, -0.05180, 0.00095, 0.00000, 0.00000
1.58543, 0.10579, -0.07123, 0.07070, -0.00064, 0.00000, 0.00000
1.58568, 0.08829, -0.14997, -0.00805, 0.00083, 0.00000, 0.00000
1.60140, -0.09546, -0.15872, 0.17570, -0.00112, 0.00000, 0.00000
1.60158, 0.15829, -0.30747, -0.03430, 0.00132, 0.00000, 0.00000
1.61736, -0.19171, -0.01872, 0.09695, -0.00076, 0.00000, 0.00000
1.63335, -0.10421, 0.02503, 0.13195, -0.00076, 0.00000, 0.00000
1.63352, -0.10421, 0.06003, 0.06195, -0.00112, 0.00000, 0.00000
1.64927, -0.06921, 0.06003, -0.07805, -0.00076, 0.00000, 0.00000
1.66522, 0.07079, -0.04497, -0.05180, -0.00064, 0.00000, 0.00000
1.66982, 0.06204, -0.20247, -0.01680, 0.00132, 0.00000, 0.00000
1.68230, 0.02704, -0.05373, 0.04445, -0.00076, 0.00000, 0.00000
1.68418, -0.20921, -0.00997, -0.08680, -0.00112, 0.00000, 0.00000
1.69708, 0.16704, -0.20247, -0.03430, 0.00046, 0.00000, 0.00000
1.71315, 0.00079, 0.11253, 0.03570, -0.00125, 0.00000, 0.00000
1.71348, -0.13046, -0.02747, 0.06195, -0.00051, 0.00000, 0.00000
1.72897, -0.06921, -0.00997, 0.00070, 0.00058, 0.00000, 0.00000
1.74498, -0.05171, 0.23503, -0.03430, 0.00058, 0.00000, 0.00000
1.74512, 0.00954, -0.07998, 0.12320, -0.00088, 0.00000, 0.00000
1.76091, -0.06921, -0.00997, -0.04305, -0.00222, 0.00000, 0.00000
1.76407, 0.00954, 0.06003, 0.00070, -0.00015, 0.00000, 0.00000
1.77801, -0.05171, -0.07123, 0.04445, -0.00064, 0.00000, 0.00000
1.79280, 0.00079, -0.14122, 0.00070, -0.00027, 0.00000, 0.00000
1.79296, -0.04296, -0.13247, -0.13930, 0.00107, 0.00000, 0.00000
1.80869, 0.00954, 0.13003, 0.00070, 0.00107, 0.00000, 0.00000
1.82464, -0.04296, 0.06003, 0.14945, -0.00015, 0.00000, 0.00000
1.82480, -0.03421, -0.09747, 0.10570, 0.00083, 0.00000, 0.00000
1.84064, 0.00954, -0.15872, -0.03430, 0.00144, 0.00000, 0.00000
1.84081, 0.17579, -0.00997, 0.15820, -0.00015, 0.00000, 0.00000
1.85657, -0.12171, -0.04497, -0.05180, -0.00137, 0.00000, 0.00000
1.87418, -0.06921, -0.10622, 0.00070, -0.00076, 0.00000, 0.00000
1.87436, 0.00954, -0.03622, 0.01820, 0.00010, 0.00000, 0.00000
1.88844, -0.04296, -0.11497, 0.00070, 0.00071, 0.00000, 0.00000
1.90445, -0.06921, 0.03378, 0.05320, 0.00119, 0.00000, 0.00000
1.90471, -0.30546, -0.09747, -0.02555, 0.00022, 0.00000, 0.00000
1.92038, 0.14954, -0.04497, 0.10570, 0.00107, 0.00000, 0.00000
1.93651, -0.03421, -0.01872, 0.09695, -0.00088, 0.00000, 0.00000
1.93672, -0.03421, 0.01628, -0.02555, 0.00180, 0.00000, 0.00000
1.95225, 0.03579, 0.00753, -0.08680, 0.00339, 0.00000, 0.00000
1.95241, 0.12329, 0.00753, 0.07945, -0.00210, 0.00000, 0.00000
