#2025/09/09 15:11:30
time,wx,wy,wz,ax,ay,az,T,pitch,roll,yaw
0.037,0.04266,-0.02131,0.03448,0.03513,0.03579,9.79728,0.0,-0.12314,0.32904,-0.00065
0.047,0.09095,-0.02248,0.04526,0.04426,0.02860,9.80439,0.0,-0.20589,0.25160,-0.00033
0.057,0.06563,0.02081,0.04932,0.03586,0.03469,9.81007,0.0,-0.27557,0.16267,0.00032
0.067,0.11018,0.03776,0.04006,0.04153,0.04584,9.81222,0.0,-0.17882,0.22456,0.00035
0.077,0.16077,-0.07670,-0.01709,0.03481,0.04128,9.81602,0.0,-0.25896,0.30606,0.00014
0.087,0.01706,-0.07761,0.04725,0.03224,0.04836,9.81153,0.0,-0.18039,0.22663,-0.00033
0.097,0.07081,-0.09915,0.06102,0.04606,0.05108,9.82464,0.0,-0.17896,0.33977,-0.00007
0.107,-0.05138,0.08984,0.05522,0.04542,0.04328,9.82669,0.0,-0.29046,0.31501,0.00047
0.117,-0.06464,0.06313,0.09625,0.04519,0.03736,9.82452,0.0,-0.25470,0.20523,0.00127
0.127,0.02751,0.09775,0.06869,0.04213,0.04392,9.82071,0.0,-0.33111,0.12136,0.00266
0.137,0.07365,0.10004,0.07971,0.03503,0.04643,9.81926,0.0,-0.27074,0.21910,0.00241
0.147,0.03771,0.02337,0.04105,0.02638,0.03563,9.82761,0.0,-0.17483,0.28270,0.00279
0.157,-0.05183,-0.01752,0.05866,0.03789,0.05210,9.82484,0.0,-0.12758,0.17980,0.00297
0.167,-0.01030,-0.01051,0.08682,0.03935,0.04955,9.81787,0.0,-0.19479,0.26991,0.00316
0.177,-0.00556,0.02513,0.10829,0.04583,0.03976,9.82411,0.0,-0.30446,0.29788,0.00382
0.187,-0.00234,-0.12652,0.06299,0.03943,0.03012,9.82354,0.0,-0.28829,0.18554,0.00536
0.197,0.12806,-0.07326,0.00229,0.03401,0.03821,9.81441,0.0,-0.19081,0.13110,0.00567
0.207,0.05784,0.03430,0.06516,0.04973,0.02954,9.82576,0.0,-0.18003,0.24607,0.00470
0.217,-0.01255,0.09708,0.09993,0.04388,0.02917,9.82416,0.0,-0.27445,0.18561,0.00572
0.227,0.00546,-0.05488,0.05969,0.05354,0.02607,9.81170,0.0,-0.16856,0.14068,0.00685
0.237,-0.00983,-0.05801,0.05500,0.04532,0.03961,9.81581,0.0,-0.28320,0.14106,0.00693
0.247,-0.00520,-0.01505,0.08541,0.04812,0.03890,9.82036,0.0,-0.24615,0.24798,0.00669
0.257,0.12727,-0.06374,0.04323,0.04325,0.03863,9.82209,0.0,-0.34593,0.19470,0.00775
0.267,-0.02841,-0.06189,-0.02661,0.04435,0.04441,9.82275,0.0,-0.23699,0.22592,0.00751
0.277,-0.02325,-0.00560,0.02192,0.04477,0.04662,9.82003,0.0,-0.28590,0.32698,0.00608
0.287,-0.04267,-0.01731,0.05131,0.04491,0.04453,9.83382,0.0,-0.23529,0.22494,0.00680
0.297,-0.18045,-0.00076,0.03029,0.04793,0.04667,9.83316,0.0,-0.31490,0.30456,0.00685
0.307,-0.13577,0.03936,-0.03172,0.04318,0.04160,9.82698,0.0,-0.23494,0.22167,0.00714
0.317,-0.05343,0.03316,-0.01234,0.04728,0.05143,9.82461,0.0,-0.22513,0.33317,0.00573
0.327,-0.05468,0.05258,0.03811,0.03699,0.04342,9.82668,0.0,-0.33749,0.33703,0.00545
0.337,-0.00048,0.00532,0.00362,0.03602,0.04624,9.82450,0.0,-0.24438,0.27101,0.00622
0.347,-0.02393,0.07508,-0.03124,0.01790,0.03259,9.81479,0.0,-0.13427,0.29718,0.00569
0.357,0.18510,-0.01779,0.02014,0.03175,0.03326,9.80515,0.0,-0.07382,0.19999,0.00509
0.367,0.09142,-0.05460,0.02912,0.04591,0.03647,9.81035,0.0,-0.18764,0.20089,0.00535
0.377,0.03397,-0.06883,0.10794,0.04246,0.03179,9.80049,0.0,-0.29984,0.22120,0.00535
0.387,0.06545,0.01429,0.04092,0.04405,0.04180,9.81450,0.0,-0.21232,0.14939,0.00697
0.397,0.00241,-0.05371,0.00481,0.04176,0.03677,9.79614,0.0,-0.25216,0.25604,0.00628
0.407,-0.04403,-0.00272,-0.00912,0.04086,0.04368,9.79208,0.0,-0.22321,0.14620,0.00629
0.417,0.10150,-0.04810,0.01787,0.04938,0.03457,9.81426,0.0,-0.23325,0.25822,0.00540
0.427,0.03702,0.02179,0.02809,0.04078,0.03991,9.81383,0.0,-0.31182,0.17813,0.00588
0.437,0.01209,0.08154,-0.00037,0.03157,0.03901,9.81071,0.0,-0.21833,0.24352,0.00566
0.447,0.18773,0.01764,0.02110,0.03397,0.03867,9.81544,0.0,-0.10755,0.21260,0.00531
0.457,0.03769,0.01360,-0.00288,0.03490,0.04147,9.81132,0.0,-0.22021,0.22890,0.00536
0.467,-0.09542,0.00045,0.03110,0.02929,0.04550,9.82160,0.0,-0.16464,0.32770,0.00459
0.477,-0.09166,-0.04823,0.02260,0.02717,0.04409,9.81663,0.0,-0.13230,0.21697,0.00513
0.487,-0.05795,-0.03351,0.07310,0.04415,0.04061,9.81771,0.0,-0.18585,0.31646,0.00476
0.497,-0.00230,0.03854,0.01685,0.04466,0.05106,9.82996,0.0,-0.27923,0.25139,0.00581
0.507,0.03046,-0.01097,-0.03679,0.03899,0.04620,9.81093,0.0,-0.25518,0.36262,0.00486
0.517,0.03213,-0.02997,-0.04650,0.04276,0.04140,9.80663,0.0,-0.21020,0.25897,0.00432
0.527,0.00996,0.09482,0.02491,0.04124,0.02780,9.81094,0.0,-0.30583,0.19771,0.00382
0.537,0.00254,0.02129,0.03089,0.03470,0.04321,9.80663,0.0,-0.23094,0.11036,0.00466
0.547,-0.07632,0.00364,0.01168,0.03518,0.03732,9.81092,0.0,-0.20208,0.22039,0.00434
0.557,-0.03052,-0.00252,0.01505,0.04722,0.03802,9.81256,0.0,-0.22550,0.10771,0.00449
0.567,0.01952,-0.00462,0.02708,0.04584,0.05301,9.82206,0.0,-0.29652,0.19646,0.00400
0.577,0.02750,0.02755,0.04238,0.03648,0.04401,9.81089,0.0,-0.27340,0.30826,0.00354
0.587,0.16051,0.06288,0.06962,0.03291,0.03762,9.80366,0.0,-0.18757,0.23291,0.00411
0.597,0.11371,0.07562,0.08010,0.04338,0.03814,9.81571,0.0,-0.16168,0.12418,0.00506
0.607,0.00893,0.09082,-0.01276,0.04146,0.04715,9.80252,0.0,-0.25036,0.19465,0.00541
0.617,0.06768,-0.03482,-0.01573,0.04369,0.04177,9.80935,0.0,-0.23449,0.30673,0.00398
0.627,0.04603,0.00500,0.11219,0.04161,0.03088,9.80308,0.0,-0.27269,0.20032,0.00402
0.637,-0.11450,0.06310,0.07494,0.02894,0.03849,9.79474,0.0,-0.21188,0.10408,0.00608
0.647,0.00944,-0.01244,0.10384,0.02705,0.03846,9.80341,0.0,-0.15259,0.19955,0.00603
0.657,0.01252,0.05753,0.07165,0.03224,0.05317,9.80374,0.0,-0.14640,0.31390,0.00668
0.667,-0.01790,-0.02617,0.02729,0.04906,0.05289,9.80388,0.0,-0.23308,0.38627,0.00670
0.677,-0.00830,-0.00289,0.02099,0.05848,0.04984,9.79504,0.0,-0.32768,0.32157,0.00675
0.687,-0.06982,0.01652,-0.01369,0.04724,0.04279,9.79760,0.0,-0.41437,0.24818,0.00714
0.697,-0.00661,0.03562,0.05911,0.03407,0.03421,9.79562,0.0,-0.30093,0.23223,0.00662
0.707,0.01798,-0.01217,0.01166,0.03197,0.03683,9.80671,0.0,-0.19539,0.18815,0.00759
0.717,0.10291,0.01423,-0.00661,0.03713,0.03487,9.79613,0.0,-0.14883,0.29222,0.00684
0.727,0.03804,-0.00949,0.01886,0.03609,0.04003,9.80987,0.0,-0.22503,0.20986,0.00667
0.737,0.08850,0.05916,0.01760,0.02680,0.03906,9.81512,0.0,-0.18014,0.31424,0.00639
0.747,-0.08650,-0.02631,-0.02558,0.03514,0.03867,9.80527,0.0,-0.11775,0.21953,0.00655
0.757,0.02010,-0.04659,-0.02069,0.03239,0.04441,9.80150,0.0,-0.23184,0.22252,0.00575
0.767,0.02840,-0.06560,0.03506,0.04023,0.04661,9.80006,0.0,-0.15579,0.30762,0.00503
0.777,-0.04455,-0.05142,0.04560,0.04616,0.05040,9.81136,0.0,-0.26662,0.28004,0.00557
0.787,0.05802,-0.07805,0.02806,0.04253,0.04595,9.80383,0.0,-0.34145,0.36487,0.00537
0.797,0.05384,-0.08855,0.08600,0.04712,0.02952,9.79504,0.0,-0.26406,0.28323,0.00572
0.807,-0.05710,0.00575,0.06494,0.04586,0.03504,9.80353,0.0,-0.28341,0.17154,0.00721
0.817,-0.06676,0.01999,0.02461,0.04835,0.04008,9.80084,0.0,-0.24214,0.27661,0.00698
0.827,-0.08101,-0.00771,-0.01225,0.04040,0.04201,9.80277,0.0,-0.34398,0.22614,0.00697
0.837,-0.01047,-0.02872,-0.08020,0.04330,0.04274,9.80055,0.0,-0.23209,0.24675,0.00625
0.847,0.07026,0.01876,-0.03093,0.03848,0.04008,9.79970,0.0,-0.34424,0.26770,0.00466
0.857,0.02586,-0.04081,0.02040,0.03667,0.03022,9.79050,0.0,-0.23481,0.23467,0.00458
0.867,0.08468,-0.04094,0.15834,0.03592,0.03237,9.81069,0.0,-0.20415,0.12523,0.00526
0.877,-0.01232,-0.03090,0.04959,0.03265,0.03908,9.82136,0.0,-0.20848,0.23987,0.00702
0.887,-0.13621,-0.01672,0.05116,0.02254,0.04457,9.80468,0.0,-0.10332,0.28175,0.00647
0.897,0.06629,-0.05344,0.03013,0.01866,0.04667,9.80721,0.0,0.00907,0.26264,0.00674
0.907,-0.06339,0.04111,0.01126,0.02314,0.03570,9.80522,0.0,-0.10345,0.28342,0.00663
0.917,-0.00418,0.04501,0.01481,0.02779,0.03152,9.81335,0.0,-0.14613,0.17700,0.00660
0.927,0.04023,0.03566,0.01617,0.02068,0.03874,9.80756,0.0,-0.25573,0.14980,0.00661
0.937,0.07908,0.01021,0.03825,0.04168,0.04444,9.80830,0.0,-0.15925,0.21174,0.00629
0.947,-0.03672,0.05458,0.02514,0.02599,0.04367,9.80266,0.0,-0.26379,0.25752,0.00639
0.957,-0.01559,0.03897,-0.00139,0.04373,0.04632,9.79754,0.0,-0.14881,0.25304,0.00631
0.967,0.03626,-0.01072,0.04237,0.04162,0.04144,9.79262,0.0,-0.26067,0.27100,0.00581
0.977,-0.06363,0.01344,0.02679,0.03786,0.03369,9.79076,0.0,-0.20713,0.17135,0.00665
0.987,-0.14488,-0.01071,0.01016,0.03048,0.03662,9.79003,0.0,-0.24757,0.06405,0.00699
0.997,-0.04599,0.00310,-0.06093,0.04841,0.03774,9.79569,0.0,-0.18943,0.15957,0.00635
1.007,-0.01950,0.06338,0.01948,0.02857,0.03523,9.79785,0.0,-0.29411,0.20287,0.00486
1.017,-0.04049,-0.07911,0.01826,0.03583,0.03720,9.79274,0.0,-0.17922,0.19935,0.00531
1.027,0.01543,-0.00082,0.06054,0.03563,0.03796,9.79672,0.0,-0.28420,0.24535,0.00504
1.037,0.03745,-0.04804,0.03378,0.04149,0.03531,9.79528,0.0,-0.17372,0.21626,0.00577
1.047,-0.13879,-0.03445,0.05593,0.04668,0.04607,9.79471,0.0,-0.28534,0.19291,0.00577
1.057,-0.00037,0.00539,-0.01120,0.04569,0.05018,9.79450,0.0,-0.29168,0.30381,0.00564
1.067,-0.02378,0.06408,-0.00457,0.04234,0.03411,9.81223,0.0,-0.17901,0.32297,0.00478
1.077,0.06528,0.04319,0.03028,0.03513,0.03973,9.81009,0.0,-0.21105,0.21401,0.00489
1.087,0.12176,-0.05276,0.03298,0.03240,0.03304,9.80336,0.0,-0.13781,0.30257,0.00489
1.097,-0.06266,-0.10202,-0.01964,0.04025,0.03343,9.80374,0.0,-0.17263,0.19554,0.00526
1.107,-0.00332,-0.07576,0.00314,0.04623,0.03357,9.79500,0.0,-0.28748,0.19531,0.00448
1.117,-0.05714,-0.00021,0.03330,0.04553,0.04540,9.79164,0.0,-0.39482,0.23400,0.00416
1.127,-0.02320,-0.00399,0.02331,0.04230,0.04403,9.79037,0.0,-0.29537,0.28923,0.00409
1.137,0.04400,-0.00501,0.03022,0.03512,0.03764,9.80175,0.0,-0.19839,0.22977,0.00426
1.147,0.13496,-0.02693,0.08669,0.02940,0.04402,9.80608,0.0,-0.14114,0.13221,0.00464
1.157,0.16977,-0.04633,0.04368,0.02426,0.04057,9.80478,0.0,-0.14889,0.24762,0.00530
1.167,0.00850,0.06612,0.05944,0.02525,0.04809,9.80724,0.0,-0.06434,0.17349,0.00536
1.177,0.07809,-0.01112,0.05484,0.03162,0.04211,9.78744,0.0,-0.12444,0.26833,0.00563
1.187,0.21267,0.01531,0.08519,0.04291,0.04866,9.78875,0.0,-0.22577,0.21748,0.00605
1.197,0.06904,0.00186,0.09697,0.03833,0.03940,9.79817,0.0,-0.29198,0.31213,0.00641
1.207,0.03593,-0.01413,0.01534,0.03360,0.04469,9.79879,0.0,-0.22458,0.22019,0.00760
1.217,-0.05201,-0.08693,0.09202,0.04662,0.04671,9.80199,0.0,-0.15631,0.31125,0.00669
1.227,-0.05379,-0.03737,0.01346,0.05755,0.04748,9.79431,0.0,-0.26920,0.28891,0.00789
1.237,0.05372,0.01546,0.01561,0.04393,0.03894,9.79733,0.0,-0.38237,0.27953,0.00733
1.247,0.10601,-0.00835,0.01651,0.05059,0.03274,9.80144,0.0,-0.27880,0.23203,0.00752
1.257,-0.02691,0.10257,0.00595,0.04423,0.03332,9.80005,0.0,-0.34071,0.13780,0.00794
1.267,-0.00118,0.07942,0.03430,0.04775,0.04530,9.78764,0.0,-0.23950,0.19245,0.00739
1.277,0.20387,0.07209,0.03422,0.03713,0.05874,9.81847,0.0,-0.28564,0.29591,0.00718
1.287,-0.00981,-0.03213,-0.04077,0.05701,0.03142,9.76209,0.0,-0.19964,0.37392,0.00695
1.297,-0.04847,-0.01651,0.04888,0.04369,0.04753,9.78500,0.0,-0.26618,0.28142,0.00618
1.307,-0.11774,0.02208,0.12617,0.03264,0.04782,9.81451,0.0,-0.18350,0.35733,0.00666
1.317,-0.13332,0.02589,0.01573,0.03446,0.04787,9.77538,0.0,-0.13861,0.25209,0.00843
1.327,-0.10635,-0.01648,-0.04792,0.02620,0.03616,9.79603,0.0,-0.24157,0.29375,0.00750
1.337,-0.04344,0.15506,-0.01881,0.03195,0.02580,9.80689,0.0,-0.16428,0.21111,0.00665
1.347,-0.00731,0.07744,-0.00742,0.01341,0.03948,9.78433,0.0,-0.20680,0.10769,0.00673
1.357,-0.03726,0.09152,0.03995,0.02407,0.03885,9.80537,0.0,-0.12202,0.18254,0.00625
1.367,-0.14624,0.08513,0.00430,0.04005,0.04153,9.79265,0.0,-0.21161,0.24880,0.00649
1.377,-0.18711,-0.00545,-0.05221,0.02538,0.03961,9.79372,0.0,-0.32321,0.25225,0.00603
1.387,-0.03002,0.06045,0.01202,0.02570,0.04771,9.78819,0.0,-0.21146,0.23657,0.00496
1.397,-0.01271,0.00817,0.07980,0.03767,0.04493,9.80091,0.0,-0.13813,0.32410,0.00496
1.407,0.02692,-0.06664,0.11655,0.04226,0.04385,9.79687,0.0,-0.23635,0.26773,0.00610
1.417,0.06333,-0.05098,0.05511,0.04404,0.04343,9.78644,0.0,-0.33655,0.21373,0.00749
1.427,0.05517,-0.00109,0.04234,0.03579,0.04034,9.79431,0.0,-0.23734,0.26854,0.00713
1.437,0.05252,-0.03713,-0.00550,0.03562,0.03622,9.79732,0.0,-0.14650,0.20059,0.00744
1.447,-0.01442,0.04776,0.00838,0.04151,0.02875,9.78959,0.0,-0.26005,0.19417,0.00685
1.457,0.04757,-0.00728,0.06763,0.04962,0.04652,9.80439,0.0,-0.26811,0.08064,0.00728
1.467,0.00596,-0.00677,0.04720,0.04680,0.05330,9.80412,0.0,-0.29046,0.19267,0.00752
1.477,0.08758,0.00519,0.03930,0.03983,0.04410,9.79217,0.0,-0.26912,0.30404,0.00706
1.487,-0.01168,0.04181,0.03631,0.03713,0.04355,9.80539,0.0,-0.19941,0.21556,0.00751
1.497,-0.08210,-0.05472,-2.10723,-0.51881,0.14643,9.81630,0.0,-0.22154,0.32596,0.00718
1.507,-0.14262,-0.02579,-4.11048,-0.86479,0.29169,9.80256,0.0,-0.11132,0.34373,-0.02746
1.517,-0.01684,0.05231,-10.31327,-1.09801,0.46199,9.80310,0.0,-0.00380,0.37339,-0.08124
1.527,-0.11043,0.04791,-14.81423,-1.04175,0.50056,9.82704,0.0,0.09980,0.41488,-0.22293
1.537,0.01459,0.01422,-21.60479,-1.02897,0.45638,9.80069,0.0,0.19928,0.45728,-0.39903
1.547,-0.03558,0.00057,-24.93064,-0.62948,0.39825,9.78174,0.0,0.30084,0.49231,-0.65714
1.557,-0.06615,-0.03786,-28.16053,-0.30758,0.21710,9.80137,0.0,0.38309,0.55687,-0.92686
1.567,-0.02481,0.09111,-29.30843,-0.11031,0.07429,9.79413,0.0,0.48591,0.57641,-1.22851
1.577,-0.10523,0.05154,-28.27155,0.38631,-0.04502,9.82402,0.0,0.42521,0.49618,-1.52955
1.587,0.13564,0.03856,-26.86360,0.57332,-0.21131,9.80297,0.0,0.33094,0.46689,-1.80628
1.597,0.08734,0.05463,-24.28000,0.77523,-0.26306,9.80084,0.0,0.24481,0.42151,-2.06670
1.607,0.15685,0.02848,-21.21511,0.59394,-0.12382,9.82653,0.0,0.15393,0.38484,-2.29391
1.617,-0.02277,0.11613,-18.30021,0.36736,0.00885,9.82736,0.0,0.05726,0.36633,-2.48741
1.627,0.16979,0.04144,-17.39136,0.01085,0.08309,9.82175,0.0,-0.04007,0.37676,-2.65265
1.637,0.11267,0.07801,-16.91504,-0.37148,0.10262,9.80185,0.0,0.05876,0.40858,-2.82119
1.647,0.03511,0.11347,-19.78019,-0.76083,0.16014,9.79125,0.0,0.16336,0.41663,-2.98763
1.657,-0.01677,0.02755,-24.15832,-0.96027,0.32931,9.79888,0.0,0.26784,0.42859,-3.20334
1.667,0.09165,0.09479,-28.24274,-1.11358,0.37041,9.82555,0.0,0.36519,0.45966,-3.47206
1.677,-0.19072,-0.14653,-31.47096,-0.88739,0.43021,9.80896,0.0,0.46459,0.48530,-3.77978
1.687,-0.11804,0.15931,-33.56634,-0.46878,0.44421,9.81446,0.0,0.54972,0.52744,-4.11430
1.697,-0.34860,0.03172,-34.69980,-0.38882,0.36125,9.81965,0.0,0.58650,0.61576,-4.46222
1.707,-0.22877,-0.20269,-34.68030,-0.08523,0.30300,9.77717,0.0,0.66353,0.66965,-4.81580
1.717,-0.43367,-0.16196,-34.83444,0.03382,0.18657,9.77885,0.0,0.58650,0.71969,-5.16218
1.727,-0.04536,-0.18688,-35.27042,0.13570,0.10972,9.78842,0.0,0.49447,0.70694,-5.51177
1.737,0.11233,-0.02003,-35.29734,0.01153,0.05682,9.78027,0.0,0.40378,0.68674,-5.86758
1.747,0.60561,0.11314,-35.77107,-0.04508,0.20146,9.77398,0.0,0.40505,0.59148,-6.22163
1.757,0.17665,0.06006,-36.05903,-0.14399,0.28032,9.82195,0.0,0.41673,0.69221,-6.58181
1.767,0.15297,0.10696,-36.73991,-0.14018,0.30158,9.81953,0.0,0.47222,0.76772,-6.94380
1.777,0.28496,0.14802,-36.45101,-0.48289,0.25683,9.89283,0.0,0.50691,0.85546,-7.31486
1.787,0.44486,-0.02281,-37.71855,-0.42119,0.44276,9.85532,0.0,0.60571,0.86770,-7.67767
1.797,0.29139,-0.31004,-37.20076,-0.12432,0.28415,9.84422,0.0,0.66256,0.94469,-8.06210
1.807,0.08800,-0.02425,-37.72508,0.14354,0.16463,9.78964,0.0,0.57291,0.95521,-8.43108
1.817,0.34643,0.09853,-37.93638,-0.02110,0.07487,9.79260,0.0,0.49051,0.93525,-8.81191
1.827,-0.17132,-0.05767,-38.00547,-0.10481,0.07003,9.79962,0.0,0.52306,0.84813,-9.19356
1.837,-0.21998,0.08206,-40.33652,-0.10717,0.09761,9.80226,0.0,0.58735,0.76932,-9.57498
1.847,-0.21990,0.37789,-43.32699,-0.06957,0.17876,9.77057,0.0,0.63440,0.67899,-9.99387
1.857,-0.41214,0.14784,-44.53302,0.14053,0.21270,9.77622,0.0,0.60228,0.75201,-10.44494
1.867,-0.68025,-0.10689,-47.07124,0.24157,0.25212,9.74574,0.0,0.52123,0.76684,-10.89771
1.877,-0.56803,0.09499,-47.32013,0.46435,0.08468,9.75802,0.0,0.44165,0.78545,-11.38411
1.887,0.07329,0.03355,-45.81105,0.48137,-0.10582,9.79253,0.0,0.36365,0.75749,-11.85917
1.897,0.36203,0.13176,-41.87559,0.56222,-0.29044,9.80881,0.0,0.29456,0.71171,-12.30846
1.907,0.52611,0.29094,-38.96218,0.47163,-0.44044,9.81218,0.0,0.23151,0.65967,-12.70336
1.917,0.10418,0.06160,-35.65193,0.66244,-0.40067,9.75403,0.0,0.18792,0.59103,-13.07544
1.927,0.04060,0.05195,-32.90190,0.76505,-0.44140,9.74374,0.0,0.11254,0.54270,-13.41187
1.937,0.15855,0.02741,-29.43971,0.76844,-0.38921,9.78123,0.0,0.03947,0.49174,-13.72420
1.947,0.07531,-0.15921,-27.38467,0.62149,-0.38988,9.77781,0.0,-0.03873,0.44814,-13.99746
1.957,0.02041,-0.04334,-26.08325,0.48523,-0.34306,9.75570,0.0,-0.10975,0.38594,-14.25880
1.967,-0.15151,-0.09942,-25.55354,0.33799,-0.22503,9.79160,0.0,-0.17505,0.31946,-14.51167
1.977,-0.05517,-0.05348,-25.57757,0.07685,-0.06512,9.81112,0.0,-0.24439,0.25152,-14.76395
1.987,-0.25665,-0.05980,-25.27428,0.03053,0.03124,9.77999,0.0,-0.14682,0.24519,-15.02012
1.997,-0.35481,-0.07336,-24.25397,0.19095,0.00620,9.75629,0.0,-0.10459,0.32958,-15.27144
2.007,-0.31617,-0.07794,-23.36901,0.14814,0.10265,9.77973,0.0,-0.19830,0.30334,-15.50787
2.017,0.05647,-0.01076,-21.76087,0.17921,0.18656,9.77083,0.0,-0.25849,0.37796,-15.73666
2.027,-0.11408,-0.05353,-18.70213,0.48478,0.20975,9.75852,0.0,-0.32182,0.45554,-15.94496
2.037,0.02652,0.03093,-16.29593,1.31971,-0.03457,9.79557,0.0,-0.41783,0.47730,-16.11349
2.047,0.07201,0.10747,-8.42140,1.58252,-0.24271,9.78319,0.0,-0.51297,0.46481,-16.26171
2.057,-0.03861,-0.05154,-4.21798,0.59380,-0.07484,9.79012,0.0,-0.60693,0.43999,-16.29725
2.067,0.00507,-0.00142,-2.33276,0.18931,0.07169,9.78377,0.0,-0.51268,0.40252,-16.31337
2.077,0.04396,-0.07028,-2.17239,-0.01568,0.16888,9.77833,0.0,-0.42402,0.45845,-16.32576
2.087,-0.09340,-0.04265,-1.88503,-0.11474,0.18836,9.79110,0.0,-0.33835,0.51985,-16.34717
2.097,-0.14550,-0.07617,-1.82901,-0.14073,0.20757,9.79300,0.0,-0.24154,0.56417,-16.36474
2.107,-0.20959,0.03190,-1.22640,-0.23615,-0.07064,9.77928,0.0,-0.15014,0.61948,-16.38315
2.117,-0.10441,-0.03612,-4.32313,-0.36173,-0.09154,9.77097,0.0,-0.07503,0.53682,-16.39179
2.127,0.04280,-0.01730,-7.88566,-0.39222,0.06828,9.77944,0.0,0.02494,0.49308,-16.45441
2.137,-0.04085,-0.16546,-9.79513,-0.19330,0.14992,9.78855,0.0,0.13262,0.51592,-16.55551
2.147,0.16446,-0.07700,-10.71876,-0.36644,0.13110,9.80399,0.0,0.17386,0.61457,-16.66527
2.157,-0.02972,0.11996,-11.13629,-0.15658,0.08559,9.78915,0.0,0.28331,0.62044,-16.77841
2.167,0.10301,-0.00162,-13.34127,-0.25471,0.21249,9.80407,0.0,0.24338,0.51973,-16.89303
2.177,0.25125,-0.06936,-14.79725,-0.39005,0.25508,9.80385,0.0,0.33069,0.58454,-17.04002
2.187,0.17763,-0.07420,-15.11645,-0.43878,0.25075,9.81862,0.0,0.42954,0.62950,-17.19697
2.197,0.10342,0.15491,-16.84311,-0.29144,0.34916,9.81522,0.0,0.53092,0.66499,-17.35007
2.207,-0.23660,-0.12361,-18.23382,-0.33879,0.33961,9.76656,0.0,0.57301,0.76298,-17.52844
2.217,-0.06418,-0.07341,-18.86247,-0.02190,0.42721,9.77450,0.0,0.65647,0.81937,-17.71899
2.227,0.19693,-0.08580,-19.68409,-0.06659,0.25463,9.77189,0.0,0.59215,0.89763,-17.91088
2.237,0.17704,-0.00327,-18.97514,0.09435,0.15926,9.77684,0.0,0.51178,0.83668,-18.11367
2.247,0.25706,0.01798,-16.94936,0.36356,0.06689,9.78174,0.0,0.41281,0.82129,-18.29941
2.257,0.26596,0.08106,-15.01283,0.44567,0.02864,9.76583,0.0,0.31404,0.80124,-18.45676
2.267,0.00052,-0.11725,-13.41113,0.43559,-0.05659,9.77764,0.0,0.21624,0.77908,-18.59527
2.277,-0.05865,0.00570,-11.49695,0.30425,-0.15681,9.80893,0.0,0.12294,0.72879,-18.71991
2.287,0.04914,0.00959,-11.07805,0.33696,-0.05090,9.78512,0.0,0.06439,0.64196,-18.82342
2.297,0.05944,-0.12133,-9.75491,0.32874,-0.02223,9.76714,0.0,-0.03608,0.61673,-18.93187
2.307,0.07329,-0.03903,-8.72220,0.29577,0.07704,9.76017,0.0,-0.13672,0.58304,-19.02148
2.317,-0.11699,0.01292,-8.70449,-0.19765,0.23278,9.79298,0.0,-0.24010,0.60028,-19.10262
2.327,0.01615,-0.00978,-10.14058,-0.50473,0.28049,9.79368,0.0,-0.14038,0.63898,-19.18995
2.337,-0.03101,-0.07437,-12.73467,-0.73768,0.23107,9.83259,0.0,-0.03657,0.66872,-19.30053
2.347,-0.07242,0.03294,-14.98553,-0.50318,0.15326,9.82674,0.0,0.06903,0.67810,-19.44417
2.357,-0.13153,-0.04769,-18.08455,-0.34523,0.04994,9.81570,0.0,0.17718,0.67335,-19.60818
2.367,-0.09922,-0.15519,-19.27892,-0.05942,0.03102,9.78178,0.0,0.26870,0.61731,-19.80865
2.377,-0.19700,-0.10904,-21.80251,-0.17563,-0.04386,9.79266,0.0,0.17687,0.56727,-20.00928
2.387,-0.13626,-0.15677,-22.99248,-0.03012,-0.09015,9.78495,0.0,0.25684,0.49623,-20.24342
2.397,0.01585,-0.04179,-23.66271,0.21225,-0.02839,9.76410,0.0,0.21044,0.40265,-20.48134
2.407,-0.06727,0.05614,-23.31577,0.31655,0.06291,9.76198,0.0,0.11185,0.38812,-20.72242
2.417,-0.26050,-0.00683,-22.40770,0.41861,0.16546,9.74328,0.0,0.01432,0.39999,-20.95366
2.427,-0.08622,0.13632,-21.88910,0.14295,0.25182,9.78948,0.0,-0.08002,0.42806,-21.17239
2.437,-0.03854,-0.09560,-20.99055,-0.08410,0.33782,9.83079,0.0,-0.05809,0.52796,-21.38843
2.447,-0.04867,-0.03062,-32.84672,0.22805,-0.18591,9.66640,0.0,0.00379,0.60728,-21.59310
2.457,0.04544,-0.08123,-13.11708,-0.08981,0.01752,9.74543,0.0,-0.04686,0.52717,-21.99505
2.467,-0.23424,0.08435,-4.37526,0.72071,-0.17863,9.76995,0.0,0.05086,0.54593,-22.00455
2.477,-0.31875,0.02654,-2.01575,0.59392,-0.08276,9.79396,0.0,-0.04425,0.51077,-21.99452
2.487,-0.18854,0.02774,-1.12544,0.29344,-0.08735,9.79432,0.0,-0.14579,0.48479,-22.00031
2.497,-0.16023,0.01704,-0.37618,0.17853,-0.01550,9.79436,0.0,-0.19097,0.38809,-22.00601
2.507,-0.12806,0.04616,-0.19774,0.13171,-0.00278,9.79440,0.0,-0.28677,0.33853,-22.00518
2.517,-0.10488,0.05738,-0.04346,0.08115,0.02563,9.79438,0.0,-0.36344,0.26124,-22.00586
2.527,-0.11703,-0.01563,0.05872,0.05887,0.04237,9.79141,0.0,-0.25368,0.24723,-22.00550
2.537,-0.16603,0.06632,0.07602,0.02067,0.05760,9.79323,0.0,-0.27225,0.35479,-22.00504
2.547,-0.11891,0.00999,0.05046,0.01205,0.05751,9.78207,0.0,-0.16078,0.36694,-22.00446
2.557,-0.14393,-0.05594,0.00851,0.01470,0.06042,9.76891,0.0,-0.05286,0.33921,-22.00430
2.567,-0.17538,-0.05925,-0.03984,0.00976,0.05565,9.77872,0.0,-0.14882,0.39495,-22.00482
2.577,-0.15534,-0.00518,-0.06921,-0.00102,0.04795,9.78543,0.0,-0.06162,0.32398,-22.00563
2.587,-0.32101,-0.00790,-0.05872,0.01564,0.03912,9.78504,0.0,0.03188,0.26042,-22.00673
2.597,-0.22208,0.04741,-0.02265,0.01306,0.05930,9.78783,0.0,-0.07385,0.21968,-22.00747
2.607,-0.23848,0.05709,-0.13801,0.00905,0.10821,9.78291,0.0,-0.06902,0.33021,-22.00784
2.617,-0.17902,-0.01583,-0.23580,0.01348,0.11511,9.77808,0.0,-0.06103,0.43972,-22.01030
2.627,-0.17895,0.06632,-0.26259,0.02099,0.16192,9.79100,0.0,-0.07592,0.54952,-22.01362
2.637,-0.10321,0.12032,-0.28370,-0.00553,0.03555,9.78723,0.0,-0.08906,0.65929,-22.01677
2.647,-0.10581,0.04155,0.02071,0.04671,-0.06276,9.79178,0.0,-0.06107,0.54929,-22.01979
2.657,-0.19296,-0.05531,0.22332,0.03412,-0.12388,9.77280,0.0,-0.09484,0.44069,-22.01777
2.667,-0.22702,-0.00417,0.27900,0.02313,-0.02357,9.78021,0.0,-0.10062,0.32596,-22.01432
2.677,-0.13113,-0.03888,0.21416,0.01896,-0.00880,9.78604,0.0,-0.09460,0.21120,-22.01123
2.687,-0.04129,0.05844,0.08146,0.02330,0.01448,9.77638,0.0,-0.09569,0.09792,-22.00953
2.697,0.04765,0.05197,0.05236,0.02199,0.02926,9.76972,0.0,-0.16415,0.18613,-22.00997
2.707,0.05976,0.07137,0.08428,0.01849,0.03492,9.77904,0.0,-0.08336,0.26575,-22.01002
2.717,-0.02219,0.05607,0.09658,0.02900,0.04298,9.78851,0.0,-0.11469,0.15888,-22.00903
2.727,0.09803,0.08445,0.03650,0.01819,0.04605,9.78917,0.0,-0.18234,0.24760,-22.00845
2.737,0.06930,-0.04852,0.05696,0.01705,0.04133,9.78350,0.0,-0.07282,0.28045,-22.00876
2.747,0.01340,0.07663,0.04292,0.01364,0.04541,9.77836,0.0,-0.11699,0.17690,-22.00813
2.757,-0.03999,0.06910,0.08076,0.02717,0.04697,9.77936,0.0,-0.06701,0.27836,-22.00818
2.767,0.15669,0.04586,0.04126,0.01750,0.04169,9.78272,0.0,-0.17865,0.27962,-22.00737
2.777,0.11251,0.03606,0.00473,0.02571,0.03965,9.77214,0.0,-0.07713,0.23274,-22.00733
2.787,-0.02321,-0.02369,-0.06286,0.02882,0.04183,9.77403,0.0,-0.18865,0.22552,-22.00772
2.797,-0.09683,-0.03567,-0.06715,0.02999,0.04561,9.78067,0.0,-0.15612,0.33178,-22.00932
2.807,-0.10353,-0.00702,-0.03657,0.02156,0.04116,9.78025,0.0,-0.20372,0.22847,-22.00994
2.817,-0.14950,0.00359,-0.08946,0.01536,0.04241,9.78009,0.0,-0.09106,0.22385,-22.01033
2.827,0.02847,-0.02390,-0.05590,0.02783,0.04288,9.78003,0.0,-0.02019,0.30955,-22.01187
2.837,0.04186,0.00925,0.02147,0.02070,0.04308,9.79186,0.0,-0.12801,0.27854,-22.01241
2.847,0.07940,0.03318,-0.00286,0.02098,0.04313,9.77859,0.0,-0.03917,0.20905,-22.01184
2.857,0.02896,0.00877,0.02026,0.01510,0.04318,9.79724,0.0,-0.13833,0.26194,-22.01232
2.867,0.08552,0.01104,0.02902,0.02476,0.04318,9.78658,0.0,-0.02629,0.24696,-22.01218
2.877,-0.01226,0.02201,0.06473,0.01659,0.04612,9.77954,0.0,-0.13869,0.25256,-22.01207
2.887,-0.02812,0.04840,0.04601,0.02534,0.03842,9.78279,0.0,-0.03358,0.29366,-22.01149
2.897,0.00978,-0.00729,0.04973,0.02569,0.04725,9.78401,0.0,-0.12681,0.23123,-22.01129
2.907,0.06743,-0.00619,-0.00277,0.03176,0.03885,9.79043,0.0,-0.16153,0.33889,-22.01127
2.917,0.02447,-0.01729,-0.02275,0.03999,0.05037,9.79286,0.0,-0.19635,0.23257,-22.01152
2.927,-0.01324,-0.06577,-0.01951,0.04316,0.04593,9.78787,0.0,-0.25796,0.32737,-22.01247
2.937,-0.01714,-0.04013,0.08931,0.03549,0.03834,9.78300,0.0,-0.26816,0.21439,-22.01236
2.947,0.10082,-0.05145,0.03392,0.02660,0.04428,9.78707,0.0,-0.15741,0.19248,-22.01094
2.957,0.13506,-0.05586,0.07738,0.03508,0.04654,9.78269,0.0,-0.11726,0.29965,-22.01143
2.967,0.13661,0.01950,0.05076,0.02346,0.04742,9.79584,0.0,-0.22911,0.28359,-22.01056
2.977,0.03968,0.03651,0.04069,0.01908,0.03596,9.78013,0.0,-0.11515,0.28221,-22.01043
2.987,0.04594,0.05436,0.01525,0.02032,0.04044,9.79486,0.0,-0.09566,0.17071,-22.01012
2.997,0.14656,-0.00417,0.11327,0.01487,0.04803,9.79159,0.0,-0.13091,0.27844,-22.01056
3.007,-0.06417,-0.06151,0.14019,0.01282,0.04502,9.77849,0.0,-0.02884,0.32888,-22.00912
3.017,-0.16639,-0.08358,0.07512,0.02386,0.04978,9.78830,0.0,-0.08120,0.22657,-22.00770
3.027,-0.04294,-0.06872,0.05010,0.02214,0.05160,9.79502,0.0,-0.16879,0.29655,-22.00774
3.037,-0.06124,-0.01947,0.04050,0.02741,0.04641,9.80352,0.0,-0.05959,0.32509,-22.00769
3.047,-0.02503,0.02171,0.05829,0.03241,0.04736,9.79490,0.0,-0.15617,0.26544,-22.00747
3.057,-0.03300,0.04828,0.04355,0.03141,0.03888,9.77680,0.0,-0.26426,0.29743,-22.00712
3.067,0.06098,0.12530,0.01618,0.04584,0.03564,9.77581,0.0,-0.19096,0.21035,-22.00667
3.077,-0.04295,0.02141,0.03840,0.04246,0.04029,9.76950,0.0,-0.30125,0.20018,-22.00686
3.087,0.00414,-0.01759,0.08989,0.03819,0.03913,9.77302,0.0,-0.21462,0.27063,-22.00690
3.097,-0.05428,0.02201,0.09873,0.03363,0.03866,9.75658,0.0,-0.19959,0.15956,-22.00552
3.107,-0.02181,-0.02855,0.04837,0.01109,0.03556,9.76809,0.0,-0.16886,0.26648,-22.00507
3.117,-0.02090,0.02917,0.10435,0.01733,0.02555,9.77546,0.0,-0.06435,0.22729,-22.00506
3.127,-0.02054,0.05122,0.13650,0.02262,0.02763,9.79606,0.0,-0.11556,0.12783,-22.00375
3.137,-0.06311,-0.01781,0.15974,0.03062,0.02547,9.78911,0.0,-0.18850,0.21258,-22.00266
3.147,-0.09029,-0.00016,0.88993,0.06638,-0.00481,9.77166,0.0,-0.21890,0.10318,-22.00079
3.157,-0.06677,-0.12536,1.65360,0.10087,-0.06347,9.77395,0.0,-0.30606,0.03184,-21.98730
3.167,0.03944,-0.11733,2.16045,0.09624,-0.08293,9.77779,0.0,-0.36988,-0.06199,-21.96574
3.177,-0.08244,-0.11550,2.91406,0.04671,0.08332,9.77607,0.0,-0.40847,-0.16634,-21.94054
3.187,-0.04250,-0.08107,3.23408,0.08436,0.01142,9.78744,0.0,-0.38232,-0.05995,-21.90773
3.197,0.03784,-0.11152,2.49499,0.01842,0.13995,9.77084,0.0,-0.48090,-0.11331,-21.87327
3.207,0.10058,-0.04576,2.65396,0.17469,-0.11121,9.77376,0.0,-0.43744,-0.01060,-21.85395
3.217,0.07920,0.03396,-0.72010,0.44585,-0.68111,9.76656,0.0,-0.50365,-0.09876,-21.82594
3.227,0.11561,0.06486,0.74747,0.54847,-0.36304,9.76609,0.0,-0.55391,-0.19652,-21.85334
3.237,0.20711,-0.04388,2.72947,0.89583,-0.06788,9.77752,0.0,-0.66067,-0.22303,-21.83675
3.247,0.17753,0.06851,7.83615,0.87431,0.01249,9.78787,0.0,-0.77108,-0.20411,-21.79767
3.257,0.09447,-0.17544,13.62045,0.94328,0.01375,9.78592,0.0,-0.87825,-0.18956,-21.68820
3.267,0.05075,-0.00417,18.48879,0.94303,-0.03288,9.77338,0.0,-0.98929,-0.18584,-21.51656
3.277,0.19685,0.09559,21.26335,0.77411,-0.19492,9.77176,0.0,-1.09479,-0.19367,-21.30173
3.287,-0.01627,-0.07769,23.23896,0.36847,-0.27149,9.77416,0.0,-1.18557,-0.24607,-21.07116
3.297,0.09534,0.06693,23.11011,0.17196,-0.27719,9.77802,0.0,-1.15528,-0.35297,-20.82470
3.307,0.42114,-0.01889,22.89946,-0.16761,0.01502,9.77025,0.0,-1.09424,-0.44252,-20.59292
3.317,0.19663,0.12189,22.00061,-0.11924,0.08245,9.76139,0.0,-1.00005,-0.39572,-20.36625
3.327,0.12174,0.23089,22.80923,0.16912,0.13174,9.76387,0.0,-0.91389,-0.33784,-20.15306
3.337,-0.11177,0.08359,22.04193,-0.23695,0.17418,9.77671,0.0,-0.97648,-0.26405,-19.92148
3.347,0.06995,0.07350,22.09310,-0.16349,0.13441,9.75497,0.0,-0.87989,-0.23427,-19.70661
3.357,-0.07556,-0.15237,22.28552,0.42806,0.14276,9.78216,0.0,-0.78979,-0.18622,-19.48631
3.367,0.05428,-0.13787,26.75165,0.41114,-0.07480,9.79878,0.0,-0.88943,-0.16451,-19.26288
3.377,0.15713,-0.03277,28.20967,0.60611,0.01869,9.79302,0.0,-0.97071,-0.22717,-18.96701
3.387,0.15388,-0.03699,29.83265,0.36607,0.08681,9.79971,0.0,-1.06707,-0.20998,-18.67647
3.397,0.78181,-0.06680,30.09686,-0.10507,0.00099,9.78170,0.0,-1.08715,-0.11678,-18.37014
3.407,-0.03198,0.10097,30.21971,-0.01247,0.14188,9.79235,0.0,-0.98846,-0.11602,-18.06764
3.417,-0.18896,-0.15335,28.50137,-0.25577,0.10446,9.79657,0.0,-0.94173,-0.03820,-17.76639
3.427,-0.13076,-0.11736,27.87697,-0.35789,0.24913,9.80094,0.0,-0.84682,-0.03020,-17.49245
3.437,0.18352,-0.03526,27.17514,-0.27510,0.23371,9.77601,0.0,-0.76305,0.01632,-17.21848
3.447,-0.31620,0.05732,24.61400,-0.38880,0.16605,9.80512,0.0,-0.67934,0.06901,-16.95195
3.457,-0.12724,-0.00359,22.21440,-0.65755,0.12252,9.77774,0.0,-0.58128,0.07918,-16.72209
3.467,-0.10961,-0.07142,19.68290,-0.47863,0.20598,9.79084,0.0,-0.48256,0.08599,-16.51510
3.477,-0.01622,-0.12974,17.78999,-0.19049,0.11711,9.76041,0.0,-0.39526,0.13137,-16.33453
3.487,-0.06813,-0.07559,16.73309,-0.04486,0.05671,9.78142,0.0,-0.30709,0.17586,-16.16886
3.497,0.02162,-0.17525,16.48030,0.15311,0.04247,9.80128,0.0,-0.25009,0.09038,-16.00790
3.507,-0.15148,-0.08271,16.00677,-0.06193,0.03409,9.78815,0.0,-0.35449,0.09826,-15.84496
3.517,0.04358,-0.08938,16.98864,0.30984,0.01317,9.77421,0.0,-0.25226,0.09973,-15.68810
3.527,-0.06689,-0.04930,16.86845,0.20850,0.05526,9.77478,0.0,-0.35603,0.09697,-15.51237
3.537,0.04419,-0.18705,17.03808,0.03026,0.13022,9.78086,0.0,-0.43838,0.15675,-15.34511
3.547,0.25795,0.02610,17.33908,-0.15661,0.25599,9.76529,0.0,-0.36739,0.22838,-15.17444
3.557,0.09146,-0.02660,17.80982,-0.20138,0.31289,9.79194,0.0,-0.28922,0.29929,-14.99982
3.567,-0.04821,-0.04734,17.62360,-0.31622,0.27868,9.78145,0.0,-0.22010,0.37359,-14.81940
3.577,-0.03648,-0.05475,17.57396,-0.22085,0.33628,9.80105,0.0,-0.12777,0.41457,-14.64470
3.587,-0.21571,-0.15819,17.09235,-0.33856,0.33177,9.77894,0.0,-0.07565,0.50223,-14.46968
3.597,-0.14470,-0.03135,16.72492,-0.26779,0.27119,9.80021,0.0,0.01049,0.55034,-14.30204
3.607,-0.08610,-0.01584,13.47293,-0.81015,0.20097,9.77880,0.0,0.09734,0.60462,-14.13727
3.617,-0.10785,-0.04340,9.85135,-1.30495,0.11530,9.77073,0.0,0.20040,0.60945,-14.02288
3.627,0.05524,-0.04177,3.77344,-0.61575,-0.00286,9.76767,0.0,0.30336,0.60583,-13.94702
3.637,0.13863,0.00308,0.96727,-0.45375,0.16102,9.77810,0.0,0.36767,0.52369,-13.94759
3.647,-0.12234,0.00691,-0.29817,-0.11554,-0.04133,9.78239,0.0,0.46036,0.58028,-13.95509
3.657,-0.07170,0.11967,-2.07390,0.00458,-0.03325,9.78985,0.0,0.40191,0.48657,-13.96681
3.667,0.06769,0.08655,-2.57983,0.14252,-0.06551,9.77792,0.0,0.31734,0.42031,-13.99915
3.677,0.07798,0.02950,-2.66529,-0.06010,0.01934,9.78512,0.0,0.22299,0.36853,-14.02855
3.687,0.32029,0.02056,-2.98884,0.06729,-0.00126,9.78198,0.0,0.33287,0.37580,-14.05593
3.697,0.15309,-0.00687,-2.32619,0.27637,-0.11808,9.76312,0.0,0.23082,0.34081,-14.08825
3.707,0.06658,0.09266,-2.04099,0.27604,-0.12441,9.76774,0.0,0.13484,0.28764,-14.10782
3.717,0.12169,-0.02289,-1.84567,0.10664,-0.02084,9.77235,0.0,0.04188,0.23148,-14.12678
3.727,0.07736,0.02065,-0.68372,0.24967,-0.02545,9.77118,0.0,-0.06113,0.27446,-14.14428
3.737,-0.09128,0.02509,-0.17515,0.12027,0.01697,9.78552,0.0,-0.16842,0.25021,-14.14411
3.747,0.02877,0.01720,0.00822,0.06493,0.02729,9.78804,0.0,-0.27919,0.25231,-14.14297
3.757,-0.00170,0.05766,0.01363,0.05563,0.04888,9.78601,0.0,-0.18130,0.19902,-14.14177
3.767,0.08417,0.08489,0.02636,0.04322,0.04535,9.77636,0.0,-0.24258,0.29178,-14.14218
3.777,-0.04570,0.09404,0.04212,0.03850,0.03223,9.77565,0.0,-0.16739,0.20923,-14.14176
3.787,-0.05159,0.05379,-0.04871,0.03371,0.03605,9.77833,0.0,-0.22423,0.11227,-14.14116
3.797,-0.07501,-0.01683,-0.00791,0.04669,0.03752,9.78825,0.0,-0.18293,0.21604,-14.14281
3.807,-0.17119,0.01061,0.02916,0.03684,0.03807,9.78018,0.0,-0.29545,0.22230,-14.14290
3.817,-0.07748,-0.01096,0.07559,0.03898,0.03241,9.79490,0.0,-0.18276,0.22275,-14.14263
3.827,-0.18306,0.02379,0.10411,0.01607,0.04790,9.78567,0.0,-0.26176,0.14214,-14.14151
3.837,-0.12570,0.02679,0.08265,0.01624,0.05086,9.77326,0.0,-0.17217,0.20872,-14.14080
3.847,-0.03832,-0.01562,0.08526,0.02226,0.03728,9.77447,0.0,-0.10374,0.29733,-14.14056
3.857,0.03842,-0.03149,0.05393,0.02159,0.03797,9.76899,0.0,-0.14376,0.19244,-14.13971
3.867,0.01311,0.00610,0.02038,0.02432,0.03822,9.75800,0.0,-0.08670,0.28972,-14.13980
3.877,-0.00711,-0.01268,0.02917,0.03717,0.05306,9.76861,0.0,-0.16643,0.21183,-14.13987
3.887,0.00696,-0.03070,0.02177,0.03615,0.04990,9.77860,0.0,-0.22686,0.30583,-14.14009
3.897,0.17480,-0.01430,-0.02429,0.03278,0.05164,9.78538,0.0,-0.15965,0.21648,-14.13985
3.907,0.03228,0.05648,-0.02033,0.04042,0.05229,9.77315,0.0,-0.18335,0.32899,-14.14095
3.917,0.03245,0.03987,-0.00800,0.03737,0.05844,9.78329,0.0,-0.29108,0.30188,-14.14125
3.927,-0.03283,0.08812,0.44886,-0.18992,0.45525,9.78075,0.0,-0.20063,0.36948,-14.14178
3.937,-0.09063,0.08422,-0.55018,-0.54992,0.75992,9.78258,0.0,-0.14340,0.46650,-14.13501
3.947,-0.08984,-0.04931,-0.89922,-0.67263,0.89984,9.78028,0.0,-0.06652,0.54784,-14.14708
3.957,0.07231,-0.01092,-1.16205,-0.72263,1.04159,9.78226,0.0,0.00484,0.63201,-14.15854
3.967,0.10120,0.05857,-1.33790,-0.48934,0.95148,9.78317,0.0,0.07119,0.72313,-14.17197
3.977,0.06921,0.08482,-0.58674,-0.32852,0.59916,9.80467,0.0,0.11662,0.82642,-14.18651
3.987,-0.05082,-0.01620,-1.03168,0.00314,0.34383,9.77447,0.0,0.19113,0.91096,-14.18774
3.997,0.18403,0.15677,0.04672,0.68155,0.22861,9.78661,0.0,0.08036,0.92385,-14.20103
4.007,0.02654,0.14395,4.09824,1.09441,0.48484,9.78196,0.0,-0.02799,0.92710,-14.19411
4.017,0.27172,0.07540,8.13289,1.39748,0.55034,9.80096,0.0,-0.13083,0.96354,-14.12837
4.027,0.20595,-0.08405,14.54108,1.29993,0.47818,9.76389,0.0,-0.23591,0.99572,-14.02246
4.037,-0.02353,-0.12432,21.36034,1.24454,0.61549,9.77028,0.0,-0.34494,1.01938,-13.83786
4.047,-0.51757,0.01107,15.31909,-0.15377,-2.26089,9.77365,0.0,-0.44600,1.05945,-13.58273
4.057,-0.51459,0.20730,7.73524,-0.99506,-2.44699,9.79159,0.0,-0.42245,0.95595,-13.46640
4.067,-0.18639,0.08645,4.78479,-0.29068,-0.46937,9.79274,0.0,-0.37149,0.86822,-13.43555
4.077,-0.11438,0.10611,6.97399,-0.09999,1.00425,9.77448,0.0,-0.38478,0.96594,-13.40683
4.087,-0.04256,0.14713,10.63106,-0.11541,1.15208,9.76805,0.0,-0.38218,1.06361,-13.32446
4.097,-0.14349,-0.00343,12.83589,-0.21583,1.00542,9.75104,0.0,-0.36513,1.16138,-13.19643
4.107,0.00036,0.18288,13.98968,-0.10598,0.97297,9.77711,0.0,-0.32553,1.24993,-13.05529
4.117,-0.05343,0.26420,14.01054,-0.03459,1.13128,9.75423,0.0,-0.31289,1.35100,-12.90905
4.127,0.06586,0.39548,13.33987,-0.09649,1.26831,9.76616,0.0,-0.30850,1.45193,-12.76958
4.137,0.11529,-0.02814,12.47093,-0.08507,1.61502,9.77330,0.0,-0.28975,1.55394,-12.64103
4.147,-0.77732,1.01492,10.43605,-0.20210,1.66499,9.74057,0.0,-0.28752,1.65635,-12.52257
4.157,-0.07134,0.62803,6.97863,-0.33267,1.53696,9.77570,0.0,-0.25068,1.74227,-12.43106
4.167,0.30754,0.17241,1.23328,-0.37351,1.47623,9.73873,0.0,-0.21056,1.84116,-12.38318
4.177,0.44444,-0.51966,-4.39488,-0.53716,1.25879,9.75749,0.0,-0.17314,1.94394,-12.40695
4.187,-0.30563,0.24534,-10.23926,-0.43051,1.16392,9.73797,0.0,-0.11224,2.02946,-12.48639
4.197,0.00018,0.93871,-14.18482,-0.25036,1.08650,9.76612,0.0,-0.05265,2.11554,-12.62494
4.207,0.10189,0.47627,-15.09822,-0.20480,0.85964,9.72081,0.0,-0.01022,2.21945,-12.79085
4.217,0.71440,-0.87492,-16.78026,-0.29714,0.65535,9.78963,0.0,0.04575,2.31290,-12.94749
4.227,1.46158,-0.64893,-19.58880,-0.38228,0.28000,9.80149,0.0,0.13230,2.36017,-13.12641
4.237,0.20894,0.35095,-22.37426,-0.29921,0.18666,9.80890,0.0,0.21369,2.31176,-13.34012
4.247,-0.64698,0.41037,-24.91238,-0.23188,0.15982,9.79986,0.0,0.29640,2.22504,-13.58110
4.257,0.14091,0.55175,-28.90845,-0.25673,0.24671,9.78739,0.0,0.36254,2.12438,-13.84630
4.267,0.76751,0.35468,-34.85981,-0.50666,0.38293,9.77363,0.0,0.47686,2.09984,-14.16008
4.277,0.19715,0.91206,-40.71915,-0.31088,0.13468,9.75984,0.0,0.59067,2.12606,-14.54520
4.287,1.04156,1.08901,-45.20824,-0.12301,-0.21327,9.79342,0.0,0.64152,2.02592,-14.98911
4.297,-0.07054,1.45399,-47.68694,0.25215,-0.77602,9.77119,0.0,0.65790,1.94256,-15.46956
4.307,1.08941,1.49550,-47.89174,0.52638,-1.22353,9.76002,0.0,0.65604,1.84369,-15.96216
4.317,-1.12802,0.71958,-46.16834,0.58392,-1.56223,9.77672,0.0,0.64978,1.77359,-16.44283
4.327,-0.28481,-0.46709,-42.59160,0.46650,-1.70924,9.78611,0.0,0.63651,1.66010,-16.89478
4.337,-0.08231,0.53324,-37.66437,0.30566,-1.53583,9.74494,0.0,0.61559,1.57304,-17.29997
4.347,0.26656,-0.17320,-31.79651,0.15199,-1.34592,9.75575,0.0,0.62053,1.48241,-17.64693
4.357,-0.17912,0.13653,-27.33792,0.06074,-1.28518,9.73618,0.0,0.61183,1.39436,-17.92992
4.367,-0.36028,0.36501,-23.62166,-0.06072,-1.00581,9.78471,0.0,0.61436,1.29497,-18.17685
4.377,-0.49229,0.27557,-20.52211,-0.04195,-0.83142,9.79130,0.0,0.62697,1.19408,-18.39121
4.387,-0.12603,-0.20706,-17.92710,-0.19211,-0.66767,9.77295,0.0,0.62517,1.09089,-18.57849
4.397,-0.34070,0.37705,-18.75682,-0.12494,-0.59923,9.78668,0.0,0.64575,0.99536,-18.74310
4.407,-0.74314,0.68633,-5.95939,23.93240,-4.87280,9.93421,0.0,0.65284,0.88997,-18.93701
4.417,-0.15385,0.11603,-2.33011,3.37792,-2.96145,9.86467,0.0,0.57853,0.86391,-18.91779
4.427,-0.18978,-0.01568,-0.83616,1.26177,-1.10154,9.81530,0.0,0.64876,0.85087,-18.91911
4.437,-0.05236,0.01230,-0.31962,0.49506,-0.40585,9.78163,0.0,0.60273,0.78071,-18.91924
4.447,0.08672,0.04570,-0.06860,0.19920,-0.13128,9.78062,0.0,0.53742,0.72322,-18.92007
4.457,0.16190,0.01455,-0.02648,0.08024,-0.02051,9.78319,0.0,0.46551,0.66772,-18.91994
4.467,0.04979,-0.02047,-0.05331,0.05558,0.01003,9.78715,0.0,0.38898,0.61104,-18.92063
4.477,0.05011,-0.01148,-0.18207,0.03433,0.00402,9.78572,0.0,0.30715,0.55316,-18.92194
4.487,0.05031,-0.03010,-0.50038,0.03802,0.03706,9.78513,0.0,0.24415,0.47293,-18.92519
4.497,0.02867,-0.02635,-0.46047,0.02462,0.04084,9.78195,0.0,0.14345,0.44485,-18.93249
4.507,0.15109,-0.07899,-0.31600,0.03134,0.05700,9.78072,0.0,0.06070,0.37862,-18.93719
4.517,0.08888,-0.03383,-0.09937,0.02204,0.06024,9.78322,0.0,-0.04738,0.38640,-18.93968
4.527,0.24996,-0.07024,-0.04895,0.01258,0.04969,9.78122,0.0,-0.14584,0.34177,-18.93947
4.537,-0.01347,-0.13073,0.01371,0.01493,0.04271,9.77157,0.0,-0.06276,0.27527,-18.93973
4.547,0.03674,-0.03147,0.16649,-0.00211,0.09894,9.78263,0.0,-0.12507,0.18229,-18.93928
4.557,0.11026,0.01791,0.70930,0.03005,0.06742,9.78099,0.0,-0.08986,0.28766,-18.93709
4.567,0.18166,0.08120,1.64867,0.02124,0.24083,9.78013,0.0,-0.19983,0.28546,-18.92685
4.577,0.22108,-0.05981,1.68480,-0.00077,0.78983,9.77622,0.0,-0.19181,0.39826,-18.90515
4.587,0.30157,0.06329,6.05885,0.22544,0.85820,9.76599,0.0,-0.18832,0.51142,-18.88868
4.597,0.16059,-0.10036,7.69785,-0.07271,0.24266,9.78666,0.0,-0.22953,0.61696,-18.80164
4.607,0.08462,-0.13000,7.99005,0.06005,-0.22798,9.78890,0.0,-0.14693,0.54733,-18.71455
4.617,-0.17312,0.03325,9.40430,0.05397,-0.16342,9.78649,0.0,-0.16964,0.43909,-18.63278
4.627,-0.35847,0.09492,9.63231,0.05778,-0.26827,9.80056,0.0,-0.18048,0.32633,-18.52987
4.637,-0.44112,0.22856,9.61152,-0.02689,-0.24649,9.80289,0.0,-0.18764,0.21211,-18.43200
4.647,-0.23293,0.17130,10.07737,0.06200,-0.00565,9.79162,0.0,-0.14283,0.10583,-18.33593
4.657,-0.08766,0.09486,10.69682,-0.05510,-0.04023,9.78452,0.0,-0.20637,0.19208,-18.23277
4.667,-0.04309,0.06557,10.75040,-0.00209,0.04369,9.77575,0.0,-0.11214,0.13731,-18.12204
4.677,0.06059,0.11018,11.64282,0.08915,0.17583,9.77819,0.0,-0.12892,0.24364,-18.01465
4.687,-0.11557,0.01539,12.40400,0.07385,0.09383,9.76448,0.0,-0.18148,0.33805,-17.89317
4.697,-0.09521,-0.03109,14.51433,0.13289,0.24503,9.77975,0.0,-0.28071,0.29297,-17.76448
4.707,-0.10841,-0.08202,16.31106,-0.05167,-0.00333,9.79193,0.0,-0.32345,0.38960,-17.60704
4.717,0.12429,0.02158,17.42761,0.06410,0.26678,9.78127,0.0,-0.25072,0.31199,-17.43267
4.727,0.03963,0.01570,16.96065,-0.07829,0.19043,9.79820,0.0,-0.27589,0.41649,-17.25219
4.737,0.13643,-0.07385,12.66935,-0.18662,0.49683,9.78349,0.0,-0.17676,0.44941,-17.08583
4.747,0.12799,-0.09756,6.57266,-0.10816,-0.06613,9.78466,0.0,-0.13391,0.54740,-16.98615
4.757,0.14547,0.00372,4.20062,-0.11429,-0.01326,9.79959,0.0,-0.11786,0.44255,-16.95810
4.767,0.10853,-0.03514,1.18443,-0.04520,-0.11966,9.79952,0.0,-0.01677,0.40313,-16.93091
4.777,0.12658,-0.02771,-0.37687,0.00248,-0.44291,9.78503,0.0,-0.01482,0.29447,-16.93789
4.787,-0.11609,-0.01579,-1.03768,0.07411,-0.57816,9.78246,0.0,-0.01950,0.18571,-16.95148
4.797,-0.02410,-0.03183,-1.01023,0.02964,-0.26775,9.77807,0.0,-0.03751,0.07366,-16.96609
4.807,0.05407,-0.03766,-1.79654,-0.06182,0.04216,9.76725,0.0,-0.03243,-0.03693,-16.97616
4.817,0.07177,-0.05112,-5.34851,-0.10272,0.15760,9.77795,0.0,0.01819,0.06258,-16.99920
4.827,0.20781,0.02184,-7.15771,-0.07066,0.09571,9.77031,0.0,0.07280,0.15925,-17.07477
4.837,0.20517,0.09337,-7.81651,0.10192,-0.03390,9.77937,0.0,0.16014,0.22997,-17.15759
4.847,0.22608,-0.00042,-9.99523,0.03407,0.09027,9.77669,0.0,0.07012,0.17214,-17.24015
4.857,0.30982,-0.03567,-11.19356,0.32870,0.01405,9.79062,0.0,0.06693,0.28321,-17.35364
4.867,0.33044,-0.11543,-14.19217,-0.03032,-0.05918,9.79011,0.0,-0.04021,0.27004,-17.47320
4.877,0.19648,-0.10296,-16.38192,-0.01641,0.07766,9.76894,0.0,0.05226,0.21924,-17.63387
4.887,0.05846,-0.05477,-16.52927,0.08085,0.08874,9.79351,0.0,0.05141,0.32680,-17.81133
4.897,-0.10430,0.05086,-18.48065,0.07924,0.22543,9.79087,0.0,-0.05049,0.35374,-17.97774
4.907,-0.10908,0.03680,-13.05641,0.20651,0.09218,9.78712,0.0,-0.07617,0.45369,-18.17490
4.917,-0.10020,0.05355,-10.85538,0.07375,0.29149,9.77649,0.0,-0.17798,0.42716,-18.27209
4.927,-0.06230,0.00526,-6.57988,0.23152,-0.12102,9.78786,0.0,-0.16441,0.53221,-18.36755
4.937,0.06093,0.05384,-2.94433,0.10153,-0.04309,9.78599,0.0,-0.22243,0.44150,-18.40682
4.947,-0.05411,0.00503,-1.54465,0.03406,-0.00155,9.78230,0.0,-0.19615,0.33729,-18.41360
4.957,0.00993,0.04232,-1.02098,0.01417,0.04376,9.78381,0.0,-0.11142,0.26709,-18.42038
4.967,-0.01944,0.00104,-1.00384,0.02143,0.04047,9.79035,0.0,-0.05027,0.35948,-18.42765
4.977,0.09970,-0.04677,-1.16960,0.03015,0.03332,9.78989,0.0,-0.11673,0.27076,-18.43762
4.987,-0.01818,-0.00021,-1.53440,0.02754,0.02471,9.79565,0.0,-0.19139,0.18997,-18.45029
4.997,0.11087,-0.02513,-1.29694,0.06514,0.01846,9.78599,0.0,-0.13960,0.09026,-18.46776
5.007,0.06289,-0.04640,-0.64625,0.04684,0.01609,9.79713,0.0,-0.25126,0.09079,-18.47943
5.017,0.05503,-0.01037,-0.37628,0.03986,0.03577,9.78060,0.0,-0.14049,0.07757,-18.48197
5.027,0.08482,-0.01838,-0.13316,0.03720,0.03152,9.78320,0.0,-0.17565,0.18423,-18.48452
5.037,-0.02281,-0.05542,-0.04014,0.03618,0.03284,9.78122,0.0,-0.27746,0.13814,-18.48431
5.047,0.06563,-0.00246,-0.03715,0.02391,0.03923,9.78342,0.0,-0.19269,0.21003,-18.48460
5.057,-0.05249,0.02762,0.02869,0.02222,0.03283,9.77538,0.0,-0.08945,0.25655,-18.48521
5.067,0.05479,-0.02582,0.03233,0.01566,0.02156,9.77529,0.0,-0.13036,0.15106,-18.48447
5.077,0.09614,-0.09031,0.00150,0.01905,0.03197,9.77523,0.0,-0.05341,0.07102,-18.48414
5.087,0.07921,-0.09315,0.00047,0.01736,0.03596,9.78707,0.0,-0.10123,0.17418,-18.48462
5.097,0.01823,-0.06161,-0.01071,0.01670,0.03750,9.79752,0.0,-0.08917,0.28655,-18.48496
5.107,-0.01610,-0.02761,-0.00425,0.01946,0.03806,9.78076,0.0,-0.10034,0.17405,-18.48510
5.117,0.01454,-0.05836,-0.02326,0.01752,0.04417,9.78028,0.0,-0.14768,0.27578,-18.48548
5.127,-0.06091,-0.02670,-0.04132,0.03754,0.04062,9.78900,0.0,-0.03621,0.28703,-18.48600
5.137,-0.00216,-0.10208,0.02727,0.04223,0.04514,9.78342,0.0,-0.14569,0.25927,-18.48663
5.147,-0.04576,-0.02120,0.04253,0.03515,0.04686,9.76944,0.0,-0.25789,0.27975,-18.48616
5.157,0.04674,-0.06659,0.09150,0.03244,0.05340,9.76112,0.0,-0.14506,0.28123,-18.48580
5.167,-0.15658,-0.08577,0.01348,0.03137,0.05297,9.77574,0.0,-0.20586,0.37683,-18.48503
5.177,-0.13769,0.02885,-0.01664,0.04289,0.03513,9.76652,0.0,-0.16661,0.26922,-18.48520
5.187,0.01044,0.08473,0.00403,0.02353,0.04304,9.76595,0.0,-0.24433,0.18855,-18.48541
5.197,0.10019,0.02921,-0.07408,0.01315,0.03136,9.78354,0.0,-0.14394,0.24152,-18.48557
5.207,0.06877,0.08462,-0.00712,0.00921,0.03865,9.77245,0.0,-0.06288,0.16542,-18.48680
5.217,-0.00803,0.07223,-0.01373,0.01070,0.02966,9.76230,0.0,-0.03295,0.27419,-18.48669
5.227,-0.01534,0.03462,0.09147,0.01125,0.02329,9.77029,0.0,-0.06087,0.16564,-18.48692
5.237,-0.06166,0.03093,0.02399,0.00844,0.02383,9.79409,0.0,-0.07556,0.05462,-18.48538
5.247,-0.11181,0.01825,-0.05558,0.01037,0.02696,9.78539,0.0,-0.03154,0.15722,-18.48580
5.257,-0.07712,0.05789,-0.07533,0.01999,0.03698,9.78205,0.0,-0.13785,0.19121,-18.48705
5.267,0.02302,0.06269,-0.00755,0.02956,0.04377,9.79560,0.0,-0.16183,0.30018,-18.48835
5.277,0.00732,0.03106,-0.01385,0.03327,0.03751,9.78003,0.0,-0.26432,0.25588,-18.48799
5.287,-0.05338,0.07364,0.00521,0.03171,0.04101,9.77704,0.0,-0.18648,0.17427,-18.48799
5.297,-0.07629,0.05685,-0.01975,0.03407,0.04529,9.77886,0.0,-0.17638,0.28545,-18.48832
5.307,-0.03020,-0.01524,0.03541,0.02310,0.04105,9.78549,0.0,-0.28704,0.26840,-18.48874
5.317,-0.05588,-0.05413,0.06731,0.02487,0.03647,9.77913,0.0,-0.17766,0.24342,-18.48810
5.327,-0.03329,-0.05772,-0.01746,0.03443,0.04355,9.77373,0.0,-0.12394,0.14418,-18.48712
5.337,-0.03632,0.03998,0.08994,0.02326,0.04037,9.77464,0.0,-0.19577,0.23074,-18.48821
5.347,-0.00572,0.16569,0.07692,0.01898,0.03623,9.78388,0.0,-0.08248,0.22406,-18.48677
5.357,-0.16643,0.08016,0.02928,0.01141,0.03758,9.78444,0.0,-0.12890,0.12296,-18.48604
5.367,0.05331,0.14882,0.03221,0.00852,0.04398,9.77872,0.0,-0.05428,0.20489,-18.48633
5.377,-0.01383,0.08574,0.03362,0.00744,0.03171,9.77952,0.0,-0.03077,0.31713,-18.48621
5.387,-0.11540,0.06105,0.01268,0.01888,0.02997,9.78279,0.0,-0.03583,0.20429,-18.48595
5.397,-0.00169,-0.02432,-0.01681,0.02029,0.03813,9.77513,0.0,-0.14290,0.16996,-18.48605
5.407,0.00813,0.06400,-0.06060,0.02674,0.04125,9.77813,0.0,-0.11870,0.28022,-18.48680
5.417,0.00181,0.00952,-0.05560,0.04110,0.03360,9.77336,0.0,-0.22004,0.23472,-18.48768
5.427,-0.09793,-0.04510,-0.08586,0.03765,0.03364,9.78636,0.0,-0.30376,0.15983,-18.48802
5.437,-0.10424,0.02243,-0.04378,0.03934,0.03364,9.77353,0.0,-0.19947,0.19881,-18.48938
5.447,-0.08439,-0.01771,-0.03836,0.03403,0.03659,9.77456,0.0,-0.31086,0.19332,-18.48968
5.457,-0.02212,-0.08771,-0.07928,0.03204,0.03476,9.76310,0.0,-0.20207,0.21916,-18.49029
5.467,0.04393,0.01809,-0.03061,0.03420,0.03702,9.77354,0.0,-0.12507,0.13921,-18.49125
5.477,0.05869,0.01435,-0.02269,0.02018,0.04671,9.77752,0.0,-0.20203,0.22053,-18.49163
5.487,0.05321,0.04590,0.02334,0.01187,0.04747,9.77904,0.0,-0.10800,0.28270,-18.49211
5.497,-0.02459,0.03532,0.07333,0.01757,0.05660,9.78258,0.0,0.00496,0.28020,-18.49173
5.507,0.05400,0.04314,-0.00458,0.01385,0.05124,9.77208,0.0,-0.08854,0.34106,-18.49087
5.517,-0.02442,0.04528,-0.02350,0.01837,0.05801,9.76213,0.0,-0.05124,0.23612,-18.49140
5.527,-0.02173,0.03534,0.02311,0.01415,0.05179,9.77020,0.0,-0.10565,0.33276,-18.49202
5.537,0.03375,0.00993,0.09475,0.01255,0.04646,9.77032,0.0,-0.03899,0.24236,-18.49153
5.547,-0.01008,-0.01130,0.03605,0.03267,0.04444,9.78519,0.0,-0.14366,0.28230,-18.49034
5.557,0.11387,0.01473,-0.01884,0.02848,0.04661,9.79086,0.0,-0.25271,0.25506,-18.49039
5.567,-0.05516,-0.03209,0.07890,0.03875,0.05332,9.78709,0.0,-0.14318,0.28441,-18.49115
5.577,0.02101,-0.02685,-0.02389,0.04570,0.03527,9.77679,0.0,-0.24699,0.32735,-18.49006
5.587,0.00635,0.01889,-0.04167,0.02460,0.02544,9.78175,0.0,-0.27414,0.21897,-18.49058
5.597,0.14168,0.04847,0.03755,0.03432,0.03640,9.78066,0.0,-0.17338,0.16774,-18.49104
5.607,-0.03422,0.03597,-0.00735,0.02915,0.04058,9.77432,0.0,-0.23936,0.26045,-18.49064
5.617,-0.06884,0.03145,0.06161,0.02126,0.03335,9.77190,0.0,-0.12702,0.24963,-18.49110
5.627,-0.08151,-0.03639,0.01272,0.02415,0.03648,9.77987,0.0,-0.08623,0.14405,-18.49001
5.637,-0.07608,0.00389,0.00467,0.00450,0.03179,9.77996,0.0,-0.15761,0.23040,-18.49051
5.647,-0.09531,-0.02496,0.00170,0.01178,0.03885,9.79480,0.0,-0.04963,0.19718,-18.49059
5.657,-0.13531,-0.02522,-0.04250,0.00870,0.03268,9.77676,0.0,-0.12155,0.28317,-18.49087
5.667,-0.07428,-0.06880,-0.04859,0.01044,0.04212,9.78172,0.0,-0.05606,0.19023,-18.49156
5.677,0.03461,0.05846,0.08871,0.01704,0.04572,9.78065,0.0,-0.07090,0.30153,-18.49235
5.687,-0.03124,-0.01497,0.04457,0.01659,0.04416,9.78913,0.0,-0.17417,0.26159,-18.49066
5.697,-0.03491,-0.02081,0.00612,0.02238,0.04060,9.78052,0.0,-0.06262,0.24821,-18.49061
5.707,0.03924,0.02161,0.01282,0.02158,0.04515,9.78908,0.0,-0.17176,0.21973,-18.49087
5.717,0.03579,-0.05057,0.01558,0.02723,0.04099,9.78939,0.0,-0.10093,0.30886,-18.49105
5.727,0.07803,-0.09984,-0.01565,0.02050,0.03646,9.78655,0.0,-0.17901,0.22692,-18.49083
5.737,0.01845,-0.14129,-0.01672,0.02089,0.04355,9.77953,0.0,-0.07392,0.18992,-18.49123
5.747,-0.08051,-0.12465,0.01517,0.02400,0.04333,9.78574,0.0,-0.12967,0.28854,-18.49172
5.757,-0.12945,-0.08533,-0.00501,0.01632,0.03440,9.77627,0.0,-0.18973,0.19104,-18.49125
5.767,-0.08372,0.00732,0.04091,0.02524,0.03688,9.77561,0.0,-0.07934,0.16972,-18.49151
5.777,-0.09796,-0.05670,-0.01669,0.02567,0.03489,9.78129,0.0,-0.17715,0.22331,-18.49109
5.787,-0.04952,-0.03667,0.02578,0.01399,0.03706,9.77456,0.0,-0.09990,0.14118,-18.49155
5.797,-0.00914,-0.05088,0.04203,0.01247,0.02908,9.78979,0.0,-0.03452,0.23236,-18.49128
5.807,-0.05939,0.00929,0.00508,0.01782,0.03485,9.78670,0.0,-0.07319,0.12650,-18.49080
5.817,0.06259,0.01133,-0.04139,0.01989,0.03411,9.77960,0.0,-0.12406,0.22590,-18.49129
5.827,0.06553,0.04482,-0.01611,0.02660,0.03677,9.77984,0.0,-0.12371,0.11470,-18.49188
5.837,0.04533,0.01338,-0.04942,0.03212,0.04661,9.77399,0.0,-0.17413,0.21562,-18.49228
5.847,0.03782,-0.02067,-0.02979,0.03125,0.05038,9.77769,0.0,-0.21277,0.32150,-18.49348
5.857,-0.13899,0.00905,-0.08686,0.02797,0.04592,9.77615,0.0,-0.10823,0.28115,-18.49368
5.867,0.03215,0.02226,0.05267,0.02374,0.03835,9.78446,0.0,-0.20238,0.21806,-18.49486
5.877,0.02185,-0.00634,0.03072,0.02808,0.04132,9.77577,0.0,-0.09325,0.19039,-18.49353
5.887,0.01850,-0.08337,0.02247,0.03266,0.05130,9.78133,0.0,-0.18452,0.25623,-18.49365
5.897,0.01634,-0.01363,-0.00241,0.03444,0.04334,9.78347,0.0,-0.21707,0.36440,-18.49400
5.907,-0.02766,-0.00937,0.02046,0.03215,0.04324,9.77835,0.0,-0.20936,0.25225,-18.49389
5.917,0.07427,0.05929,0.05051,0.02240,0.04025,9.77344,0.0,-0.09685,0.25477,-18.49368
5.927,0.05906,0.07408,0.04051,0.01271,0.04501,9.78045,0.0,-0.09234,0.14389,-18.49294
5.937,0.05411,-0.01943,0.02613,0.00604,0.04682,9.78016,0.0,-0.05076,0.24922,-18.49286
5.947,0.06235,0.03308,0.12812,0.01238,0.05341,9.78597,0.0,0.03633,0.32007,-18.49284
5.957,-0.01008,0.00848,0.09185,0.01189,0.04413,9.77042,0.0,-0.07460,0.33460,-18.49107
5.967,-0.11366,-0.00151,0.06729,0.01762,0.04353,9.77040,0.0,-0.06777,0.22200,-18.49038
5.977,-0.01160,-0.08136,-0.02818,0.01385,0.04038,9.78226,0.0,-0.16585,0.27452,-18.49011
5.987,-0.07107,-0.01345,-0.01094,0.02430,0.03622,9.78086,0.0,-0.06668,0.22446,-18.49102
5.997,0.03608,0.04654,0.00625,0.02236,0.03169,9.77737,0.0,-0.17551,0.19709,-18.49110
6.007,0.12114,-0.01835,-0.03010,0.02755,0.03290,9.77900,0.0,-0.07572,0.14471,-18.49096
6.017,0.04510,-0.03295,0.00990,0.03250,0.02748,9.77962,0.0,-0.17655,0.19686,-18.49174
6.027,-0.10287,-0.08352,0.00383,0.03734,0.03424,9.78282,0.0,-0.23270,0.09934,-18.49118
6.037,-0.03012,-0.00268,-0.02032,0.01546,0.03094,9.78701,0.0,-0.23679,0.20982,-18.49178
6.047,0.05202,0.01761,0.02427,0.02191,0.04734,9.78859,0.0,-0.12535,0.18999,-18.49221
6.057,0.12726,-0.02939,0.06291,0.01548,0.04478,9.79217,0.0,-0.14473,0.30199,-18.49208
6.067,-0.00650,-0.07064,0.04554,0.01009,0.04084,9.78168,0.0,-0.04996,0.24311,-18.49126
6.077,0.10440,-0.00802,0.00632,0.01689,0.04818,9.78656,0.0,0.00555,0.14458,-18.49101
6.087,-0.01607,0.03668,0.07756,0.02545,0.04508,9.77953,0.0,-0.06376,0.23496,-18.49138
6.097,0.02494,0.02137,0.05093,0.01984,0.03802,9.77686,0.0,-0.17430,0.25134,-18.49034
6.107,0.02956,0.03748,0.04073,0.00284,0.03532,9.78177,0.0,-0.08141,0.18790,-18.48999
6.117,0.04199,0.06574,0.03678,0.01116,0.04019,9.78956,0.0,0.03152,0.19641,-18.48979
6.127,0.03740,-0.09982,-0.00744,0.01436,0.03616,9.78958,0.0,-0.07062,0.24264,-18.48960
6.137,-0.08497,-0.00974,0.04006,0.02152,0.03461,9.78366,0.0,-0.12666,0.14396,-18.48993
6.147,0.00987,-0.04034,0.07976,0.02424,0.03697,9.78732,0.0,-0.17461,0.24415,-18.48964
6.157,0.04503,0.06916,0.06238,0.02526,0.03788,9.79762,0.0,-0.08867,0.17221,-18.48858
6.167,0.06949,0.08903,0.04501,0.01974,0.04410,9.78672,0.0,-0.17390,0.24552,-18.48837
6.177,0.10063,0.08577,0.07068,0.02951,0.03176,9.78850,0.0,-0.06976,0.29287,-18.48826
6.187,-0.03914,0.06132,0.03758,0.03029,0.03292,9.77732,0.0,-0.14495,0.21056,-18.48739
6.197,0.03801,0.00892,0.03569,0.03352,0.04515,9.77896,0.0,-0.24998,0.16978,-18.48722
6.207,0.03504,-0.02237,0.03502,0.02590,0.04097,9.76478,0.0,-0.21753,0.27856,-18.48747
6.217,-0.00995,0.02043,0.06698,0.01997,0.04528,9.78010,0.0,-0.12026,0.22320,-18.48710
6.227,0.00587,-0.01805,0.03621,0.02668,0.03219,9.76522,0.0,-0.07502,0.32608,-18.48656
6.237,-0.10727,-0.04469,0.06764,0.02920,0.03897,9.76545,0.0,-0.13115,0.22898,-18.48636
6.247,-0.10733,-0.03250,0.02573,0.02125,0.04451,9.77443,0.0,-0.23214,0.27658,-18.48580
6.257,-0.03113,-0.06031,0.03126,0.01228,0.04369,9.77787,0.0,-0.12022,0.27902,-18.48597
6.267,-0.14320,-0.04998,0.04421,0.01477,0.04632,9.78510,0.0,-0.01411,0.24474,-18.48574
6.277,0.03021,0.03276,0.01653,0.02759,0.04733,9.78490,0.0,-0.11719,0.28801,-18.48542
6.287,0.11806,0.07555,0.03822,0.02064,0.03005,9.79078,0.0,-0.22831,0.28041,-18.48554
6.297,0.14202,-0.05142,0.04681,0.02095,0.03228,9.78708,0.0,-0.15708,0.19393,-18.48488
6.307,0.17178,0.02144,-0.01478,0.02109,0.03312,9.77381,0.0,-0.04607,0.20612,-18.48453
6.317,0.01002,0.00386,0.00499,0.03001,0.03934,9.78356,0.0,-0.15697,0.19548,-18.48519
6.327,0.02394,0.01977,-0.03064,0.03341,0.03878,9.79025,0.0,-0.23165,0.27875,-18.48545
6.337,-0.01315,-0.08466,-0.01169,0.03474,0.03855,9.77798,0.0,-0.18549,0.17599,-18.48575
6.347,0.06991,-0.07973,0.00616,0.02930,0.04141,9.77922,0.0,-0.23461,0.27755,-18.48628
6.357,0.03639,-0.05631,0.04528,0.02127,0.05428,9.77968,0.0,-0.12737,0.24666,-18.48615
6.367,-0.06291,-0.08109,0.01729,0.01823,0.04741,9.77691,0.0,-0.09829,0.35545,-18.48583
6.377,-0.02607,0.04224,0.01704,0.02298,0.04774,9.77881,0.0,-0.09639,0.24179,-18.48579
6.387,-0.00097,0.06740,-0.00456,0.02183,0.04199,9.78843,0.0,-0.18702,0.30648,-18.48593
6.397,0.04206,-0.02190,0.09504,0.00951,0.03685,9.79805,0.0,-0.11687,0.21769,-18.48602
6.407,0.07979,-0.01177,0.08991,0.01673,0.03486,9.77504,0.0,-0.00665,0.19651,-18.48458
6.417,-0.02472,-0.05289,0.06660,0.03132,0.03412,9.78107,0.0,-0.11917,0.19839,-18.48387
6.427,-0.02204,0.01987,0.03595,0.03095,0.04266,9.78336,0.0,-0.23245,0.19622,-18.48351
6.437,-0.07457,-0.02987,0.03520,0.02488,0.04592,9.77831,0.0,-0.17212,0.29169,-18.48383
6.447,0.04617,-0.02575,0.04554,0.02258,0.03834,9.77935,0.0,-0.06270,0.26618,-18.48359
6.457,-0.02677,-0.04713,0.14652,0.02764,0.03544,9.77679,0.0,-0.13747,0.18317,-18.48308
6.467,-0.00075,-0.02183,0.06655,0.03251,0.03140,9.78767,0.0,-0.24480,0.21747,-18.48127
6.477,-0.06700,0.02031,0.07906,0.02252,0.04162,9.77996,0.0,-0.17630,0.12808,-18.48092
6.487,0.08135,0.02673,0.13757,0.02464,0.03669,9.77998,0.0,-0.12323,0.22659,-18.48048
6.497,0.11567,0.09511,-0.00171,0.01952,0.03187,9.78296,0.0,-0.20148,0.14787,-18.47868
6.507,0.02171,-0.03385,0.03162,0.02051,0.03592,9.78409,0.0,-0.08963,0.17148,-18.47977
6.517,-0.02550,-0.02811,0.05501,0.01495,0.03159,9.79639,0.0,-0.15119,0.26606,-18.47961
6.527,-0.13051,-0.00455,0.02090,0.02172,0.03876,9.79515,0.0,-0.07741,0.18006,-18.47891
6.537,-0.09353,-0.12717,0.05115,0.02434,0.05031,9.77094,0.0,-0.15794,0.25724,-18.47924
6.547,-0.05919,-0.00858,-0.02378,0.01939,0.04884,9.77653,0.0,-0.15217,0.36885,-18.47902
6.557,0.01931,0.00417,0.01222,0.01454,0.03651,9.78164,0.0,-0.09055,0.27377,-18.47968
6.567,-0.08076,-0.00299,-0.00621,0.01864,0.03768,9.77469,0.0,-0.06618,0.16444,-18.47935
6.577,-0.03222,-0.00505,0.00822,0.01721,0.04402,9.77796,0.0,-0.14371,0.24440,-18.47984
6.587,0.05151,-0.01635,0.05677,0.03448,0.04055,9.77625,0.0,-0.05403,0.31235,-18.47994
6.597,-0.02536,0.02256,0.03224,0.02031,0.04217,9.77560,0.0,-0.15797,0.27038,-18.47916
6.607,-0.01151,0.05980,0.07663,0.02378,0.03986,9.78424,0.0,-0.04704,0.24848,-18.47912
6.617,-0.09269,0.04030,0.11525,0.02810,0.04484,9.76679,0.0,-0.15584,0.22371,-18.47819
6.627,0.00543,0.14403,0.00048,0.03567,0.04675,9.76901,0.0,-0.19992,0.32521,-18.47729
6.637,0.01195,0.00712,0.03239,0.02669,0.04748,9.77283,0.0,-0.26930,0.23970,-18.47780
6.647,0.00385,-0.07831,-0.00919,0.02918,0.04776,9.77725,0.0,-0.16214,0.27045,-18.47756
6.657,-0.00989,-0.13306,-0.02501,0.02717,0.04199,9.78488,0.0,-0.26023,0.32687,-18.47829
6.667,-0.13567,-0.01167,0.01181,0.02046,0.04273,9.78779,0.0,-0.17989,0.24975,-18.47851
6.677,-0.07583,0.10164,0.04720,0.01788,0.04890,9.79185,0.0,-0.06669,0.25164,-18.47834
6.687,-0.05194,0.02373,0.00712,0.02581,0.04537,9.79045,0.0,-0.11553,0.35192,-18.47797
6.697,0.00028,0.02736,-0.00829,0.02589,0.03519,9.78993,0.0,-0.17696,0.25687,-18.47807
6.707,-0.02325,0.03942,-0.01416,0.02592,0.03718,9.78379,0.0,-0.14542,0.14869,-18.47811
6.717,0.06607,-0.03233,0.03751,0.02298,0.04088,9.77551,0.0,-0.15448,0.26072,-18.47874
6.727,0.00209,-0.00541,0.04645,0.01889,0.03935,9.77235,0.0,-0.04586,0.23472,-18.47817
6.737,0.06384,0.07165,0.03889,0.03511,0.04171,9.77707,0.0,-0.15609,0.21339,-18.47778
6.747,-0.08503,-0.02145,0.07945,0.03241,0.04262,9.77887,0.0,-0.26038,0.25298,-18.47774
6.757,0.04198,-0.00050,0.05163,0.04326,0.03413,9.77661,0.0,-0.14862,0.25117,-18.47687
6.767,0.00411,-0.03723,0.04115,0.04441,0.04266,9.77869,0.0,-0.24608,0.19691,-18.47650
6.777,0.00067,-0.07322,0.00488,0.04188,0.04593,9.78245,0.0,-0.27046,0.30655,-18.47683
6.787,-0.02272,-0.04306,-0.03057,0.03203,0.04422,9.77797,0.0,-0.18130,0.23904,-18.47691
6.797,0.04389,0.01311,-0.01196,0.04014,0.03769,9.77922,0.0,-0.08002,0.28725,-18.47771
6.807,-0.01741,0.03390,0.04905,0.02245,0.04697,9.77969,0.0,-0.18044,0.23876,-18.47777
6.817,-0.04039,-0.01325,-0.03521,0.01869,0.04168,9.77395,0.0,-0.08427,0.29744,-18.47720
6.827,-0.03858,0.00188,-0.00287,0.02024,0.03082,9.76880,0.0,-0.10251,0.18605,-18.47807
6.837,0.14649,0.00909,0.02012,0.01781,0.03847,9.78461,0.0,-0.15165,0.08501,-18.47784
6.847,-0.07517,-0.04551,0.03999,0.01986,0.04138,9.78175,0.0,-0.11562,0.19418,-18.47791
6.857,0.01320,-0.00994,0.01504,0.02953,0.04544,9.78659,0.0,-0.13181,0.30339,-18.47779
6.867,-0.03931,-0.05211,0.03799,0.01249,0.03816,9.78252,0.0,-0.23940,0.27178,-18.47787
6.877,-0.20064,-0.03625,0.06833,0.01783,0.04126,9.78095,0.0,-0.13309,0.23605,-18.47740
6.887,-0.15354,-0.06241,0.03683,0.02289,0.02772,9.77148,0.0,-0.07910,0.33170,-18.47688
6.897,0.05871,0.03928,0.02444,0.02475,0.04022,9.78267,0.0,-0.11560,0.22406,-18.47670
6.907,0.06358,0.11059,0.04123,0.03141,0.03911,9.78398,0.0,-0.17482,0.32084,-18.47694
6.917,-0.02017,0.00495,0.04797,0.02214,0.03278,9.76967,0.0,-0.21000,0.21520,-18.47623
6.927,-0.03028,-0.05727,0.02904,0.01560,0.04214,9.76715,0.0,-0.10636,0.17260,-18.47577
6.937,-0.06698,-0.04824,0.01100,0.01901,0.04278,9.77805,0.0,-0.06970,0.27786,-18.47593
6.947,-0.11353,-0.04504,-0.00663,0.02625,0.04303,9.78221,0.0,-0.17183,0.22982,-18.47600
6.957,-0.08840,0.01160,0.01879,0.01719,0.04311,9.76602,0.0,-0.20926,0.33444,-18.47670
6.967,-0.00289,0.03383,0.00691,0.01371,0.04608,9.76575,0.0,-0.11151,0.27798,-18.47637
6.977,0.01856,0.08630,0.03459,0.01242,0.02956,9.76271,0.0,0.00069,0.28667,-18.47655
6.987,0.08067,0.13982,0.00199,0.01187,0.03504,9.77636,0.0,-0.03931,0.18320,-18.47615
6.997,0.08387,0.02788,0.03289,0.01464,0.04300,9.77267,0.0,-0.10011,0.27715,-18.47661
7.007,0.06321,0.00699,0.02313,0.01864,0.04606,9.78015,0.0,-0.01824,0.35398,-18.47635
7.017,0.10938,0.02147,0.09468,0.02614,0.03838,9.77413,0.0,-0.11023,0.29054,-18.47627
7.027,0.04059,-0.01774,0.02527,0.02308,0.02957,9.77184,0.0,-0.17719,0.20244,-18.47483
7.037,0.02489,0.00042,0.02021,0.01893,0.03797,9.77095,0.0,-0.10412,0.11784,-18.47497
7.047,-0.04587,-0.02620,0.07223,0.02920,0.03530,9.77654,0.0,-0.09711,0.22974,-18.47517
7.057,-0.01830,-0.08002,0.05985,0.02420,0.03724,9.78757,0.0,-0.20493,0.19732,-18.47422
7.067,0.02329,0.06493,-0.02061,0.03121,0.03502,9.78586,0.0,-0.09950,0.23325,-18.47397
7.077,-0.02513,0.03166,-0.05112,0.02795,0.03418,9.78817,0.0,-0.20450,0.19822,-18.47474
7.087,0.09825,-0.07912,-0.01961,0.02672,0.03385,9.78015,0.0,-0.09171,0.19511,-18.47561
7.097,0.15472,0.05494,0.06744,0.02029,0.03962,9.78598,0.0,-0.20547,0.20077,-18.47580
7.107,0.02578,-0.04928,0.06881,0.02378,0.03005,9.79119,0.0,-0.10219,0.25079,-18.47488
7.117,-0.03469,-0.04510,0.08002,0.02213,0.04700,9.78425,0.0,-0.14966,0.14749,-18.47413
7.127,0.01706,0.07827,0.05170,0.01559,0.04169,9.77866,0.0,-0.13462,0.25844,-18.47372
7.137,0.07021,0.02649,0.00875,0.01609,0.04553,9.76169,0.0,-0.03217,0.20876,-18.47348
7.147,0.05855,-0.05964,-0.01826,0.01028,0.04703,9.78189,0.0,-0.10627,0.29390,-18.47393
7.157,-0.04435,0.00586,0.04666,0.02294,0.04758,9.77182,0.0,0.00298,0.27247,-18.47444
7.167,-0.08319,-0.02421,0.01774,0.01292,0.04486,9.77983,0.0,-0.10852,0.27671,-18.47375
7.177,0.03207,-0.02366,0.12501,0.02099,0.04086,9.76807,0.0,-0.00263,0.23902,-18.47389
7.187,0.06452,0.05357,0.03663,0.02108,0.04524,9.77543,0.0,-0.11435,0.22989,-18.47215
7.197,-0.08527,0.02673,0.02464,0.01818,0.03513,9.77233,0.0,-0.13359,0.34101,-18.47275
7.207,-0.05581,0.02817,0.05227,0.01704,0.03716,9.78003,0.0,-0.10944,0.22977,-18.47252
7.217,-0.01192,0.01796,0.07359,0.03144,0.04382,9.77407,0.0,-0.00302,0.19260,-18.47197
7.227,-0.07130,0.03550,-0.00439,0.03396,0.04637,9.78069,0.0,-0.10765,0.23247,-18.47131
#2025/09/09 15:11:37
