-1.1190
-1.1207
-1.1455
-1.1610
-1.1659
-1.1705
-1.1710
-1.1578
-1.1346
-1.1405
-1.1656
-1.1842
-1.1918
-1.2096
-1.2171
-1.2136
-1.1783
-1.1591
-1.1549
-1.1609
-1.1786
-1.1881
-1.1914
-1.1805
-1.1815
-1.1887
-1.1832
-1.1769
-1.1532
-1.1326
-1.1312
-1.1407
-1.1607
-1.1466
-1.1409
-1.1414
-1.1531
-1.1673
-1.1718
-1.1617
-1.1415
-1.1345
-1.1172
-1.1047
-1.1219
-1.1417
-1.1400
-1.1453
-1.1454
-1.1236
-1.1158
-1.1143
-1.1192
-1.1166
-1.1031
-1.0988
-1.1055
-1.1193
-1.1123
-1.0997
-1.1071
-1.1195
-1.1265
-1.1467
-1.1569
-1.1598
-1.1530
-1.1528
-1.1500
-1.1338
-1.0966
-1.0843
-1.0977
-1.1175
-1.1463
-1.1454
-1.1242
-1.1194
-1.1216
-1.1399
-1.1539
-1.1609
-1.1472
-1.1402
-1.1302
-1.1239
-1.1157
-1.1173
-1.1032
-1.0925
-1.0932
-1.0949
-1.1067
-1.0966
-1.0894
-1.0449
-1.0297
-1.0315
-1.0291
-1.0315
-1.0261
-1.0217
-1.0339
-1.0509
-1.0584
-1.0457
-1.0415
-1.0603
-1.0767
-1.0698
-1.0589
-1.0541
-1.0590
-1.0555
-1.0371
-1.0463
-1.0532
-1.0367
-1.0300
-1.0241
-1.0225
-1.0344
-1.0294
-1.0295
-1.0198
-1.0192
-1.0065
-1.0070
-1.0246
-1.0601
-1.0877
-1.1038
-1.1019
-1.0919
-1.0914
-1.0702
-1.0354
-1.0084
-1.0208
-1.0516
-1.0649
-1.0751
-1.0769
-1.0729
-1.0748
-1.0945
-1.0967
-1.1053
-1.1163
-1.1256
-1.0839
-1.0508
-1.0443
-1.0480
-1.0602
-1.0670
-1.0818
-1.1030
-1.1249
-1.1193
-1.1005
-1.1083
-1.1086
-1.1040
-1.1052
-1.0874
-1.0663
-1.0586
-1.0559
-1.0579
-1.0600
-1.0581
-1.0700
-1.0706
-1.0760
-1.0694
-1.0618
-1.0332
-1.0198
-0.9971
-0.9439
-0.9075
-0.8856
-0.8845
-0.8840
-0.8969
-0.8817
-0.8457
-0.8302
-0.8093
-0.7643
-0.7434
-0.7230
-0.7118
-0.7313
-0.7651
-0.7999
-0.8268
-0.8242
-0.8188
-0.7946
-0.7745
-0.7607
-0.7692
-0.7628
-0.7605
-0.7570
-0.7380
-0.7331
-0.7337
-0.7349
-0.7738
-0.7866
-0.8167
-0.8524
-0.8823
-0.9286
-0.9666
-0.9993
-1.0144
-1.0337
-1.0499
-1.0424
-1.0076
-0.9857
-0.9981
-1.0064
-1.0039
-1.0091
-1.0107
-1.0188
-1.0382
-1.0694
-1.1022
-1.1183
-1.1343
-1.1404
-1.1522
-1.1415
-1.1013
-1.0676
-1.0445
-1.0247
-1.0317
-1.0413
-1.0435
-1.0154
-0.9942
-0.9845
-0.9680
-0.9631
-0.9826
-0.9684
-0.9814
-0.9670
-0.9428
-0.8899
-0.8482
-0.8043
-0.7569
-0.7281
-0.7027
-0.7082
-0.7071
-0.6925
-0.6559
-0.6619
-0.6771
-0.6759
-0.6708
-0.6339
-0.6115
-0.5995
-0.5721
-0.5432
-0.5196
-0.5219
-0.5383
-0.5397
-0.5425
-0.5666
-0.5470
-0.5293
-0.5871
-0.6167
-0.6564
-0.6906
-0.7194
-0.7634
-0.8116
-0.8249
-0.8287
-0.8481
-0.8818
-0.9144
-0.9509
-0.9807
-0.9836
-0.9721
-0.9616
-0.9553
-0.9561
-0.9470
-0.9595
-0.9306
-0.9257
-0.9467
-0.9570
-0.9756
-0.9888
-0.9940
-1.0044
-1.0150
-1.0361
-1.0465
-1.0414
-1.0269
-1.0124
-1.0043
-0.9990
-1.0002
-0.9751
-0.9479
-0.9112
-0.8975
-0.8920
-0.8866
-0.8469
-0.7924
-0.7858
-0.7558
-0.7271
-0.6567
-0.6170
-0.6117
-0.6289
-0.6212
-0.5845
-0.5312
-0.5231
-0.5447
-0.5414
-0.5609
-0.5433
-0.5076
-0.5164
-0.5613
-0.5863
-0.5909
-0.5945
-0.5899
-0.5715
-0.5614
-0.5646
-0.6217
-0.6649
-0.7029
-0.6814
-0.6763
-0.6919
-0.7147
-0.7570
-0.7762
-0.7826
-0.7839
-0.8140
-0.8393
-0.8779
-0.8996
-0.9044
-0.8931
-0.9140
-0.9392
-0.9521
-0.9324
-0.9342
-0.9336
-0.9528
-0.9899
-1.0030
-0.9954
-0.9966
-1.0009
-1.0045
-0.9925
-1.0016
-1.0210
-1.0320
-1.0252
-1.0106
-1.0200
-1.0188
-0.9998
-0.9665
-0.9446
-0.9021
-0.8583
-0.8001
-0.7781
-0.7362
-0.6957
-0.7101
-0.6641
-0.6110
-0.5779
-0.5510
-0.4945
-0.4438
-0.3916
-0.3196
-0.2123
-0.1528
-0.1475
-0.1251
-0.0212
0.0857
0.1595
0.2487
0.2313
0.2431
0.2239
0.1425
0.0525
-0.0195
-0.1013
-0.2224
-0.3087
-0.4873
-0.6182
-0.6876
-0.6877
-0.6905
-0.7076
-0.7260
-0.7395
-0.7602
-0.7479
-0.7648
-0.7873
-0.7999
-0.8053
-0.8032
-0.8244
-0.8429
-0.8643
-0.8631
-0.8681
-0.8948
-0.8996
-0.9054
-0.8936
-0.9111
-0.9346
-0.9328
-0.9302
-0.9284
-0.9391
-0.9579
-0.9780
-0.9894
-0.9748
-0.9738
-0.9681
-0.9643
-0.9455
-0.9130
-0.9053
-0.8972
-0.8961
-0.8929
-0.8606
-0.8187
-0.7803
-0.7573
-0.7727
-0.7675
-0.7608
-0.7401
-0.7310
-0.7379
-0.7167
-0.6826
-0.6432
-0.6073
-0.5669
-0.5208
-0.4962
-0.4941
-0.4634
-0.4809
-0.4909
-0.4631
-0.4306
-0.4504
-0.4970
-0.5380
-0.5537
-0.5810
-0.6029
-0.6084
-0.6107
-0.6197
-0.6472
-0.6851
-0.7056
-0.7069
-0.7353
-0.7516
-0.7426
-0.7410
-0.7629
-0.7775
-0.7901
-0.8193
-0.8348
-0.8587
-0.8763
-0.8900
-0.9039
-0.9093
-0.9351
-0.9709
-1.0160
-1.0599
-1.0859
-1.0832
-1.0750
-1.0659
-1.0626
-1.0712
-1.0653
-1.0531
-1.0259
-1.0208
-1.0336
-1.0510
-1.0765
-1.0978
-1.0954
-1.0999
-1.0921
-1.0727
-1.0735
-1.0479
-1.0236
-1.0119
-1.0174
-1.0235
-1.0253
-1.0291
-1.0305
-1.0385
-1.0366
-1.0317
-1.0157
-1.0107
-1.0198
-1.0211
-1.0137
-1.0251
-1.0168
-0.9915
-0.9801
-0.9609
-0.9420
-0.9054
-0.8651
-0.8497
-0.8511
-0.8462
-0.8439
-0.8205
-0.8008
-0.8066
-0.8022
-0.7803
-0.7504
-0.7116
-0.6354
-0.6210
-0.6021
-0.5874
-0.6172
-0.6292
-0.6636
-0.7140
-0.7282
-0.7215
-0.7339
-0.7275
-0.7234
-0.7379
-0.7420
-0.7423
-0.7861
-0.8222
-0.8105
-0.8180
-0.8372
-0.8798
-0.9162
-0.9602
-0.9938
-1.0028
-1.0123
-1.0082
-0.9903
-0.9723
-0.9735
-0.9891
-0.9862
-0.9636
-0.9748
-0.9860
-0.9974
-1.0239
-1.0391
-1.0196
-1.0088
-0.9958
-0.9807
-0.9538
-0.9464
-0.9269
-0.9216
-0.9222
-0.9365
-0.9390
-0.9478
-0.9304
-0.9131
-0.8991
-0.8766
-0.8615
-0.8083
-0.7265
-0.6841
-0.6715
-0.6282
-0.5742
-0.5260
-0.5096
-0.5459
-0.5395
-0.5047
-0.4709
-0.4260
-0.4017
-0.4107
-0.4354
-0.4414
-0.4485
-0.4730
-0.4946
-0.5330
-0.5563
-0.6126
-0.6670
-0.7343
-0.7894
-0.8355
-0.8639
-0.8942
-0.9338
-0.9505
-0.9789
-1.0051
-1.0140
-0.9920
-0.9817
-0.9805
-1.0177
-1.0482
-1.0555
-1.0597
-1.0443
-1.0302
-0.9979
-0.9882
-0.9904
-0.9804
-0.9616
-0.9525
-0.9495
-0.9738
-0.9808
-0.9802
-0.9914
-1.0071
-0.9772
-0.9581
-0.9166
-0.9133
-0.9331
-0.9601
-0.9706
-0.9725
-0.9899
-0.9988
-1.0323
-1.0486
-1.0265
-0.9912
-0.9797
-0.9928
-0.9997
-1.0108
-0.9429
-0.9048
-0.9066
-0.9289
-0.9512
-0.9523
-0.9707
-0.9841
-0.9871
-0.9806
-0.9763
-0.9806
-0.9829
-1.0000
-0.9989
-1.0062
-1.0132
-1.0214
-1.0330
-1.0266
-1.0230
-1.0154
-1.0055
-1.0144
-1.0077
-1.0146
-1.0167
-1.0268
-1.0150
-1.0146
-1.0159
-1.0223
-1.0375
-1.0390
-0.9972
-0.9963
-1.0016
-1.0133
-1.0302
-1.0525
-1.0620
-1.0431
-1.0366
-1.0333
-1.0465
-1.0669
-1.0703
-1.0659
-1.0600
-1.0616
-1.0766
-1.0752
-1.0569
-1.0399
-1.0471
-1.0459
-1.0323
-1.0245
-1.0167
-0.9975
-0.9710
-0.9729
-0.9713
-0.9577
-0.9250
-0.9017
-0.9222
-0.9261
-0.9253
-0.9280
-0.9031
-0.8938
-0.8550
-0.8127
-0.8167
-0.7951
-0.7840
-0.7790
-0.7964
-0.7782
-0.7231
-0.6838
-0.6743
-0.6823
-0.6570
-0.5640
-0.4716
-0.3421
-0.2521
-0.1689
-0.1367
-0.0669
-0.0083
0.0025
0.1159
0.2273
0.2977
0.3282
0.3354
0.3938
0.4246
0.3987
0.3857
0.3492
0.3265
0.3217
0.2917
0.2219
0.0945
-0.0208
-0.0975
-0.2180
-0.2712
-0.3749
-0.4853
-0.6033
-0.7184
-0.7951
-0.8456
-0.8664
-0.9181
-0.9723
-1.0264
-1.0636
-1.0986
-1.0947
-1.0926
-1.0734
-1.0680
-1.0495
-1.0194
-1.0137
-1.0302
-1.0360
-1.0509
-1.0584
-1.0484
-1.0354
-1.0451
-1.0561
-1.0620
-1.0868
-1.1035
-1.1061
-1.1083
-1.0796
-1.0402
-1.0434
-1.0544
-1.0758
-1.0920
-1.0954
-1.1129
-1.1234
-1.1301
-1.1248
-1.1206
-1.0944
-1.0615
-1.0237
-1.0170
-1.0414
-1.0516
-1.0632
-1.0664
-1.0539
-1.0621
-1.0582
-1.0771
-1.0826
-1.0978
-1.1042
-1.1121
-1.1098
-1.0885
-1.0786
-1.0667
-1.0547
-1.0625
-1.0720
-1.0628
-1.0827
-1.0900
-1.0898
-1.0717
-1.0726
-1.0690
-1.0437
-0.9798
-0.9537
-0.9616
-0.9691
-0.9886
-0.9974
-1.0106
-1.0171
-1.0224
-1.0463
-1.0608
-1.0922
-1.1139
-1.1300
-1.1195
-1.0875
-1.0695
-1.0589
-1.0396
-1.0442
-1.0678
-1.0717
-1.0686
-1.0615
-1.0484
-1.0224
-1.0119
-1.0022
-0.9976
-1.0137
-1.0475
-1.0659
-1.0933
-1.1106
-1.1104
-1.0886
-1.0588
-1.0437
-1.0436
-1.0240
-1.0177
-1.0181
-1.0235
-1.0162
-1.0120
-1.0154
-1.0384
-1.0607
-1.0529
-1.0611
-1.0606
-1.0759
-1.0897
-1.0948
-1.0878
-1.0790
-1.0718
-1.0670
-1.0384
-1.0170
-0.9971
-0.9815
-0.9843
-0.9910
-1.0113
-1.0215
-1.0145
-1.0150
-1.0255
-1.0188
-0.9799
-0.9281
-0.9168
-0.9333
-0.9411
-0.9684
-0.9967
-1.0089
-1.0106
-0.9954
-0.9844
-0.9921
-0.9728
-0.9524
-0.9538
-0.9494
-0.9433
-0.9466
-0.9460
-0.9496
-0.9571
-0.9502
-0.9286
-0.9411
-0.9459
-0.9529
-0.9730
-0.9980
-1.0099
-1.0090
-0.9739
-0.9433
-0.9281
-0.9096
-0.9041
-0.9130
-0.9114
-0.9199
-0.9471
-0.9492
-0.9622
-0.9664
-0.9750
-1.0037
-1.0200
-1.0403
-1.0556
-1.0628
-1.0700
-1.0733
-1.0808
-1.0932
-1.0998
-1.0998
-1.1058
-1.0932
-1.0841
-1.0975
-1.1145
-1.1167
-1.1103
-1.1103
-1.1184
-1.1245
-1.1246
-1.1112
-1.1041
-1.1104
-1.1108
-1.1188
-1.1266
-1.1285
-1.1156
-1.0904
-1.0696
-1.0553
-1.0228
-1.0029
-1.0022
-1.0182
-1.0388
-1.0520
-1.0522
-1.0306
-1.0215
-1.0332
-1.0665
-1.0896
-1.0855
-1.0861
-1.1007
-1.1157
-1.1186
-1.1178
-1.1272
-1.1171
-1.1129
-1.1042
-1.1091
-1.1145
-1.0817
-1.0625
-1.0639
-1.0560
-1.0337
-1.0058
-0.9963
-1.0039
-1.0042
-1.0121
-1.0274
-1.0300
-1.0353
-1.0361
-1.0537
-1.0615
-1.0626
-1.0560
-1.0472
-1.0420
-1.0405
-1.0471
-1.0625
-1.0791
-1.0690
-1.0746
-1.0768
-1.0560
-1.0373
-1.0244
-1.0166
-1.0249
-1.0328
-1.0359
-1.0255
-1.0099
-1.0239
-1.0312
-1.0172
-0.9964
-0.9863
-0.9894
-0.9951
-1.0154
-1.0552
-1.0812
-1.0987
-1.1099
-1.1305
-1.1222
-1.0902
-1.0707
-1.0560
-1.0589
-1.0653
-1.0666
-1.0643
-1.0809
-1.0769
-1.0779
-1.0934
-1.1050
-1.1121
-1.1089
-1.0905
-1.0746
-1.0654
-1.0676
-1.0664
-1.0516
-1.0559
-1.0427
-1.0187
-1.0041
-1.0111
-1.0072
-1.0100
-1.0136
-1.0338
-1.0228
-1.0187
-1.0209
-1.0254
-1.0486
-1.0720
-1.0674
-1.0757
-1.0812
-1.0840
-1.0868
-1.0731
-1.0523
-1.0280
-1.0092
-1.0059
-1.0137
-1.0155
-1.0100
-1.0157
-1.0009
-0.9972
-0.9942
-0.9723
-0.9522
-0.9385
-0.8977
-0.8864
-0.8997
-0.9103
-0.9541
-0.9556
-0.9535
-0.9422
-0.8965
-0.8798
-0.8869
-0.8916
-0.9052
-0.8777
-0.8213
-0.7898
-0.7863
-0.7801
-0.7924
-0.8270
-0.8271
-0.8576
-0.9087
-0.9458
-0.9633
-0.9767
-0.9834
-0.9828
-0.9805
-0.9700
-0.9485
-0.9273
-0.9119
-0.9141
-0.9107
-0.9141
-0.9392
-0.9553
-0.9806
-1.0171
-1.0431
-1.0587
-1.0786
-1.0839
-1.0578
-1.0425
-1.0530
-1.0516
-1.0442
-1.0444
-1.0361
-1.0570
-1.0841
-1.0872
-1.0626
-1.0613
-1.0576
-1.0512
-1.0384
-1.0069
-0.9745
-0.9431
-0.9147
-0.9112
-0.9216
-0.9177
-0.9284
-0.9221
-0.9358
-0.9418
-0.9443
-0.9654
-0.9782
-1.0007
-0.9976
-1.0063
-1.0162
-1.0252
-1.0227
-1.0284
-1.0399
-1.0545
-1.0287
-1.0287
-1.0229
-0.9956
-0.9673
-0.9379
-0.9531
-0.9741
-0.9656
-0.9611
-0.9632
-0.9621
-0.9821
-0.9988
-0.9991
-1.0148
-1.0103
-1.0033
-0.9902
-0.9748
-0.9755
-1.0029
-1.0359
-1.0200
-1.0059
-0.9919
-0.9850
-0.9799
-0.9973
-0.9996
-0.9901
-0.9871
-0.9656
-0.9572
-0.9823
-1.0133
-1.0427
-1.0572
-1.0561
-1.0499
-1.0424
-1.0307
-1.0071
-0.9756
-0.9505
-0.9491
-0.9470
-0.9360
-0.9466
-0.9707
-0.9703
-0.9438
-0.9355
-0.9366
-0.9549
-0.9579
-0.9609
-0.9648
-0.9873
-1.0004
-1.0147
-1.0084
-1.0133
-1.0281
-1.0348
-1.0320
-1.0418
-1.0424
-1.0493
-1.0647
-1.0642
-1.0444
-1.0330
-1.0225
-1.0186
-1.0108
-1.0053
-1.0135
-1.0261
-1.0202
-1.0201
-1.0251
-1.0366
-1.0586
-1.0608
-1.0586
-1.0483
-1.0527
-1.0545
-1.0464
-0.9952
-0.9734
-0.9805
-0.9818
-0.9725
-0.9655
-0.9790
-1.0165
-1.0510
-1.0675
-1.0789
-1.0648
-1.0611
-1.0690
-1.0903
-1.0853
-1.0825
-1.0809
-1.0921
-1.0980
-1.0613
-1.0525
-1.0486
-1.0336
-1.0448
-1.0632
-1.0762
-1.0751
-1.0852
-1.0786
-1.0462
-1.0362
-1.0381
-1.0573
-1.0697
-1.0730
-1.0916
-1.1138
-1.1348
-1.1472
-1.1535
-1.1463
-1.1412
-1.1319
-1.1313
-1.1341
-1.1314
-1.1405
-1.1431
-1.1307
-1.1160
-1.0908
-1.0877
-1.0996
-1.1069
-1.0965
-1.0738
-1.0734
-1.0667
-1.0811
-1.1160
-1.1250
-1.1087
-1.0759
-1.0653
-1.0714
-1.0697
-1.0536
-1.0535
-1.0491
-1.0674
-1.0896
-1.1211
-1.1126
-1.1026
-1.0778
-1.0755
-1.0634
-1.0371
-1.0295
-1.0306
-1.0228
-1.0252
-1.0500
-1.0739
-1.1210
-1.1406
-1.1455
-1.1509
-1.1510
-1.1534
-1.1533
-1.1281
