1.3851193699226017e-67
1.670630718041306e-66
1.9750942872771116e-65
2.2888077404124313e-64
2.599829722713957e-63
2.8946403116483003e-62
3.159063950845843e-61
3.379374633279185e-60
3.5434668343224363e-59
3.641954494744501e-58
3.6690596154291634e-57
3.6231735050871944e-56
3.50701485746685e-55
3.3273630541830016e-54
3.094403080172309e-53
2.8207700884601353e-52
2.5204181887958895e-51
2.2074538398923994e-50
1.895067863378269e-49
1.594674366896871e-48
1.3153258948574644e-47
1.0634298273336274e-46
8.427493279864162e-46
6.546393437204953e-45
4.984480496942903e-44
3.720075976020836e-43
2.7214341400936998e-42
1.9514523802953657e-41
1.371614910949349e-40
9.449754976491219e-40
6.38150344806079e-39
4.224152406206203e-38
2.7407552847226124e-37
1.7430708966452914e-36
1.0866106407459781e-35
6.639677199580735e-35
3.976803097901624e-34
2.334722783487273e-33
1.3435401977587408e-32
7.578445267618321e-32
4.190093194494398e-31
2.270812922026391e-30
1.2062939277811485e-29
6.281148147606021e-29
3.205819323395001e-28
1.603810890548638e-27
7.86468593576642e-27
3.780277844776072e-26
1.781066634757093e-25
8.225280651606685e-25
3.72336312175051e-24
1.6520917823142717e-23
7.1853356359022e-23
3.0631908645774302e-22
1.2800153190516373e-21
5.242885663363464e-21
2.1049399783397358e-20
8.283677007682859e-20
3.1953667177483426e-19
1.2081820198999708e-18
4.4777324417183015e-18
1.626664621453243e-17
5.792312885394871e-17
2.0217158486953468e-16
6.916753975541442e-16
2.3195228302435696e-15
7.624459905389723e-15
2.4565953687921428e-14
7.758402075696056e-14
2.4017347816209607e-13
7.287724095819692e-13
2.167568882618962e-12
6.319285885175368e-12
1.8058314375132172e-11
5.058252742843785e-11
1.3887943864964022e-10
3.737571327944256e-10
9.859505575991516e-10
2.549381880391969e-09
6.461431773106109e-09
1.6052280551856117e-08
3.908938434264864e-08
9.330287574504973e-08
2.1829577951254782e-07
5.006218020767049e-07
1.1253517471925912e-06
2.479596018045028e-06
5.355347802793109e-06
1.1337271387479662e-05
2.352575200009771e-05
4.785117392129009e-05
9.540162873079231e-05
0.0001864374233151682
0.0003571284964163521
0.0006705482430281112
0.0012340980408667955
0.00222629856918889
0.003936690406550783
0.006823280527563766
0.011592291739045914
0.01930454136227709
0.031511115984444414
0.05041760259690979
0.07907054051593441
0.12155178329914934
0.1831563888873418
0.27051846866350415
0.39163895098987067
0.5557621261148306
0.7730474044329974
1.0539922456186432
1.4085842092104501
1.8451952399298928
2.3692775868212177
2.9819727942988736
3.6787944117144233
4.448580662229411
5.272924240430486
6.126263941844162
6.97676326071031
7.788007830714049
8.521437889662113
9.139311852712282
9.607894391523232
9.900498337491682
10.0
9.900498337491682
9.607894391523232
9.139311852712282
8.521437889662113
7.788007830714049
6.97676326071031
6.126263941844162
5.272924240430486
4.448580662229411
3.6787944117144233
2.9819727942988736
2.3692775868212177
1.8451952399298928
1.4085842092104501
1.0539922456186432
0.7730474044329974
0.5557621261148306
0.39163895098987067
0.27051846866350415
0.1831563888873418
0.12155178329914934
0.07907054051593441
0.05041760259690979
0.031511115984444414
0.01930454136227709
0.011592291739045914
0.006823280527563766
0.003936690406550783
0.00222629856918889
0.0012340980408667955
0.0006705482430281112
0.0003571284964163521
0.0001864374233151682
9.540162873079231e-05
4.785117392129009e-05
2.352575200009771e-05
1.1337271387479662e-05
5.355347802793109e-06
2.479596018045028e-06
1.1253517471925912e-06
5.006218020767049e-07
2.1829577951254782e-07
9.330287574504973e-08
3.908938434264864e-08
1.6052280551856117e-08
6.461431773106109e-09
2.549381880391969e-09
9.859505575991516e-10
3.737571327944256e-10
1.3887943864964022e-10
5.058252742843785e-11
1.8058314375132172e-11
6.319285885175368e-12
2.167568882618962e-12
7.287724095819692e-13
2.4017347816209607e-13
7.758402075696056e-14
2.4565953687921428e-14
7.624459905389723e-15
2.3195228302435696e-15
6.916753975541442e-16
2.0217158486953468e-16
5.792312885394871e-17
1.626664621453243e-17
4.4777324417183015e-18
1.2081820198999708e-18
3.1953667177483426e-19
8.283677007682859e-20
2.1049399783397358e-20
5.242885663363464e-21
1.2800153190516373e-21
3.0631908645774302e-22
7.1853356359022e-23
1.6520917823142717e-23
3.72336312175051e-24
8.225280651606685e-25
1.781066634757093e-25
3.780277844776072e-26
7.86468593576642e-27
1.603810890548638e-27
3.205819323395001e-28
6.281148147606021e-29
1.2062939277811485e-29
2.270812922026391e-30
4.190093194494398e-31
7.578445267618321e-32
1.3435401977587408e-32
2.334722783487273e-33
3.976803097901624e-34
6.639677199580735e-35
1.0866106407459781e-35
1.7430708966452914e-36
2.7407552847226124e-37
4.224152406206203e-38
6.38150344806079e-39
9.449754976491219e-40
1.371614910949349e-40
1.9514523802953657e-41
2.7214341400936998e-42
3.720075976020836e-43
4.984480496942903e-44
6.546393437204953e-45
8.427493279864162e-46
1.0634298273336274e-46
1.3153258948574644e-47
1.594674366896871e-48
1.895067863378269e-49
2.2074538398923994e-50
2.5204181887958895e-51
2.8207700884601353e-52
3.094403080172309e-53
3.3273630541830016e-54
3.50701485746685e-55
3.6231735050871944e-56
3.6690596154291634e-57
3.6419544947447265e-58
3.5434668345079225e-59
3.3793747769909026e-60
3.159168812210698e-61
2.966698139196505e-62
4.923237859930803e-62
2.842329666707382e-60
1.631293775303825e-58
8.817939388348589e-57
4.488946434461282e-55
2.1521080305699444e-53
9.716862206796202e-52
4.1317149467849235e-50
1.6545389271513592e-48
6.2397323145647565e-47
2.2161403399146714e-45
7.412605553626797e-44
2.334999829692484e-42
6.926999349897666e-41
1.935288748155378e-39
5.092003897992092e-38
1.261752036442819e-36
2.9444327007565776e-35
6.471002705891429e-34
1.3393184809040388e-32
2.6105888143260032e-31
4.792205300589244e-30
8.284659977179941e-29
1.3488271313955058e-27
2.0681414015072743e-26
2.9863898124125273e-25
4.0612066922387746e-24
5.2012295590347854e-23
6.2733465877337145e-22
7.125820413704676e-21
7.622769631152577e-20
7.679501831157197e-19
7.286108472885106e-18
6.510293198204098e-17
5.478325016631184e-16
4.3414756738892e-15
3.2401810709901484e-14
2.2774220452529036e-13
1.5075096159864151e-12
9.397644082695415e-12
5.517219035196968e-11
3.0504491509217934e-10
1.5883627192687709e-09
7.788931982408194e-09
3.597066515162692e-08
1.5644488092485652e-07
6.40791255463439e-07
2.4718045486720357e-06
8.97953833286442e-06
3.072106176664105e-05
9.898303485989681e-05
0.00030035000273384734
0.0008582955211226523
0.0023098744939082563
0.005854398103955872
0.013973926375184218
0.031412100704005616
0.06649941771221883
0.13258092204447092
0.24893534183931973
0.44018416291186296
0.7330348106517508
1.1496274259336192
1.6979776282246957
2.3618327637050736
3.0939169590307043
3.816897471684266
4.434602183585787
4.85222766774254
5.0
4.85222766774254
4.434602183585787
3.816897471684266
3.0939169590307043
2.3618327637050736
1.6979776282246957
1.1496274259336192
0.7330348106517508
0.44018416291186296
0.24893534183931973
0.13258092204447092
0.06649941771221883
0.031412100704005616
0.013973926375184218
0.005854398103955872
0.0023098744939082563
0.0008582955211226523
0.00030035000273384734
9.898303485989681e-05
3.072106176664105e-05
8.97953833286442e-06
2.4718045486720357e-06
6.40791255463439e-07
1.5644488092485652e-07
3.597066515162692e-08
7.788931982408194e-09
1.5883627192687709e-09
3.0504491509217934e-10
5.5172190351969686e-11
9.397644082695427e-12
1.507509615986447e-12
2.2774220452538563e-13
3.2401810710183385e-14
4.341475674715169e-15
5.478325040591209e-16
6.510293886330048e-17
7.286128039048191e-18
7.680052639434254e-19
7.638121183638869e-20
7.549425533940425e-21
1.7845845675517222e-21
3.1820542928065705e-21
8.385724865574833e-21
2.222149050489531e-20
5.832593080321869e-20
1.5156982820436868e-19
3.899608784071002e-19
9.93313597264057e-19
2.5050060335105697e-18
6.254437070340973e-18
1.5460542654929888e-17
3.7837139363918414e-17
9.16787980972383e-17
2.1992600373606269e-16
5.223255973377713e-16
1.2281830278985227e-15
2.8591828411794527e-15
6.589884778971583e-15
1.503733132287165e-14
3.3971973101693704e-14
7.598499329456505e-14
1.6826428429336724e-13
3.6890378476228535e-13
8.007396508931935e-13
1.7207850053328588e-12
3.661162006563194e-12
7.712023350801902e-12
1.6083285823875642e-11
3.320766043020608e-11
6.788265720039172e-11
1.3738409073873318e-10
2.752777492283575e-10
5.460882458692761e-10
1.0725353226767887e-09
2.0855347687439534e-09
4.014951654775669e-09
7.652445777156265e-09
1.4440334617806313e-08
2.697809677368522e-08
4.9900214740969995e-08
9.137987846827578e-08
1.656745474096821e-07
2.973843191503499e-07
5.284907517876334e-07
9.29851881421738e-07
1.6197471020178083e-06
2.793429429469852e-06
4.769636169209484e-06
8.062873665789128e-06
1.3494335802194055e-05
2.2359919032472026e-05
3.668140779822841e-05
5.957702583510649e-05
9.580070338682849e-05
0.00015251607909719548
0.0002403917843577064
0.00037512902264892156
0.0005795604823331029
0.0008864901613922019
0.0013424747623237234
0.0020127757674150712
0.002987732529019641
0.004390814513282836
0.006388597420007523
0.009202864075946778
0.01312494670909731
0.01853229244942061
0.02590704004579847
0.03585613737003566
0.049132206086244495
0.06665397922945383
0.08952471641440705
0.11904656846622172
0.1567284591235094
0.20428472840759607
0.2636216017404445
0.3368085770048024
0.4260321224378219
0.5335297047563181
0.6615031518269113
0.8120116994196762
0.9868467394629294
1.1873921945016879
1.414476459335181
1.6682238027191647
1.9479148041500984
2.2518665931083977
2.5773441492644347
2.92051353575983
3.2764465598382566
3.6391839582758005
4.001860865150846
4.356894222442145
4.696227229451209
5.011621268467632
5.294981415507573
5.538698078319815
5.7359848909985995
5.881192039840531
5.970074875156094
6.0
5.970074875156094
5.881192039840531
5.7359848909985995
5.538698078319815
5.294981415507573
5.011621268467632
4.696227229451209
4.356894222442145
4.001860865150846
3.6391839582758005
3.2764465598382566
2.92051353575983
2.5773441492644347
2.2518665931083977
1.9479148041500984
1.6682238027191647
1.414476459335181
1.1873921945016879
0.9868467394629294
0.8120116994196762
0.6615031518269113
0.5335297047563181
0.4260321224378219
0.3368085770048024
0.2636216017404445
0.20428472840759607
0.1567284591235094
0.11904656846622172
0.08952471641440705
0.06665397922945383
0.049132206086244495
0.03585613737003566
0.02590704004579847
0.01853229244942061
0.01312494670909731
0.009202864075946778
0.006388597420007523
0.004390814513282836
0.002987732529019641
0.0020127757674150712
0.0013424747623237234
0.0008864901613922019
0.0005795604823331029
0.00037512902264892156
0.0002403917843577064
0.00015251607909719548
9.580070338682849e-05
5.957702583510649e-05
3.668140779822841e-05
2.2359919032472026e-05
1.3494335802194055e-05
8.062873665789128e-06
4.769636169209484e-06
2.793429429469852e-06
1.6197471020178083e-06
9.29851881421738e-07
5.284907517876334e-07
2.973843191503499e-07
1.656745474096821e-07
9.137987846827578e-08
4.9900214740969995e-08
2.697809677368522e-08
1.4440334617806313e-08
7.652445777156265e-09
4.014951654775669e-09
2.0855347687439534e-09
1.0725353226767887e-09
5.460882458692761e-10
2.752777492283575e-10
1.3738409073873318e-10
6.788265720039172e-11
3.320766043020608e-11
1.6083285823875642e-11
7.712023350801902e-12
3.661162006563194e-12
1.7207850053328588e-12
8.007396508931935e-13
3.6890378476228535e-13
1.6826428429336724e-13
7.598499329456505e-14
3.3971973101693704e-14
1.503733132287165e-14
6.589884778971583e-15
2.8591828411794527e-15
1.2281830278985227e-15
5.223255973377713e-16
2.1992600373606269e-16
9.16787980972383e-17
3.7837139363918414e-17
1.5460542654929888e-17
6.25443707034096e-18
2.5050060335103085e-18
9.933135972592647e-19
3.899608783242536e-19
1.5156982685554155e-19
5.832591012180468e-20
2.2221191865914068e-20
8.381663658882595e-21
3.1300419972162228e-21
1.1572499087783506e-21
4.2360512023575035e-22
1.5351552486292006e-22
5.508082770575527e-23
1.9566163084266314e-23
6.881259493353577e-24
2.396002445914598e-24
8.2596878319714785e-25
2.8190129165388086e-25
9.52549498958726e-26
3.1866553498074574e-26
1.0554549298108522e-26
3.4609979767487306e-27
1.1236215326737318e-27
3.6115681660898917e-28
1.1492873711802887e-28
3.620916483582603e-29
1.1294459085569689e-29
3.4879433309337276e-30
1.0664253477409957e-30
3.228111696012683e-31
9.674392488301395e-32
2.8704891334901014e-32
8.432282866577474e-33
2.4524009837195676e-33
7.061465663530034e-34
2.0130533137386873e-34
5.681627503629549e-35
1.5876226744125734e-35
4.392167394635944e-36
1.2030052691769924e-36
3.2622198851593705e-37
8.758222759257441e-38
2.3279615257706048e-38
6.126221076536289e-39
1.596123849566392e-39
4.117158286056819e-40
1.0514426662431113e-40
2.658463387447732e-41
6.654766567530169e-42
1.649271004746129e-42
4.046767717277175e-43
9.830635302041187e-44
2.364350988855609e-44
5.629882963698373e-45
1.3272228201605977e-45
3.0977428920339638e-46
7.15820205604382e-47
1.6376443543142085e-47
3.709302794477728e-48
8.318059761847023e-49
1.8467531182577142e-49
4.0593145078617173e-50
8.833923133492345e-51
1.9033190144669734e-51
4.060005405101043e-52
8.574300350222893e-53
1.7927834245790929e-53
3.7111970920945274e-54
7.606016538462536e-55
1.5433256235854488e-55
3.1003799760364033e-56
6.166366520551671e-57
1.2142295614848867e-57
2.367169323130473e-58
4.568934176241822e-59
8.730870241210024e-60
1.651799085689844e-60
3.093954796105223e-61
5.737566896611834e-62
1.053412858712896e-62
1.9148136895605597e-63
3.445969960457193e-64
6.139789841723956e-65
1.0830601577961577e-65
1.8915102930870152e-66
3.2705582854407354e-67
5.598763628962893e-68
9.48897772768797e-69
1.5922225746022692e-69
2.6451187988779358e-70
4.350544770274622e-71
7.084336107494326e-72
1.142119977473838e-72
1.8229776904427945e-73
2.8807663452345624e-74
4.507043726337085e-75
6.98124025911068e-76
1.070609457166389e-76
1.6255681230034078e-77
2.446757334805997e-78
3.7856915424045795e-79
1.1990705172001972e-79
3.006531204894365e-79
1.2862613029038898e-78
5.606298068932094e-78
2.4309391831426676e-77
1.0477988971439728e-76
4.4892769173259096e-76
1.9119172834922972e-75
8.093866494108032e-75
3.405941678386728e-74
1.4246645263526377e-73
5.923552574191648e-73
2.448195623230053e-72
1.005782836328087e-71
4.107301238711673e-71
1.6672592105632494e-70
6.727348520609428e-70
2.698229976906237e-69
1.0757422634433082e-68
4.2631609873406445e-68
1.6793818981303834e-67
6.575994411608494e-67
2.559573684017566e-66
9.90302944566427e-66
3.808576974822646e-65
1.4559673556529654e-64
5.532670049600096e-64
2.0898356697280882e-63
7.846640166925675e-63
2.9285292746603637e-62
1.0864497280026001e-61
4.006488812813998e-61
1.4686302401711038e-60
5.351249884958455e-60
1.9381716184989986e-59
6.977879429717141e-59
2.4971746954647677e-58
8.883183286635701e-58
3.141105719799109e-57
1.104055021582294e-56
3.85738612730714e-56
1.3396450516004138e-55
4.624668496711103e-55
1.5869589884354666e-54
5.413087318889046e-54
1.835348728115765e-53
6.185664924328795e-53
2.0722799225467753e-52
6.9008832663498e-52
2.284310709629555e-51
7.516227275861833e-51
2.4583225498304285e-50
7.992305185879264e-50
2.582851791533278e-49
8.297001081616144e-49
2.6493359959913738e-48
8.409054492175437e-48
2.6530872132392007e-47
8.320513303450967e-47
2.5938385782447358e-46
8.03766690442781e-46
2.4757757025009377e-45
7.580307469333913e-45
2.3070477320529783e-44
6.979439893527584e-44
2.098837407769971e-43
6.273808434564204e-43
1.8641375064292263e-42
5.5057801848575916e-42
1.616419293255257e-41
4.71719050361804e-41
1.3683810108131078e-40
3.945707570793804e-40
1.1309332808510917e-39
3.2221318448406564e-39
9.125230907719892e-39
2.568849442983198e-38
7.188324489375997e-38
1.9994517502701e-37
5.528259444252178e-37
1.5193580727884936e-36
4.1507453690776514e-36
1.1271618455180777e-35
3.042570849235283e-35
8.16374354976723e-35
2.177370027574184e-34
5.77257202328102e-34
1.5212504271976704e-33
3.9849814056251235e-33
1.0376385985306139e-32
2.685716521210043e-32
6.909847396864849e-32
1.767140070011859e-31
4.492289398675164e-31
1.1351642648001026e-30
2.851306662145892e-30
7.11907190963744e-30
1.7668393531225563e-29
4.358780315890858e-29
1.0688755212643004e-28
2.605454627703119e-28
6.3129758956484845e-28
1.5204739389144223e-27
3.6401398024422e-27
8.662662195218276e-27
2.049174430443765e-26
4.8183762570746204e-26
1.1262031177189365e-25
2.6165375610617974e-25
6.042705862973022e-25
1.3871715379293303e-24
3.165360050613194e-24
7.179766123445409e-24
1.618794467241941e-23
3.6280006673575205e-23
8.082342276253999e-23
1.7897870086739648e-22
3.939668659520869e-22
8.620099462699149e-22
1.8748178915731723e-21
4.053219607885375e-21
8.710346136587915e-21
1.8606510199605712e-20
3.950832978118296e-20
8.338859339870664e-20
1.749519789401816e-19
3.648592016328674e-19
7.5635552001595845e-19
1.5585505445389981e-18
3.1923465794936012e-18
6.499701489983126e-18
1.315439931348717e-17
2.6463230765889603e-17
5.29186723587564e-17
1.0518873904010394e-16
2.0783744323180127e-16
4.081995921485206e-16
7.969215570942793e-16
1.5465102983384904e-15
2.983213192826739e-15
5.720183997371041e-15
1.090259650403798e-14
2.065589957371808e-14
3.890026147199405e-14
7.2820752198047e-14
1.3550397453441854e-13
2.5063582076397127e-13
4.608169867213818e-13
8.421860671956158e-13
1.5299662758981215e-12
2.7628028595881263e-12
4.95920622806083e-12
8.848480003613028e-12
1.5693485552198546e-11
2.7667147355279515e-11
4.84845743766961e-11
8.445726723609388e-11
1.4623950067299006e-10
2.5170196103342343e-10
4.30628467189786e-10
7.323405904618054e-10
1.2379916311733257e-09
2.0802548583967414e-09
3.4746383938644633e-09
5.768951881017134e-09
9.520909826836785e-09
1.561903580514667e-08
2.546972302267455e-08
4.128463571982771e-08
6.651918579738276e-08
1.0653679455727081e-07
1.6960808857372521e-07
2.684032232846365e-07
4.222047619650976e-07
6.601654030354444e-07
1.026069142983962e-06
1.585238921840081e-06
2.434484756815184e-06
3.716324474285938e-06
5.639160096163649e-06
8.505688162734005e-06
1.2752599527090334e-05
1.9005627799859606e-05
2.8155286523459476e-05
4.14602499337753e-05
6.068734156025246e-05
8.82995609461697e-05
0.00012770656040636736
0.0001835955307005473
0.00026236459891594105
0.0003726855875281304
0.0005262282927951396
0.0007385842184152723
0.0010304337770144969
0.0014290070841001849
0.0019698942405688142
0.0026992659247399783
0.0036765685440704465
0.004977759331330503
0.00669914466507512
0.00896187847569532
0.011917165697618791
0.015752197137222677
0.020696815675124425
0.027030878381962796
0.03509223413643756
0.045285181343758175
0.05808920558482743
0.07406772344118027
0.09387647818936011
0.11827114841381958
0.14811364582872558
0.18437649883181734
0.2281446497045244
0.2806139429815899
0.34308555800831053
0.4169556479534596
0.5036994980968228
0.6048496146577478
0.7219673067214563
0.8566075305211287
1.0102770269329768
1.1843860953333059
1.3801947016043563
1.5987540023562146
1.8408447643772052
2.1069145471102395
2.397015872708435
2.7107479072098193
3.0472043914875178
3.4049306671926916
3.7818926195764524
4.175460189824821
4.582407785467943
4.998933438282164
5.420697934347588
5.842884390166327
6.260277901491856
6.667363986135461
7.058443623944008
7.427761816425141
7.769645796746874
8.078648367873914
8.349691376956976
8.578204083697543
8.76025117371903
8.892645415757375
8.973040459530356
9.0
8.973040459530356
8.892645415757375
8.76025117371903
8.578204083697543
8.349691376956976
8.078648367873914
7.769645796746874
7.427761816425141
7.058443623944008
6.667363986135461
6.260277901491856
5.842884390166327
5.420697934347588
4.998933438282164
4.582407785467943
4.175460189824821
3.7818926195764524
3.4049306671926916
3.0472043914875178
2.7107479072098193
2.397015872708435
2.1069145471102395
1.8408447643772052
1.5987540023562146
1.3801947016043563
1.1843860953333059
1.0102770269329768
0.8566075305211287
0.7219673067214563
0.6048496146577478
0.5036994980968228
0.4169556479534596
0.34308555800831053
0.2806139429815899
0.2281446497045244
0.18437649883181734
0.14811364582872558
0.11827114841381958
0.09387647818936011
0.07406772344118027
0.05808920558482743
0.045285181343758175
0.03509223413643756
0.027030878381962796
0.020696815675124425
0.015752197137222677
0.011917165697618791
0.00896187847569532
0.00669914466507512
0.004977759331330503
0.0036765685440704465
0.0026992659247399783
0.0019698942405688142
0.0014290070841001849
0.0010304337770144969
0.0007385842184152723
0.0005262282927951396
0.0003726855875281304
0.00026236459891594105
0.0001835955307005473
0.00012770656040636736
8.82995609461697e-05
6.068734156025246e-05
4.14602499337753e-05
2.8155286523459476e-05
1.9005627799859606e-05
1.2752599527090334e-05
8.505688162734005e-06
5.639160096163649e-06
3.716324474285938e-06
2.434484756815184e-06
1.585238921840081e-06
1.026069142983962e-06
6.601654030354444e-07
4.222047619650976e-07
2.684032232846365e-07
1.6960808857372521e-07
1.0653679455727081e-07
6.651918579738276e-08
4.128463571982771e-08
2.546972302267455e-08
1.561903580514667e-08
9.520909826836785e-09
5.768951881017134e-09
3.4746383938644633e-09
2.0802548583967414e-09
1.2379916311733257e-09
7.323405904618054e-10
4.30628467189786e-10
2.5170196103342343e-10
1.4623950067299006e-10
8.445726723609388e-11
4.84845743766961e-11
2.7667147355279515e-11
1.5693485552198546e-11
8.848480003613028e-12
4.95920622806083e-12
2.7628028595881263e-12
1.5299662758981215e-12
8.421860671956158e-13
4.608169867213818e-13
2.5063582076397127e-13
1.3550397453441854e-13
