#2021-03-09 16:12:06
0.00000,0.00095
0.00997,-0.00029
0.01995,0.00036
0.02994,-0.00185
0.03990,-0.00310
0.04988,-0.00319
0.05987,-0.00061
0.06981,-0.00114
0.07977,-0.00194
0.08975,-0.00239
0.09973,0.00342
0.10968,0.00879
0.11964,0.00223
0.12964,0.00194
0.13960,-0.00297
0.14958,-0.00596
0.15956,-0.00154
0.16953,-0.00355
0.17952,-0.00649
0.18949,-0.00034
0.19948,-0.00066
0.20945,0.00639
0.21943,0.00572
0.22940,0.00042
0.23939,-0.00311
0.24939,0.00021
0.25936,-0.00014
0.26934,-0.00209
0.27927,0.00009
0.28926,-0.00195
0.29924,0.00085
0.30921,0.00669
0.31918,0.00229
0.32915,-0.00528
0.33913,-0.00016
0.34907,-0.00137
0.35902,0.00009
0.36900,0.00064
0.37898,-0.00049
0.38896,0.00163
0.39889,-0.00125
0.40889,0.00465
0.41885,0.00004
0.42884,-0.00305
0.43881,-0.00255
0.44879,-0.00109
0.45879,0.00104
0.46877,0.00224
0.47875,0.00491
0.48873,-0.00641
0.49870,-0.00221
0.50868,0.00249
0.51866,0.00404
0.52863,0.00175
0.53861,0.00117
0.54861,-0.00047
0.55859,0.00188
0.56857,0.00438
0.57855,-0.00321
0.58853,-0.00267
0.59850,-0.00424
0.60846,0.00057
0.61844,-0.00015
0.62839,0.00304
0.63838,0.00193
0.64835,-0.00099
0.65829,-0.00043
0.66827,0.00395
0.67826,-0.00407
0.68823,-0.00644
0.69821,-0.00266
0.70814,-0.00004
0.71814,0.00038
0.72814,0.00282
0.73814,-0.00235
0.74813,-0.00024
0.75812,0.00288
0.76809,0.00307
0.77807,-0.00204
0.78805,-0.00070
0.79802,-0.00449
0.80800,-0.00284
0.81797,0.00340
0.82798,-0.00279
0.83796,-0.00112
0.84789,0.00038
0.85789,-0.00162
0.86788,0.00282
0.87787,-0.00274
0.88784,-0.00174
0.89778,0.00132
0.90773,0.00226
0.91772,0.00473
0.92769,0.00215
0.93767,-0.00206
0.94764,0.00229
0.95762,-0.00518
0.96760,0.00303
0.97761,0.00087
0.98758,-0.00412
0.99756,-0.00059
1.00754,0.00346
1.01752,0.00340
1.02749,-0.00044
1.03747,0.00076
1.04745,-0.00516
1.05743,-0.00715
1.06743,0.00560
1.07744,0.00044
1.08741,0.00424
1.09739,0.00061
1.10737,0.00103
1.11734,0.00146
1.12732,-0.00280
1.13727,-0.00659
1.14723,-0.00393
1.15718,-0.00072
1.16717,0.00120
1.17715,0.00038
1.18715,-0.00178
1.19713,0.00060
1.20706,0.00067
1.21706,0.00370
1.22703,-0.00022
1.23702,-0.00451
1.24700,-0.00232
1.25699,-0.00267
1.26697,0.00584
1.27694,-0.00160
1.28692,-0.00220
1.29690,-0.00187
1.30687,-0.00435
1.31685,0.00365
1.32683,0.00204
1.33680,0.00372
1.34678,0.00034
1.35675,0.00194
1.36673,0.00307
1.37672,0.00009
1.38672,-0.00251
1.39670,-0.00565
1.40668,0.00063
1.41665,0.00311
1.42663,0.00225
1.43660,-0.00022
1.44658,-0.00002
1.45655,0.00188
1.46653,0.00087
1.47654,-0.00351
1.48649,-0.00303
1.49647,-0.00175
1.50645,-0.00114
1.51642,0.00521
1.52640,0.00289
1.53637,0.00035
1.54634,0.00229
1.55636,-0.00336
1.56633,0.00400
1.57631,0.00426
1.58628,0.00065
1.59626,0.00193
1.60624,0.00314
1.61623,0.00035
1.62620,0.00041
1.63618,0.00294
1.64612,-0.00176
1.65611,0.00163
1.66610,0.00039
1.67605,-0.00051
1.68602,0.00154
1.69601,-0.00048
1.70598,-0.00138
1.71592,-0.00038
1.72591,0.00232
1.73589,-0.00487
1.74579,0.00220
1.75576,0.00043
1.76570,0.00399
1.77568,0.00399
1.78566,0.00031
1.79561,-0.00152
1.80560,-0.00325
1.81556,0.00300
1.82554,0.00079
1.83552,0.00305
1.84544,-0.00132
1.85541,0.00414
1.86540,0.00136
1.87537,0.00117
1.88535,0.00105
1.89532,-0.00389
1.90530,-0.00045
1.91528,-0.00186
1.92525,0.00831
1.93523,0.00046
1.94521,-0.00003
1.95518,-0.00102
1.96517,-0.00429
1.97513,0.00623
1.98513,-0.00175
1.99510,0.00908
2.00508,0.01003
2.01506,0.01793
2.02503,0.01593
2.03501,0.01059
2.04499,0.01322
2.05499,0.00469
2.06497,0.00173
2.07495,-0.00930
2.08493,-0.00396
2.09490,0.00076
2.10488,0.00466
2.11481,0.00535
2.12478,0.00936
2.13476,0.00779
2.14475,0.00669
2.15475,0.00482
2.16475,-0.00175
2.17475,-0.00188
2.18475,-0.00880
2.19475,-0.00458
2.20475,0.00076
2.21474,0.00567
2.22472,0.01126
2.23468,0.00701
2.24466,-0.00156
2.25464,-0.00776
2.26461,-0.00534
2.27459,-0.00539
2.28457,0.00195
2.29455,-0.00049
2.30452,0.00057
2.31450,0.00258
2.32448,0.00326
2.33446,0.00274
2.34443,-0.00431
2.35440,-0.00905
2.36441,-0.00996
2.37440,0.00152
2.38438,0.00276
2.39437,0.00278
2.40432,0.00572
2.41431,0.00560
2.42429,0.00168
2.43426,-0.00287
2.44424,-0.00444
2.45422,-0.00799
2.46419,-0.00119
2.47417,0.00845
2.48415,0.00361
2.49412,0.00274
2.50409,0.00145
2.51409,0.00111
2.52408,0.00068
2.53408,-0.00374
2.54405,-0.00102
2.55403,-0.00500
2.56401,0.00292
2.57398,0.00609
2.58399,0.00728
2.59397,0.00473
2.60394,-0.00090
2.61392,-0.00372
2.62390,-0.00056
2.63387,0.00043
2.64387,-0.00535
2.65386,-0.00126
2.66384,0.00106
2.67382,0.00620
2.68381,0.00224
2.69381,-0.00437
2.70379,-0.00489
2.71375,-0.00583
2.72374,0.00434
2.73372,0.00488
2.74370,-0.24870
2.75367,-0.03254
2.76366,0.05997
2.77363,0.00063
2.78362,0.04260
2.79361,0.04338
2.80360,-0.03624
2.81355,-0.01251
2.82352,-0.02852
2.83350,0.02264
2.84349,0.04424
2.85348,-0.01513
2.86343,0.00663
2.87342,0.00361
2.88342,-0.08603
2.89340,0.02691
2.90340,0.06387
2.91340,0.03659
2.92338,0.02882
2.93335,-0.02330
2.94333,0.02573
2.95330,-0.03066
2.96328,-0.02618
2.97326,-0.00565
2.98324,-0.02089
2.99324,-0.00933
3.00321,0.00236
3.01321,-0.12174
3.02321,0.00873
3.03319,0.04476
3.04315,-0.01968
3.05314,0.02993
3.06312,-0.00359
3.07310,0.02223
3.08309,-0.02103
3.09307,-0.00438
3.10305,-0.01132
3.11303,-0.00387
3.12297,-0.00854
3.13294,0.00257
3.14291,-0.00221
3.15286,0.00287
3.16282,0.00468
3.17276,-0.00256
3.18276,-0.01096
3.19274,-0.01389
3.20268,-0.01944
3.21266,-0.02167
3.22265,-0.01127
3.23263,-0.01144
3.24261,0.00008
3.25259,0.00692
3.26253,0.01329
3.27249,0.01399
3.28249,-0.00070
3.29247,0.00281
3.30243,0.00389
3.31241,0.00846
3.32239,-0.00533
3.33236,0.00841
3.34234,-0.02512
3.35232,-0.02060
3.36230,0.00113
3.37227,-0.00062
3.38225,0.00695
3.39223,0.00276
3.40221,-0.00348
3.41218,0.00161
3.42216,-0.00001
3.43214,-0.00819
3.44211,-0.02107
3.45209,-0.02093
3.46206,-0.02481
3.47204,-0.02422
3.48203,-0.02548
3.49201,-0.02999
3.50200,-0.03267
3.51197,-0.04001
3.52195,-0.06326
3.53192,-0.07738
3.54186,-0.07372
3.55181,-0.06413
3.56179,-0.06513
3.57179,-0.06654
3.58177,-0.07143
3.59174,-0.07938
3.60171,-0.09506
3.61169,-0.12603
3.62167,-0.23185
3.63164,-10.88198
3.64162,-53.83813
3.65161,-91.91668
3.66160,-121.54158
3.67158,-140.72468
3.68157,-151.72388
3.69155,-155.82007
3.70152,-155.19561
3.71150,-149.53665
3.72149,-142.27341
3.73147,-134.05425
3.74143,-125.00783
3.75141,-116.29548
3.76139,-109.32788
3.77137,-103.11802
3.78136,-94.67419
3.79136,-85.88155
3.80132,-79.43411
3.81130,-75.99706
3.82128,-74.23947
3.83125,-75.10740
3.84125,-77.63188
3.85122,-78.55053
3.86118,-77.27877
3.87117,-75.00603
3.88112,-71.94201
3.89110,-66.77214
3.90106,-62.51847
3.91104,-59.86006
3.92103,-56.96419
3.93103,-54.85031
3.94101,-52.92938
3.95097,-50.05933
3.96095,-46.89877
3.97093,-42.63239
3.98087,-35.69787
3.99083,-26.07885
4.00079,-16.13210
4.01077,-8.24539
4.02075,-2.03635
4.03069,0.06680
4.04067,0.17613
4.05065,0.29957
4.06063,0.14064
4.07060,0.00428
4.08054,-0.00794
4.09053,0.02162
4.10049,-0.01375
4.11046,0.00977
4.12044,0.00213
4.13042,0.00578
4.14040,0.00824
4.15038,0.00982
4.16034,0.00555
4.17032,-0.00276
4.18027,0.00476
4.19026,0.00254
4.20024,0.00360
4.21023,0.00558
4.22022,-0.00299
4.23018,0.00173
4.24016,0.05733
4.25013,0.12672
4.26010,0.06949
4.27008,0.11945
4.28009,0.15283
4.29008,0.19270
4.30005,0.24778
4.31003,0.42508
4.32002,2.62453
4.32997,10.32618
4.33994,23.01876
4.34991,39.20636
4.35987,56.48325
4.36983,73.43131
4.37978,88.54132
4.38977,101.51105
4.39976,114.65675
4.40973,123.35813
4.41970,129.75661
4.42969,131.49262
4.43962,129.72284
4.44958,123.78241
4.45954,114.04697
4.46953,103.87581
4.47952,92.51291
4.48947,80.90440
4.49944,71.70764
4.50940,65.78322
4.51939,63.90837
4.52936,65.78120
4.53937,66.65068
4.54939,67.59175
4.55937,67.58850
4.56936,66.05189
4.57936,64.05715
4.58934,59.41156
4.59933,53.11742
4.60932,45.24746
4.61931,36.02842
4.62932,24.67691
4.63931,14.19816
4.64930,4.98700
4.65929,0.50315
4.66927,0.11645
4.67921,0.20636
4.68916,1.28444
4.69909,12.05461
4.70905,29.96318
4.71902,48.28329
4.72902,63.21574
4.73899,75.64825
4.74897,86.33894
4.75893,94.04101
4.76889,98.91459
4.77882,98.21356
4.78878,93.81511
4.79877,85.19115
4.80876,72.71460
4.81874,58.98428
4.82873,47.91909
4.83871,37.44448
4.84869,28.40575
4.85866,20.10391
4.86863,11.60331
4.87860,3.76950
4.88857,0.09798
4.89854,-0.09471
4.90852,-0.16064
4.91842,-0.17638
4.92840,-0.20335
4.93833,-0.20509
4.94829,-0.19926
4.95825,-0.15667
4.96822,-0.06495
4.97819,-0.04444
4.98815,-0.12960
4.99813,-0.18648
5.00809,0.30740
5.01809,-0.12227
5.02804,-0.22456
5.03804,-0.03556
5.04799,-0.05042
5.05798,-0.00369
5.06797,0.00238
5.07793,-0.00039
5.08791,0.01838
5.09789,0.02026
5.10786,0.02299
5.11783,0.01889
5.12781,0.00830
5.13778,0.00306
5.14774,-0.00207
5.15771,0.00527
5.16771,-0.00221
5.17768,-0.00080
5.18766,-0.00065
5.19764,0.00395
5.20763,0.00273
5.21760,-0.00045
5.22759,-0.00064
5.23757,-0.00519
5.24754,-0.00418
5.25753,-0.00323
5.26752,-0.00094
5.27752,-0.00071
5.28750,0.00506
5.29748,0.00801
5.30745,0.00738
5.31744,0.00138
5.32740,-0.00771
5.33736,-0.01013
5.34736,-0.00493
5.35735,-0.00411
5.36732,-0.00072
5.37729,0.00747
5.38727,0.00424
5.39727,0.00645
5.40724,0.00856
5.41717,-0.00204
5.42718,-0.00704
5.43715,-0.00974
5.44712,-0.00176
5.45711,-0.00469
5.46706,0.00011
5.47702,0.00211
5.48702,0.00971
5.49700,0.00935
5.50698,0.00686
5.51696,0.00188
5.52693,-0.00828
5.53692,-0.00475
5.54691,-0.00267
5.55689,-0.00061
5.56686,0.00039
5.57682,0.00456
5.58677,0.00231
5.59669,0.00536
5.60667,0.00677
5.61664,-0.00211
5.62661,0.00027
5.63660,-0.00341
5.64654,0.00018
5.65653,-0.00072
5.66649,-0.02842
5.67649,-0.02871
5.68648,-0.01726
5.69646,0.00486
5.70644,0.01666
5.71641,0.01856
5.72638,0.01730
5.73636,0.01510
5.74633,0.01527
5.75632,0.00167
5.76631,-0.01465
5.77629,-0.02504
5.78628,-0.02492
5.79626,-0.01433
5.80625,-0.00408
5.81615,0.01363
5.82611,0.00737
5.83609,-0.00006
5.84608,-0.00921
5.85606,-0.00537
5.86605,-0.00975
5.87603,-0.00745
5.88602,-0.01181
5.89601,-0.00703
5.90598,0.00088
5.91598,0.00023
5.92596,-0.00148
5.93591,-0.01183
5.94588,-0.00423
5.95586,-0.00191
5.96585,0.00020
5.97584,0.00633
5.98578,0.00280
5.99574,0.00506
6.00573,0.00782
6.01572,-0.00009
6.02571,-0.00925
6.03565,-0.00443
6.04561,-0.00192
6.05560,0.00146
6.06559,0.00231
6.07558,0.00431
6.08556,0.00135
6.09555,-0.00418
6.10553,0.00032
6.11552,-0.00040
6.12551,0.00236
6.13548,0.00237
6.14544,-0.00030
6.15543,0.00667
6.16542,0.00248
6.17540,0.00295
6.18536,-0.00384
6.19532,-0.00479
6.20530,-0.00482
6.21528,-0.00739
6.22525,-0.00229
6.23525,-0.00217
6.24524,0.00303
6.25520,0.00399
6.26519,0.01273
6.27517,0.00783
6.28516,0.00043
6.29515,-0.00287
6.30513,-0.00482
6.31511,-0.00347
6.32506,-0.00836
6.33503,-0.00140
6.34502,0.00316
6.35501,0.00664
6.36499,0.00625
6.37497,0.00249
6.38493,0.00249
6.39492,-0.00645
6.40490,0.00390
6.41488,0.00181
6.42487,0.00324
6.43486,0.00322
6.44484,0.00261
6.45483,0.00437
6.46481,0.00134
6.47481,-0.00502
6.48480,-0.00434
6.49474,-0.00405
6.50472,-0.00273
6.51469,0.00401
6.52468,0.00243
6.53466,-0.00122
6.54460,-0.00133
6.55457,0.00159
6.56456,0.00453
6.57454,-0.00529
6.58454,-0.00315
6.59454,-0.00674
6.60450,-0.00146
6.61449,-0.00326
6.62447,-0.00136
6.63446,0.00041
6.64444,-0.00052
6.65441,0.00294
6.66440,0.00694
6.67442,0.00548
6.68441,-0.00053
6.69439,0.00028
6.70434,-0.00080
6.71435,-0.00229
6.72434,-0.00098
6.73434,-0.00333
6.74431,-0.00475
6.75430,-0.00157
6.76424,0.00310
6.77422,0.00124
6.78419,0.00290
6.79414,0.00019
6.80413,-0.00118
6.81412,0.00150
6.82410,-0.00330
6.83409,-0.00593
6.84405,-0.00931
6.85403,0.00010
6.86403,0.00019
6.87401,0.00177
6.88399,0.00654
6.89397,-0.00237
6.90393,0.00474
6.91392,-0.00008
6.92386,0.00185
6.93385,-0.00844
6.94376,-0.00597
6.95371,-0.00267
6.96370,0.00216
6.97368,0.00532
6.98363,0.00042
6.99360,0.00148
7.00360,-0.00030
7.01358,0.00353
7.02357,-0.00574
7.03355,-0.00036
7.04354,-0.00000
7.05352,0.00029
7.06349,0.00089
7.07349,0.00025
7.08347,0.00234
7.09346,-0.00227
7.10346,0.00575
7.11343,0.00475
7.12342,-0.00060
7.13340,0.00381
7.14338,-0.00741
7.15333,0.00445
7.16331,-0.00131
7.17330,0.00185
7.18329,-0.00430
7.19327,-0.00291
7.20326,0.00552
7.21321,0.00761
7.22316,0.00371
7.23313,0.00102
7.24310,-0.00137
7.25309,-0.00212
7.26309,-0.00053
7.27308,-0.00348
7.28306,-0.00536
7.29305,-0.00578
7.30303,0.00325
7.31303,0.00804
7.32303,-0.00124
7.33300,0.00261
7.34296,-0.00427
7.35293,0.00662
7.36291,0.00044
7.37290,0.00024
7.38288,-0.00149
7.39282,-0.00292
7.40278,0.00339
7.41273,0.00223
7.42272,0.00584
7.43270,-0.00253
7.44267,-0.00113
7.45267,0.00185
7.46262,-0.00001
7.47261,0.00519
7.48259,0.00226
7.49257,0.00076
7.50256,-0.00342
7.51253,0.00324
7.52252,0.00467
7.53250,-0.00236
7.54244,0.00120
7.55240,0.00283
7.56238,0.00397
7.57237,-0.00104
7.58234,-0.00031
7.59230,-0.00301
7.60227,-0.00289
7.61225,-0.00158
7.62219,-0.00019
7.63217,0.00526
7.64215,0.00799
7.65213,0.01138
7.66212,0.01009
7.67207,0.03127
7.68203,0.01682
7.69202,-0.00449
7.70200,-0.00324
7.71198,-0.00459
7.72193,-0.00523
7.73192,-0.00469
7.74192,-0.01185
7.75189,-0.01017
7.76187,0.00514
7.77187,0.01787
7.78185,0.02021
7.79185,0.01629
7.80182,0.00063
7.81180,-0.00737
7.82175,-0.01718
7.83174,-0.00762
7.84168,-0.00495
7.85168,-0.00034
7.86167,0.01108
7.87165,0.00830
7.88163,0.00799
7.89163,-0.00299
7.90162,0.00179
7.91160,-0.00245
7.92158,-0.00133
7.93154,0.00168
7.94153,0.00265
7.95151,0.00317
7.96147,0.00152
7.97146,-0.00034
7.98144,-0.00458
7.99143,-0.00329
8.00141,-0.00658
8.01139,0.00297
8.02137,0.00968
8.03135,0.00649
8.04134,0.00649
8.05131,-0.00291
8.06129,-0.00388
8.07128,-0.00854
8.08126,-0.00801
8.09124,-0.00741
8.10123,-0.00032
8.11120,0.00892
8.12118,0.00904
8.13117,0.00216
8.14115,0.00006
8.15113,-0.00335
8.16111,-0.00489
8.17109,-0.00608
8.18107,-0.01032
8.19105,-0.00660
8.20103,-0.00065
8.21101,0.00757
8.22100,0.01087
8.23097,0.00689
8.24096,0.00573
8.25096,0.00294
8.26094,-0.00157
8.27095,-0.00408
8.28095,-0.00757
8.29092,-0.00040
8.30091,0.00064
8.31089,0.00422
8.32087,0.00093
8.33085,0.00089
8.34082,0.00168
8.35084,-0.00189
8.36082,0.00167
8.37080,-0.00463
8.38078,0.00126
8.39077,-0.00085
8.40077,0.00073
8.41075,0.00422
8.42073,0.00278
8.43071,-0.00124
8.44069,-0.00347
8.45067,-0.00181
8.46066,-0.00344
8.47063,0.00215
8.48062,-0.00188
8.49060,-0.00105
8.50058,0.00126
8.51056,-0.00098
8.52054,0.00175
8.53053,-0.00087
8.54050,0.00267
8.55048,-0.00197
8.56046,0.00011
8.57045,-0.00157
8.58043,-0.00184
8.59040,0.00208
8.60035,-0.00456
8.61031,-0.00074
8.62030,-0.00100
8.63028,0.00016
8.64026,-0.00153
8.65022,0.00071
8.66019,0.00473
8.67017,0.00384
8.68015,-0.00145
8.69013,-0.00458
8.70011,-0.00462
8.71009,-0.00556
8.72007,0.00209
8.73005,0.00171
8.74003,0.00297
8.75001,0.00058
8.76001,0.00430
8.76999,0.00877
8.77998,-0.00086
8.78997,0.00123
8.79996,-0.00797
8.80991,-0.00064
8.81987,0.00244
8.82984,-0.00072
8.83980,0.00550
8.84978,-0.00033
8.85977,0.00314
8.86975,0.00276
8.87973,0.00385
8.88968,-0.00260
8.89966,-0.00471
8.90965,0.00227
8.91964,-0.00514
8.92964,0.00107
8.93962,-0.00551
8.94960,0.00053
8.95958,0.00022
8.96956,0.00275
8.97954,0.00317
8.98952,0.00032
8.99950,-0.00031
9.00945,-0.00050
9.01944,0.00500
9.02942,-0.00372
9.03940,-0.00146
9.04938,-0.00789
9.05936,-0.00295
9.06934,0.00179
9.07932,0.00388
9.08930,0.01227
9.09928,0.00581
9.10923,0.00764
9.11922,0.00316
9.12919,0.00467
9.13918,0.00010
9.14918,-0.01263
9.15916,-0.00417
9.16913,-0.00947
9.17911,-0.00197
9.18909,-0.00257
9.19908,0.00341
9.20905,0.00164
9.21904,0.00698
9.22902,0.00030
9.23899,-0.00255
9.24898,-0.00535
9.25896,-0.00288
9.26894,0.00296
9.27894,-0.00042
9.28892,0.00553
9.29891,0.00506
9.30889,-0.00068
9.31887,0.00768
9.32886,0.00263
9.33883,0.00213
9.34881,-0.00364
9.35879,-0.00325
9.36877,-0.00432
9.37876,0.00342
9.38876,0.00628
9.39872,-0.01016
9.40870,-0.03694
9.41868,-0.02238
9.42867,-0.00524
9.43865,0.02026
9.44863,0.02536
9.45862,0.01429
9.46859,0.01318
9.47858,0.02273
9.48856,0.00498
9.49854,-0.01765
9.50854,-0.03519
9.51852,-0.03149
9.52850,-0.02514
9.53848,-0.00484
9.54846,0.01613
9.55845,0.02181
9.56843,0.01520
9.57841,-0.01506
9.58839,-0.01524
9.59839,-0.02095
9.60839,-0.02118
9.61833,-0.01205
9.62831,0.00227
9.63827,0.01590
9.64820,0.01434
9.65815,0.01800
9.66808,0.01125
9.67806,0.00656
9.68804,-0.00963
9.69801,-0.00582
9.70800,-0.00420
9.71795,0.00762
9.72794,0.01463
9.73792,0.00560
9.74790,0.00670
9.75789,-0.01095
9.76787,-0.00797
9.77785,-0.01085
9.78781,-0.00198
9.79778,0.00178
9.80776,0.00711
9.81771,0.01377
9.82770,0.01189
9.83768,0.00936
9.84766,-0.01321
9.85764,-0.01084
9.86762,-0.01554
9.87761,-0.01020
9.88759,-0.00264
9.89758,0.00589
9.90758,0.01148
9.91756,0.01089
9.92754,0.01514
9.93751,-0.00234
9.94750,-0.00666
9.95748,-0.01797
9.96747,-0.01107
9.97745,-0.00214
9.98743,0.00310
9.99741,0.01228
10.00739,0.00726
10.01738,0.01288
10.02736,0.00686
10.03734,-0.00057
10.04732,-0.00951
10.05726,-0.01070
10.06724,-0.00339
10.07723,-0.00130
10.08721,0.00300
10.09719,0.00513
10.10713,0.00320
10.11709,0.00849
10.12708,0.00204
10.13707,-0.00345
10.14703,-0.00634
10.15700,-0.00258
10.16699,-0.00750
10.17697,0.00642
10.18695,0.01028
10.19693,0.00202
10.20691,0.00272
10.21689,-0.00249
10.22687,-0.00005
10.23687,-0.00538
10.24686,0.00153
10.25686,-0.00588
10.26686,0.00210
10.27684,0.00210
10.28682,-0.00003
10.29680,-0.00105
10.30678,-0.00315
10.31672,-0.00160
10.32668,-0.00047
10.33664,0.00418
10.34660,-0.00053
10.35656,-0.00028
10.36655,-0.00003
10.37652,0.00215
10.38650,-0.00108
10.39651,-0.00888
10.40649,-0.00606
10.41648,-0.01349
10.42645,-0.00027
10.43643,0.00168
10.44641,-0.00040
10.45639,0.00456
10.46637,0.00574
10.47634,0.00763
10.48633,-0.00407
10.49630,-0.00380
10.50628,-0.00441
10.51627,0.00048
10.52627,0.00493
10.53624,0.00567
10.54623,0.00592
10.55621,-0.00127
10.56619,-0.00039
10.57616,-0.00673
10.58615,-0.00617
10.59612,-0.00783
10.60610,-0.00194
10.61608,0.00586
10.62606,0.02124
10.63604,0.02235
10.64601,0.01090
10.65600,0.00628
10.66597,-0.00625
10.67591,-0.01467
10.68587,-0.01608
10.69585,-0.01166
10.70583,-0.00851
10.71581,0.00009
10.72575,0.01697
10.73573,0.01349
10.74571,0.01405
10.75569,0.00583
10.76567,-0.00496
10.77561,-0.00256
10.78552,-0.00760
10.79550,-0.00570
10.80544,-0.00545
10.81540,0.00289
10.82536,0.00997
10.83536,0.00875
10.84533,0.00687
10.85531,0.00520
10.86529,-0.00017
10.87526,-0.00430
10.88525,-0.00083
10.89522,-0.00417
10.90519,-0.00351
10.91516,-0.00623
10.92512,-0.00439
10.93511,0.00071
10.94509,0.00126
10.95507,0.00238
10.96504,0.00197
10.97502,0.00566
10.98500,0.00417
10.99498,-0.00129
11.00495,-0.00124
11.01493,-0.00432
11.02487,-0.00454
11.03482,-0.00796
11.04481,-0.00045
11.05479,-0.00230
11.06480,0.00238
11.07477,0.00861
11.08475,0.01016
11.09473,-0.00240
11.10470,0.00299
11.11464,-0.00086
11.12463,-0.01806
11.13461,-0.00971
11.14455,0.01308
11.15454,0.01139
11.16452,0.00110
11.17450,0.00621
11.18448,0.01167
11.19442,0.00226
11.20440,-0.00111
11.21438,-0.01364
11.22436,-0.01229
11.23434,-0.01393
11.24431,-0.01167
11.25429,-0.00654
11.26427,-0.00418
11.27428,0.00756
11.28425,0.01250
11.29422,0.01564
11.30422,0.01011
11.31420,0.00260
11.32418,-0.00565
11.33417,-0.00739
11.34414,-0.00772
11.35412,-0.01240
11.36409,-0.00467
11.37407,-0.00059
11.38405,0.00693
11.39402,0.00985
11.40400,0.00589
11.41399,0.00111
11.42396,-0.00322
11.43394,0.00145
11.44391,-0.00467
11.45389,0.00094
11.46387,-0.00574
11.47385,-0.00659
11.48382,0.00742
11.49380,0.00992
11.50377,0.00684
11.51375,0.00497
11.52374,0.00436
11.53370,-0.00810
11.54368,-0.00034
11.55368,-0.00373
11.56367,-0.00780
11.57365,-0.00846
11.58365,-0.00803
11.59363,0.00168
11.60361,0.00401
11.61359,0.01188
11.62356,0.00580
11.63356,0.01053
11.64354,0.00692
11.65352,0.00044
11.66350,-0.00747
11.67349,-0.01023
11.68346,-0.00492
11.69344,-0.00615
11.70342,-0.00629
11.71340,-0.00053
11.72337,0.00029
11.73331,0.00993
11.74329,0.01014
11.75327,0.00863
11.76325,-0.00022
11.77318,0.00219
11.78317,0.00047
11.79316,0.00121
11.80312,-0.00441
11.81307,-0.00162
11.82303,-0.00271
11.83299,0.00188
11.84297,0.00286
11.85295,-0.00375
11.86289,0.00530
11.87288,-0.00592
11.88286,-0.00439
11.89283,-0.00226
11.90281,-0.00405
11.91275,-0.00308
11.92273,-0.00621
11.93272,0.00121
11.94271,-0.00038
11.95269,0.00682
11.96267,0.00276
11.97268,0.00782
11.98268,0.01026
11.99269,0.00702
12.00267,-0.00087
12.01264,-0.00978
12.02262,-0.01788
12.03259,-0.01266
12.04260,-0.01045
12.05257,0.00286
12.06255,0.01026
12.07254,0.01853
12.08250,0.01292
12.09248,0.01695
12.10246,0.00935
12.11243,0.00382
12.12241,-0.00604
12.13239,-0.00780
12.14239,-0.00452
12.15236,-0.00186
12.16234,-0.00012
12.17235,-0.00355
12.18233,0.00296
12.19230,0.00231
12.20228,0.00365
12.21226,0.00319
12.22223,-0.00124
12.23221,0.00045
12.24214,0.00205
12.25213,0.00087
12.26211,-0.00635
12.27209,-0.00581
12.28206,-0.00554
12.29200,0.00506
12.30199,0.00307
12.31199,0.00481
12.32197,0.00436
12.33195,0.00035
12.34192,0.00600
12.35189,-0.00122
12.36182,-0.00359
12.37175,-0.01112
12.38171,-0.00926
12.39169,0.00174
12.40166,0.00664
12.41164,0.00660
12.42157,0.00094
12.43154,0.00666
12.44151,0.00443
12.45149,0.00012
12.46148,-0.00631
12.47146,-0.00815
12.48143,-0.00927
12.49141,0.00027
12.50138,0.00507
12.51136,0.00737
12.52134,0.00610
12.53132,0.00075
12.54129,0.00556
12.55127,-0.00046
12.56124,-0.00604
12.57123,-0.00255
12.58120,-0.00213
12.59118,0.00728
12.60115,0.00313
12.61113,0.00687
12.62111,-0.00012
12.63111,-0.00215
12.64109,0.00040
12.65106,-0.00444
12.66104,-0.00707
12.67102,-0.00292
12.68099,0.00037
12.69097,-0.00034
12.70095,0.00722
12.71089,0.00120
12.72088,-0.00052
12.73087,0.00004
12.74086,-0.00035
12.75083,0.00276
12.76081,0.00124
12.77079,-0.00229
12.78076,-0.00898
12.79074,-0.00200
12.80072,0.00156
12.81071,-0.00354
12.82067,-0.00208
12.83064,-0.00615
12.84061,0.00554
12.85055,0.00166
12.86050,0.00916
12.87046,0.00158
12.88042,-0.00116
12.89038,0.00177
12.90035,0.00002
12.91035,-0.00175
12.92033,-0.00645
12.93031,-0.00349
12.94029,-0.00070
12.95026,-0.00109
12.96024,0.00231
12.97022,0.00131
12.98021,0.00272
12.99019,-0.00233
13.00018,0.01133
13.01015,0.01045
13.02013,0.01882
13.03010,0.03581
13.04008,0.03734
13.05006,0.02238
13.06004,-0.00823
13.07001,-0.01703
13.08001,-0.02376
13.08999,-0.02509
13.09997,-0.01626
13.10995,-0.00686
13.11994,0.00622
13.12993,0.02039
13.13990,0.02549
13.14989,0.02310
13.15988,0.00556
13.16986,-0.01362
13.17983,-0.02145
13.18980,-0.01977
13.19979,-0.00527
13.20974,0.00761
13.21972,0.01144
13.22969,0.01101
13.23967,0.01089
13.24965,0.00313
13.25964,-0.00757
13.26962,-0.01221
13.27960,-0.01733
13.28958,-0.01117
13.29955,-0.00349
13.30953,0.00513
13.31950,0.00812
13.32945,0.00165
13.33945,0.01395
13.34943,0.01411
13.35942,0.01723
13.36940,0.02096
13.37939,0.01562
13.38937,0.01194
13.39933,0.01140
13.40931,0.01387
13.41929,0.00986
13.42929,0.00909
13.43926,0.00339
13.44924,0.00543
13.45922,0.00515
13.46920,-0.00081
13.47920,0.00114
13.48917,-0.00299
13.49915,-0.00119
13.50913,0.00117
13.51910,-0.00249
13.52908,0.00505
13.53905,-0.00310
13.54904,0.00480
13.55900,-0.00200
13.56898,0.00229
13.57895,-0.00048
13.58893,0.00185
13.59891,0.00146
13.60888,0.00057
13.61887,-0.00500
13.62883,-0.00437
13.63881,-0.00321
13.64879,-0.00082
13.65879,0.00453
13.66877,0.00117
13.67874,0.00433
13.68868,0.00232
13.69867,0.00155
13.70864,0.00050
13.71856,-0.04358
13.72854,-0.06626
13.73852,-0.04276
13.74850,0.02939
13.75850,-0.01117
13.76849,0.02576
13.77847,0.02298
13.78846,-0.04305
13.79843,-0.01446
13.80843,0.03395
13.81842,0.12892
13.82840,0.07992
13.83836,0.01513
13.84830,0.03221
13.85828,0.00514
13.86826,-0.00106
13.87825,0.00432
13.88822,-0.00195
13.89821,-0.01027
13.90815,-0.01474
13.91815,-0.02168
13.92813,-0.00157
13.93812,0.00989
13.94810,0.00372
13.95808,0.01791
13.96807,0.00400
13.97806,0.01004
13.98804,-0.00237
13.99803,-0.00675
14.00801,-0.01236
14.01799,-0.02614
14.02797,-0.06261
14.03796,-0.13041
14.04794,-0.13479
14.05793,-0.17592
14.06790,-0.28378
14.07782,-7.10462
14.08783,-17.92051
14.09781,-27.14583
14.10780,-33.60631
14.11778,-39.43194
14.12783,-43.51851
14.13783,-47.44391
14.14782,-50.55229
14.15781,-52.04778
14.16779,-50.53507
14.17779,-48.82726
14.18774,-48.01995
14.19771,-48.08927
14.20767,-47.97340
14.21763,-46.99638
14.22762,-47.32015
14.23759,-51.17824
14.24755,-58.84623
14.25754,-68.09589
14.26752,-81.35844
14.27752,-96.21608
14.28749,-113.07981
14.29746,-126.45872
14.30743,-136.46543
14.31739,-139.67881
14.32737,-140.56886
14.33733,-139.97289
14.34730,-141.71651
14.35728,-144.77192
14.36724,-153.30322
14.37724,-162.33087
14.38723,-170.76822
14.39723,-169.80445
14.40724,-164.13796
14.41722,-155.71495
14.42719,-145.73392
14.43715,-132.98856
14.44712,-124.97434
14.45711,-124.47221
14.46708,-125.06077
14.47707,-133.84118
14.48705,-148.45787
14.49702,-168.43412
14.50697,-184.68048
14.51694,-196.07737
14.52696,-200.62692
14.53692,-198.36394
14.54693,-181.74118
14.55695,-157.91794
14.56691,-128.66242
14.57690,-105.64091
14.58685,-91.97635
14.59685,-88.05652
14.60687,-90.55985
14.61685,-92.91077
14.62683,-93.76162
14.63680,-89.99865
14.64677,-85.49994
14.65677,-77.37956
14.66677,-69.33147
14.67673,-63.76714
14.68671,-62.38679
14.69669,-62.38618
14.70666,-63.11587
14.71664,-68.37966
14.72661,-75.44850
14.73659,-76.40859
14.74657,-76.24618
14.75656,-72.74632
14.76654,-70.38554
14.77651,-68.98080
14.78649,-70.64043
14.79647,-70.92279
14.80644,-73.07213
14.81642,-76.75401
14.82642,-80.08694
14.83640,-79.43244
14.84638,-75.70905
14.85635,-70.85632
14.86634,-66.54573
14.87632,-59.65294
14.88631,-57.25926
14.89630,-60.56942
14.90627,-64.41760
14.91623,-69.74915
14.92620,-72.54083
14.93619,-68.06100
14.94618,-61.70078
14.95616,-55.44255
14.96611,-48.52303
14.97608,-36.78596
14.98602,-27.84164
14.99601,-19.95586
15.00601,-14.70017
15.01597,-9.47779
15.02595,-5.66533
15.03591,-3.48655
15.04588,-1.55318
15.05585,-0.02043
15.06583,0.04146
15.07581,0.09188
15.08580,0.11655
15.09580,0.16068
15.10579,0.11546
15.11576,0.06718
15.12575,0.05633
15.13573,0.04230
15.14572,0.04908
15.15571,0.04948
15.16570,0.04781
15.17569,0.00712
15.18568,-0.02369
15.19566,-0.02532
15.20562,-0.01738
15.21561,0.00276
15.22561,0.04523
15.23560,0.09699
15.24558,0.11065
15.25555,0.14360
15.26551,0.33564
15.27551,0.52104
15.28548,0.62258
15.29542,1.75386
15.30541,6.80191
15.31540,25.90576
15.32538,48.69844
15.33536,75.85847
15.34534,103.84035
15.35531,124.61080
15.36530,139.75809
15.37529,142.00372
15.38526,141.77198
15.39524,140.39710
15.40518,137.34697
15.41517,141.43088
15.42515,146.67237
15.43513,146.78437
15.44519,148.16064
15.45519,150.49825
15.46518,155.57947
15.47516,160.61666
15.48515,160.95362
15.49511,163.57319
15.50506,167.96895
15.51503,171.03280
15.52498,171.52932
15.53495,168.89410
15.54491,165.28191
15.55490,158.44022
15.56486,153.40342
15.57482,148.72833
15.58476,143.53436
15.59476,138.88553
15.60473,132.71468
15.61470,125.75558
15.62467,117.80977
15.63471,108.98705
15.64469,105.53167
15.65464,105.81842
15.66459,107.16897
15.67457,113.35070
15.68449,119.56008
15.69447,124.74230
15.70446,130.67176
15.71442,133.08378
15.72441,137.94773
15.73438,142.04580
15.74439,145.02324
15.75439,145.24151
15.76437,143.74551
15.77436,141.29851
15.78432,136.20222
15.79430,132.65725
15.80428,133.71431
15.81426,138.93940
15.82423,142.27382
15.83422,143.03847
15.84418,136.77621
15.85416,132.51280
15.86415,127.83713
15.87414,125.68087
15.88411,122.81944
15.89408,117.72886
15.90404,108.18460
15.91401,98.00002
15.92401,91.18541
15.93399,86.98446
15.94394,82.22353
15.95392,82.14245
15.96390,79.51641
15.97387,72.58630
15.98387,67.94958
15.99383,62.88031
16.00380,59.06831
16.01376,53.80371
16.02374,47.76091
16.03370,41.41577
16.04370,32.10488
16.05368,23.56040
16.06362,18.76274
16.07360,19.02671
16.08356,20.97557
16.09354,23.26296
16.10353,24.56470
16.11347,25.17577
16.12345,25.53146
16.13341,24.57441
16.14339,22.89558
16.15338,19.63011
16.16337,13.33814
16.17336,4.27349
16.18334,-5.33038
16.19331,-7.85941
16.20328,-8.44903
16.21326,-10.20921
16.22324,-12.44553
16.23321,-13.57080
16.24316,-13.32577
16.25314,-12.31666
16.26311,-10.59586
16.27310,-9.06203
16.28308,-8.55800
16.29303,-9.80686
16.30301,-12.48372
16.31297,-14.22349
16.32295,-15.33832
16.33293,-13.41866
16.34289,-10.09450
16.35287,-6.27945
16.36285,-2.70613
16.37282,0.44108
16.38280,2.17437
16.39278,2.56223
16.40276,0.95558
16.41274,0.14194
16.42272,0.02144
16.43268,-0.02773
16.44265,-0.07368
16.45263,-0.13924
16.46259,-0.17955
16.47256,-0.23237
16.48251,-0.19067
16.49253,-0.09162
16.50251,-0.41088
16.51250,0.37299
16.52248,-0.08265
16.53247,-0.19279
16.54246,-0.06261
16.55243,-0.01246
16.56238,0.03118
16.57235,0.03993
16.58235,0.01825
16.59234,0.00359
16.60233,0.00162
16.61232,-0.00169
16.62229,0.01223
16.63227,0.00279
16.64224,0.02005
16.65222,0.01192
16.66221,0.00609
16.67219,0.00323
16.68217,-0.00832
16.69216,-0.00549
16.70215,-0.01178
16.71213,-0.00590
16.72211,0.00161
16.73210,0.00489
16.74207,0.00802
16.75205,0.00243
16.76201,0.00533
16.77200,0.00460
16.78195,-0.00416
16.79192,-0.00787
16.80189,-0.00728
16.81189,-0.00196
16.82186,0.00041
16.83184,0.00335
16.84183,0.00419
16.85181,0.00347
16.86179,0.00243
16.87178,0.00361
16.88176,-0.00026
16.89173,-0.00498
16.90170,-0.00427
16.91168,-0.00148
16.92168,-0.00146
16.93168,0.00103
16.94167,-0.00453
16.95166,-0.00049
16.96164,0.00564
16.97162,0.00227
16.98161,0.00303
16.99158,0.00098
17.00156,0.00011
17.01155,0.00050
17.02153,-0.00025
17.03151,0.00146
17.04150,-0.00258
17.05147,-0.00155
17.06145,0.00140
17.07143,0.00381
17.08142,0.00384
17.09140,0.00160
17.10138,-0.00242
17.11132,-0.00302
17.12131,-0.00187
17.13129,-0.00190
17.14127,-0.00650
17.15121,0.00000
17.16119,-0.00391
17.17117,-0.00017
17.18111,0.00130
17.19110,-0.00737
17.20108,-0.01159
17.21107,-0.00012
17.22105,0.01506
17.23099,0.01858
17.24097,0.01221
17.25096,0.00683
17.26094,0.00074
17.27092,0.00074
17.28086,-0.00601
17.29086,-0.01405
17.30084,-0.01646
17.31082,-0.00307
17.32079,0.00867
17.33077,0.02006
17.34076,0.01371
17.35070,0.00492
17.36069,-0.00544
17.37067,-0.00705
17.38065,-0.00568
17.39063,-0.00658
17.40061,0.00005
17.41060,0.00498
17.42059,0.00615
17.43057,0.00278
17.44056,-0.00337
17.45054,-0.00569
17.46055,-0.00838
17.47053,-0.00226
17.48051,-0.00083
17.49049,-0.00126
17.50047,0.00853
17.51045,0.00927
17.52043,0.00882
17.53041,0.00047
17.54038,-0.00795
17.55039,-0.01327
17.56037,-0.01574
17.57038,-0.04547
17.58035,-0.04509
17.59034,-0.04458
17.60034,-0.00441
17.61032,0.00065
17.62033,-0.00285
17.63031,-0.00070
17.64029,0.01438
17.65027,0.00892
17.66027,-0.00927
17.67025,-0.02916
17.68023,-0.04203
17.69023,-0.03522
17.70020,-0.02383
17.71018,-0.00996
17.72016,0.00576
17.73014,0.00630
17.74012,0.00227
17.75010,0.00144
17.76008,-0.00410
17.77004,-0.00335
17.78001,-0.00324
17.78999,-0.01347
17.79998,-0.01235
17.80996,-0.00169
17.81993,-0.00185
17.82992,-0.00326
17.83989,-0.00619
17.84987,-0.00638
17.85985,-0.00333
17.86983,0.00291
17.87982,0.00662
17.88979,0.01044
17.89977,0.00296
17.90975,-0.00248
17.91974,-0.01150
17.92974,-0.01282
17.93974,-0.01421
17.94973,-0.01255
17.95971,0.00172
17.96970,0.00840
17.97969,0.00843
17.98968,0.00638
17.99967,0.00148
18.00965,-0.00853
18.01964,-0.01382
18.02962,-0.01510
18.03960,-0.01201
18.04961,-0.00944
18.05959,0.00609
18.06957,0.01143
18.07955,0.01182
18.08953,0.01016
18.09951,0.00457
18.10949,-0.00572
18.11947,-0.01070
18.12945,-0.01713
18.13943,-0.01368
18.14941,-0.00981
18.15939,-0.00231
18.16938,0.00538
18.17937,0.00805
18.18934,0.00545
18.19932,0.00242
18.20930,0.00397
18.21928,-0.00636
18.22926,-0.01066
18.23923,-0.00987
18.24919,-0.01192
18.25917,-0.00817
18.26915,-0.00573
18.27913,0.00025
18.28911,0.00176
18.29909,0.00857
18.30907,0.00953
18.31901,0.00406
18.32899,0.00994
18.33897,-0.00140
18.34896,-0.01112
18.35894,-0.01188
18.36891,-0.00825
18.37890,-0.00028
18.38888,-0.00008
18.39886,0.00385
18.40884,0.00165
18.41880,0.00552
18.42877,0.00378
18.43877,0.00393
18.44874,0.00136
18.45873,-0.00214
18.46872,-0.00427
18.47871,-0.00504
18.48869,-0.00476
18.49866,0.00130
18.50864,-0.00131
18.51862,0.00215
18.52860,0.00109
18.53858,0.00632
18.54856,0.00385
18.55857,0.00234
18.56857,0.00395
18.57854,-0.00243
18.58852,-0.00240
18.59850,-0.00605
18.60848,-0.00331
18.61846,0.00146
18.62844,0.00956
18.63842,0.01207
18.64840,0.00489
18.65838,-0.00210
18.66836,-0.00122
18.67834,-0.00185
18.68832,-0.00213
18.69826,-0.00435
18.70826,-0.00195
18.71825,0.00295
18.72823,0.00274
18.73818,0.00559
18.74816,-0.00204
18.75814,0.00141
18.76812,-0.00089
18.77810,-0.00008
18.78802,0.00341
18.79800,0.00002
18.80797,-0.00100
18.81797,-0.00356
18.82794,-0.00129
18.83792,-0.00234
18.84790,-0.00217
18.85788,-0.00854
18.86786,-0.00296
18.87784,0.00248
18.88782,0.00068
18.89776,0.00295
18.90774,0.00189
18.91773,0.00434
18.92771,-0.00176
18.93769,0.00316
18.94763,-0.00102
18.95761,-0.00367
18.96757,0.00135
18.97757,0.00274
18.98755,-0.00331
18.99754,-0.00230
19.00752,0.00064
19.01750,0.00087
19.02748,0.00217
19.03746,0.00582
19.04743,0.00088
19.05742,-0.00414
19.06736,-0.00558
19.07731,-0.00213
19.08727,0.00287
19.09725,0.00249
19.10723,0.00117
19.11713,0.00001
19.12710,-0.00271
19.13708,0.00253
19.14706,0.00054
19.15704,0.00272
19.16697,0.00185
19.17696,0.00098
19.18695,0.00140
19.19695,0.00517
19.20694,-0.00081
19.21692,-0.00021
19.22690,-0.00003
19.23687,0.00157
19.24685,-0.00355
19.25683,-0.00380
19.26681,-0.00058
19.27676,0.00076
19.28674,-0.00106
19.29675,0.00179
19.30673,0.00075
19.31673,0.00345
19.32673,0.00244
19.33670,0.00035
19.34669,0.00360
19.35666,0.00055
19.36664,0.00198
19.37662,0.00255
19.38660,-0.00469
19.39658,-0.00381
19.40656,-0.00179
19.41654,-0.00803
19.42651,-0.00009
19.43650,0.00529
19.44647,0.00149
19.45645,0.00060
19.46642,-0.00109
19.47640,-0.00363
19.48639,-0.00035
19.49638,0.00120
19.50636,-0.00812
19.51635,-0.00501
19.52634,-0.00023
19.53632,0.00187
19.54630,0.00480
19.55628,0.00036
19.56626,0.00047
19.57624,-0.00009
19.58622,-0.00402
19.59620,-0.00173
19.60616,-0.00324
19.61614,-0.00312
19.62612,-0.00015
19.63610,0.00541
19.64608,-0.00041
19.65603,0.00149
19.66602,-0.00253
19.67600,-0.00558
19.68598,0.00104
19.69595,0.00147
19.70593,0.00102
19.71593,-0.00070
19.72591,0.00088
19.73589,-0.00214
19.74587,-0.00049
19.75584,-0.00300
19.76582,0.00082
19.77580,-0.00007
19.78578,-0.00425
19.79576,0.00513
19.80574,0.00286
19.81571,0.00040
19.82571,0.00105
19.83569,-0.00397
19.84561,0.00303
19.85560,-0.00127
19.86558,-0.00331
19.87555,0.00237
19.88553,0.00163
19.89547,0.00785
19.90543,0.00169
19.91541,-0.00161
19.92539,-0.00038
19.93537,-0.00256
19.94530,-0.00126
19.95528,-0.00247
19.96528,-0.00347
19.97525,0.00278
19.98525,0.00445
19.99523,0.00235
20.00522,-0.00300
20.01521,0.00339
20.02518,-0.00038
20.03516,-0.00412
20.04514,-0.00125
20.05511,-0.00727
20.06510,-0.00129
20.07503,0.00151
20.08501,0.00094
20.09499,-0.00049
20.10496,0.00003
20.11494,0.00068
20.12492,-0.00280
20.13489,-0.00095
20.14487,-0.00104
20.15485,-0.00034
20.16483,-0.00070
20.17481,0.00576
20.18478,0.00584
20.19477,-0.00046
20.20474,-0.00072
20.21468,0.00085
20.22466,-0.00393
20.23464,-0.00311
20.24461,0.00406
20.25459,-0.00039
20.26457,-0.00107
20.27455,0.00091
20.28453,-0.00025
20.29450,0.00245
20.30448,0.00281
20.31446,-0.00293
20.32444,0.00196
20.33442,0.00034
20.34439,0.00016
20.35438,-0.00197
20.36435,-0.00452
20.37433,-0.00483
20.38431,-0.00299
20.39429,0.00506
20.40427,0.00672
20.41424,0.00354
20.42422,-0.00060
20.43420,-0.00366
20.44417,-0.00116
20.45416,-0.00264
20.46412,-0.00596
20.47411,-0.00380
20.48409,-0.00033
20.49405,0.00405
20.50402,0.00332
20.51400,0.00593
20.52398,-0.00222
20.53395,0.00284
20.54393,0.00228
20.55391,-0.00001
20.56390,0.00291
20.57386,-0.00167
20.58384,-0.00132
20.59382,-0.00130
20.60383,0.00170
20.61381,-0.00559
20.62378,-0.00237
20.63378,0.00419
20.64377,0.00105
20.65374,0.00413
20.66372,0.00338
20.67370,-0.00115
20.68368,0.00018
20.69365,-0.00074
20.70363,0.00123
20.71362,-0.00164
20.72359,-0.00224
20.73353,0.00160
20.74350,0.00238
20.75348,-0.00073
20.76348,-0.00455
20.77345,-0.00412
20.78342,-0.00214
20.79340,0.00399
20.80338,-0.00014
20.81338,0.00107
20.82336,0.00201
20.83334,0.00441
20.84332,-0.00202
20.85329,0.00020
20.86328,-0.00058
20.87326,-0.00198
20.88323,-0.00268
20.89321,0.00202
20.90319,0.00699
20.91319,0.00359
20.92317,0.00539
20.93311,0.00311
20.94306,0.00267
20.95304,-0.00005
20.96302,-0.00186
20.97296,-0.00577
20.98294,-0.00200
20.99291,0.00401
21.00288,0.00236
21.01287,0.00007
21.02283,0.00006
21.03281,0.00204
21.04279,-0.00195
21.05280,-0.00234
21.06279,-0.00222
21.07276,-0.00549
21.08275,-0.00197
21.09273,-0.00109
21.10271,0.00327
21.11270,-0.00097
21.12270,0.00062
21.13268,-0.00006
21.14265,-0.00360
21.15266,0.00283
21.16263,-0.00019
21.17261,-0.00040
21.18259,-0.00277
21.19257,0.00164
21.20257,0.00179
21.21254,0.00468
21.22253,0.00209
21.23251,0.00042
21.24250,-0.00037
21.25248,-0.00041
21.26246,0.00221
21.27243,-0.00148
21.28241,-0.00549
21.29239,-0.00756
21.30232,0.00329
21.31232,0.00459
21.32228,0.00429
21.33227,0.00636
21.34224,0.00504
21.35217,0.00756
21.36215,0.00217
21.37212,-0.00544
21.38210,-0.00623
21.39207,-0.00662
21.40205,-0.00468
21.41202,-0.00158
21.42200,0.00471
21.43197,0.00313
21.44196,0.00858
21.45193,0.00530
21.46191,0.00086
21.47188,-0.00244
21.48182,-0.00917
21.49182,-0.00673
21.50180,0.00136
21.51178,0.00606
21.52176,-0.00042
21.53174,-0.00017
21.54171,0.00286
#2021-03-09 16:12:28
