#2023/09/04 13:48:41
time,fog,T
0.23870,10.99792,41.0
0.24890,-0.00208,41.0
0.25870,-0.00208,41.0
0.26900,0.99792,41.0
0.27870,-1.00208,41.0
0.28860,1.99792,41.0
0.29870,1.99792,41.0
0.30860,1.99792,41.0
0.31870,0.99792,41.0
0.32860,-1.00208,41.0
0.33870,-1.00208,41.0
0.34860,-2.00208,41.0
0.35870,0.99792,41.0
0.36860,-0.00208,41.0
0.37880,0.99792,41.0
0.38850,0.99792,41.0
0.39840,-0.00208,41.0
0.40850,-0.00208,41.0
0.41840,-0.00208,41.0
0.42850,1.99792,41.0
0.43840,-0.00208,41.0
0.44850,5.99792,41.0
0.45840,5.99792,41.0
0.46850,1.99792,41.0
0.47840,1.99792,41.0
0.48860,0.99792,41.0
0.49840,2.99792,41.0
0.50820,-1.00208,41.0
0.51840,5.99792,41.0
0.52820,2.99792,41.0
0.53840,4.99792,41.0
0.54820,1.99792,41.0
0.55830,6.99792,41.0
0.56820,7.99792,41.0
0.57830,-1.00208,41.0
0.58820,1.99792,41.0
0.59800,0.99792,41.0
0.60820,-1.00208,41.0
0.61800,2.99792,41.0
0.62820,4.99792,41.0
0.63800,3.99792,41.0
0.64820,5.99792,41.0
0.65800,0.99792,41.0
0.66820,0.99792,41.0
0.67800,0.99792,41.0
0.68820,4.99792,41.0
0.69800,2.99792,41.0
0.70780,5.99792,41.0
0.71800,0.99792,41.0
0.72780,0.99792,41.0
0.73800,1.99792,41.0
0.74780,2.99792,41.0
0.75800,0.99792,41.0
0.76780,3.99792,41.0
0.77800,-1.00208,41.0
0.78780,-3.00208,41.0
0.79760,1.99792,41.0
0.80780,0.99792,41.0
0.81760,2.99792,41.0
0.82780,1.99792,41.0
0.83760,0.99792,41.0
0.84780,-3.00208,41.0
0.85760,5.99792,41.0
0.86780,5.99792,41.0
0.87760,5.99792,41.0
0.88780,4.99792,41.0
0.89760,-0.00208,41.0
0.90750,2.99792,41.0
0.91760,4.99792,41.0
0.92740,1.99792,41.0
0.93760,0.99792,41.0
0.94740,1.99792,41.0
0.95760,3.99792,41.0
0.96740,2.99792,41.0
0.97760,6.99792,41.0
0.98740,4.99792,41.0
0.99760,3.99792,41.0
1.00740,1.99792,41.0
1.01730,3.99792,41.0
1.02740,2.99792,41.0
1.03730,5.99792,41.0
1.04740,4.99792,41.0
1.05730,2.99792,41.0
1.06740,3.99792,41.0
1.07730,0.99792,41.0
1.08740,0.99792,41.0
1.09720,4.99792,41.0
1.10710,7.99792,41.0
1.11720,8.99792,41.0
1.12710,8.99792,41.0
1.13720,-0.00208,41.0
1.14710,1.99792,41.0
1.15720,4.99792,41.0
1.16710,2.99792,41.0
1.17720,2.99792,41.0
1.18710,4.99792,41.0
1.19730,2.99792,41.0
1.20710,1.99792,41.0
1.21690,-0.00208,41.0
1.22710,2.99792,41.0
1.23690,4.99792,41.0
1.24710,2.99792,41.0
1.25690,-0.00208,41.0
1.26710,-2.00208,41.0
1.27690,0.99792,41.0
1.28700,3.99792,41.0
1.29690,4.99792,41.0
1.30670,2.99792,41.0
1.31690,11.99792,41.0
1.32670,4.99792,41.0
1.33690,-2.00208,41.0
1.34670,-6.00208,41.0
1.35690,-5.00208,41.0
1.36670,3.99792,41.0
1.37690,3.99792,41.0
1.38670,6.99792,41.0
1.39690,1.99792,41.0
1.40670,-3.00208,41.0
1.41650,-2.00208,41.0
1.42670,-3.00208,41.0
1.43650,-0.00208,41.0
1.44670,4.99792,41.0
1.45650,8.99792,41.0
1.46670,5.99792,41.0
1.47650,0.99792,41.0
1.48670,-3.00208,41.0
1.49650,-0.00208,41.0
1.50670,1.99792,41.0
1.51650,2.99792,41.0
1.52630,1.99792,41.0
1.53650,1.99792,41.0
1.54630,3.99792,41.0
1.55650,-0.00208,41.0
1.56630,0.99792,41.0
1.57650,-0.00208,41.0
1.58630,6.99792,41.0
1.59650,4.99792,41.0
1.60630,3.99792,41.0
1.61620,1.99792,41.0
1.62630,1.99792,41.0
1.63620,-2.00208,41.0
1.64630,-3.00208,41.0
1.65610,2.99792,41.0
1.66630,1.99792,41.0
1.67610,2.99792,41.0
1.68630,4.99792,41.0
1.69610,-1.00208,41.0
1.70630,-0.00208,41.0
1.71610,1.99792,41.0
1.72600,-0.00208,41.0
1.73610,2.99792,41.0
1.74600,3.99792,41.0
1.75610,3.99792,41.0
1.76600,-0.00208,41.0
1.77610,0.99792,41.0
1.78600,3.99792,41.0
1.79610,2.99792,41.0
1.80590,4.99792,41.0
1.81620,1.99792,41.0
1.82590,3.99792,41.0
1.83580,-2.00208,41.0
1.84590,2.99792,41.0
1.85580,4.99792,41.0
1.86590,1.99792,41.0
1.87580,1.99792,41.0
1.88590,2.99792,41.0
1.89580,0.99792,41.0
1.90590,-0.00208,41.0
1.91580,0.99792,41.0
1.92560,7.99792,41.0
1.93580,1.99792,41.0
1.94560,2.99792,41.0
1.95580,0.99792,41.0
1.96560,-3.00208,41.0
1.97570,2.99792,41.0
1.98560,2.99792,41.0
1.99570,5.99792,41.0
2.00560,4.99792,41.0
2.01580,1.99792,41.0
2.02560,0.99792,41.0
2.03540,-1.00208,41.0
2.04560,-2.00208,41.0
2.05540,-1.00208,41.0
2.06560,-0.00208,41.0
2.07540,0.99792,41.0
2.08560,6.99792,41.0
2.09540,3.99792,41.0
2.10560,0.99792,41.0
2.11540,-0.00208,41.0
2.12520,-1.00208,41.0
2.13540,2.99792,41.0
2.14520,6.99792,41.0
2.15540,1.99792,41.0
2.16520,1.99792,41.0
2.17540,5.99792,41.0
2.18520,-0.00208,41.0
2.19540,2.99792,41.0
2.20520,5.99792,41.0
2.21540,3.99792,41.0
2.22520,2.99792,41.0
2.23500,-1.00208,41.0
2.24520,2.99792,41.0
2.25500,1.99792,41.0
2.26520,6.99792,41.0
2.27500,7.99792,41.0
2.28520,2.99792,41.0
2.29500,5.99792,41.0
2.30520,4.99792,41.0
2.31500,1.99792,41.0
2.32490,3.99792,41.0
2.33500,4.99792,41.0
2.34490,5.99792,41.0
2.35500,3.99792,41.0
2.36480,5.99792,41.0
2.37500,-0.00208,41.0
2.38480,-1.00208,41.0
2.39500,3.99792,41.0
2.40480,2.99792,41.0
2.41500,2.99792,41.0
2.42480,2.99792,41.0
2.43470,3.99792,41.0
2.44480,2.99792,41.0
2.45470,-1.00208,41.0
2.46480,-0.00208,41.0
2.47470,0.99792,41.0
2.48480,-0.00208,41.0
2.49470,1.99792,41.0
2.50480,-0.00208,41.0
2.51470,1.99792,41.0
2.52450,-0.00208,41.0
2.53460,-1.00208,41.0
2.54450,0.99792,41.0
2.55460,1.99792,41.0
2.56450,3.99792,41.0
2.57460,1.99792,41.0
2.58450,1.99792,41.0
2.59460,11.99792,41.0
2.60450,2.99792,41.0
2.61470,3.99792,41.0
2.62450,1.99792,41.0
2.63430,1.99792,41.0
2.64450,2.99792,41.0
2.65430,1.99792,41.0
2.66450,-1.00208,41.0
2.67430,0.99792,41.0
2.68450,3.99792,41.0
2.69430,2.99792,41.0
2.70440,2.99792,41.0
2.71430,0.99792,41.0
2.72410,0.99792,41.0
2.73430,0.99792,41.0
2.74410,3.99792,41.0
2.75430,0.99792,41.0
2.76410,1.99792,41.0
2.77430,3.99792,41.0
2.78410,3.99792,41.0
2.79430,2.99792,41.0
2.80410,3.99792,41.0
2.81390,1.99792,41.0
2.82410,0.99792,41.0
2.83390,2.99792,41.0
2.84410,1.99792,41.0
2.85390,-1.00208,41.0
2.86410,-0.00208,41.0
2.87390,2.99792,41.0
2.88410,-0.00208,41.0
2.89390,-0.00208,41.0
2.90410,-0.00208,41.0
2.91390,0.99792,41.0
2.92370,4.99792,41.0
2.93390,-1.00208,41.0
2.94370,-1.00208,41.0
2.95390,0.99792,41.0
2.96370,-1.00208,41.0
2.97390,2.99792,41.0
2.98370,2.99792,41.0
2.99390,4.99792,41.0
3.00370,-2.00208,41.0
3.01390,2.99792,41.0
3.02370,5.99792,41.0
3.03360,2.99792,41.0
3.04370,0.99792,41.0
3.05360,4.99792,41.0
3.06370,4.99792,41.0
3.07360,2.99792,41.0
3.08370,-0.00208,41.0
3.09350,0.99792,41.0
3.10370,2.99792,41.0
3.11350,0.99792,41.0
3.12340,3.99792,41.0
3.13350,-0.00208,41.0
3.14340,1.99792,41.0
3.15350,3.99792,41.0
3.16340,2.99792,41.0
3.17350,2.99792,41.0
3.18340,3.99792,41.0
3.19350,1.99792,41.0
3.20340,4.99792,41.0
3.21360,1.99792,41.0
3.22340,-2.00208,41.0
3.23320,-0.00208,41.0
3.24340,0.99792,41.0
3.25320,3.99792,41.0
3.26330,2.99792,41.0
3.27320,5.99792,41.0
3.28330,1.99792,41.0
3.29320,5.99792,41.0
3.30330,0.99792,41.0
3.31320,2.99792,41.0
3.32300,2.99792,41.0
3.33320,3.99792,41.0
3.34300,2.99792,41.0
3.35320,-0.00208,41.0
3.36300,1.99792,41.0
3.37320,2.99792,41.0
3.38300,5.99792,41.0
3.39320,5.99792,41.0
3.40300,5.99792,41.0
3.41320,5.99792,41.0
3.42300,7.99792,41.0
3.43280,4.99792,41.0
3.44300,7.99792,41.0
3.45280,5.99792,41.0
3.46300,5.99792,41.0
3.47280,3.99792,41.0
3.48300,1.99792,41.0
3.49280,3.99792,41.0
3.50300,2.99792,41.0
3.51280,2.99792,41.0
3.52260,2.99792,41.0
3.53280,1.99792,41.0
3.54260,0.99792,41.0
3.55280,3.99792,41.0
3.56260,0.99792,41.0
3.57280,-2.00208,41.0
3.58260,0.99792,41.0
3.59280,2.99792,41.0
3.60260,2.99792,41.0
3.61250,0.99792,41.0
3.62260,0.99792,41.0
3.63250,-0.00208,41.0
3.64260,1.99792,41.0
3.65240,2.99792,41.0
3.66260,2.99792,41.0
3.67240,-2.00208,41.0
3.68260,-0.00208,41.0
3.69240,3.99792,41.0
3.70260,6.99792,41.0
3.71240,-3.00208,41.0
3.72230,0.99792,41.0
3.73240,1.99792,41.0
3.74230,-1.00208,41.0
3.75240,2.99792,41.0
3.76230,-2.00208,41.0
3.77240,-1.00208,41.0
3.78230,-1.00208,41.0
3.79240,-2.00208,41.0
3.80230,-2.00208,41.0
3.81210,1.99792,41.0
3.82220,-2.00208,41.0
3.83210,-4.00208,41.0
3.84220,-1.00208,41.0
3.85210,-4.00208,41.0
3.86220,-0.00208,41.0
3.87210,1.99792,41.0
3.88220,4.99792,41.0
3.89210,-0.00208,41.0
3.90230,-2.00208,41.0
3.91210,-0.00208,41.0
3.92190,4.99792,41.0
3.93210,0.99792,41.0
3.94190,-1.00208,41.0
3.95210,-2.00208,41.0
3.96190,-3.00208,41.0
3.97210,2.99792,41.0
3.98190,2.99792,41.0
3.99200,4.99792,41.0
4.00190,0.99792,41.0
4.01170,-1.00208,41.0
4.02190,3.99792,41.0
4.03170,1.99792,41.0
4.04190,4.99792,41.0
4.05170,5.99792,41.0
4.06190,1.99792,41.0
4.07170,-1.00208,41.0
4.08190,-1.00208,41.0
4.09170,-1.00208,41.0
4.10190,1.99792,41.0
4.11170,2.99792,41.0
4.12150,2.99792,41.0
4.13170,1.99792,41.0
4.14150,0.99792,41.0
4.15170,3.99792,41.0
4.16150,-0.00208,41.0
4.17170,4.99792,41.0
4.18150,1.99792,41.0
4.19170,-0.00208,41.0
4.20150,3.99792,41.0
4.21130,1.99792,41.0
4.22150,4.99792,41.0
4.23130,-0.00208,41.0
4.24150,-0.00208,41.0
4.25130,-1.00208,41.0
4.26150,0.99792,41.0
4.27130,2.99792,41.0
4.28150,-0.00208,41.0
4.29130,-0.00208,41.0
4.30120,0.99792,41.0
4.31130,0.99792,41.0
4.32120,0.99792,41.0
4.33130,1.99792,41.0
4.34120,4.99792,41.0
4.35130,0.99792,41.0
4.36120,-1.00208,41.0
4.37130,-2.00208,41.0
4.38110,0.99792,41.0
4.39140,3.99792,41.0
4.40110,1.99792,41.0
4.41100,2.99792,41.0
4.42110,-0.00208,41.0
4.43100,1.99792,41.0
4.44110,-2.00208,41.0
4.45100,0.99792,41.0
4.46110,1.99792,41.0
4.47100,2.99792,41.0
4.48110,0.99792,41.0
4.49100,-0.00208,41.0
4.50120,1.99792,41.0
4.51100,3.99792,41.0
4.52080,0.99792,41.0
4.53100,1.99792,41.0
4.54080,0.99792,41.0
4.55090,1.99792,41.0
4.56080,1.99792,41.0
4.57090,1.99792,41.0
4.58080,3.99792,41.0
4.59090,5.99792,41.0
4.60080,0.99792,41.0
4.61060,1.99792,41.0
4.62080,0.99792,41.0
4.63060,2.99792,41.0
4.64080,4.99792,41.0
4.65060,6.99792,41.0
4.66080,3.99792,41.0
4.67060,1.99792,41.0
4.68080,2.99792,41.0
4.69060,2.99792,41.0
4.70080,-1.00208,41.0
4.71060,1.99792,41.0
4.72040,2.99792,41.0
4.73060,4.99792,41.0
4.74040,5.99792,41.0
4.75060,-0.00208,41.0
4.76040,2.99792,41.0
4.77060,-1.00208,41.0
4.78040,0.99792,41.0
4.79060,4.99792,41.0
4.80040,2.99792,41.0
4.81020,0.99792,41.0
4.82040,0.99792,41.0
4.83020,1.99792,41.0
4.84040,5.99792,41.0
4.85020,2.99792,41.0
4.86040,2.99792,41.0
4.87020,3.99792,41.0
4.88040,10.99792,41.0
4.89020,6.99792,41.0
4.90040,3.99792,41.0
4.91020,2.99792,41.0
4.92000,2.99792,41.0
4.93020,-3.00208,41.0
4.94000,3.99792,41.0
4.95020,1.99792,41.0
4.96000,5.99792,41.0
4.97020,6.99792,41.0
4.98000,1.99792,41.0
4.99020,-0.00208,41.0
5.00000,-0.00208,41.0
5.01020,2.99792,41.0
5.02000,1.99792,41.0
5.02990,-0.00208,41.0
5.04000,0.99792,41.0
5.04980,1.99792,41.0
5.06000,1.99792,41.0
5.06980,-1.00208,41.0
5.08000,1.99792,41.0
5.08980,4.99792,41.0
5.10000,-1.00208,41.0
5.10980,-1.00208,41.0
5.11970,0.99792,41.0
5.12980,-1.00208,41.0
5.13970,3.99792,41.0
5.14980,4.99792,41.0
5.15970,-1.00208,41.0
5.16980,3.99792,41.0
5.17970,-0.00208,41.0
5.18980,-0.00208,41.0
5.19970,1.99792,41.0
5.20990,7.99792,41.0
5.21970,4.99792,41.0
5.22950,2.99792,41.0
5.23960,-0.00208,41.0
5.24950,0.99792,41.0
5.25960,-2.00208,41.0
5.26950,-1.00208,41.0
5.27960,2.99792,41.0
5.28950,2.99792,41.0
5.29960,-1.00208,41.0
5.30950,0.99792,41.0
5.31930,-1.00208,41.0
5.32950,-0.00208,41.0
5.33930,0.99792,41.0
5.34950,-3.00208,41.0
5.35930,3.99792,41.0
5.36950,2.99792,41.0
5.37930,2.99792,41.0
5.38940,3.99792,41.0
5.39930,1.99792,41.0
5.40950,5.99792,41.0
5.41930,3.99792,41.0
5.42910,1.99792,41.0
5.43930,-1.00208,41.0
5.44910,5.99792,41.0
5.45930,0.99792,41.0
5.46910,1.99792,41.0
5.47930,0.99792,41.0
5.48910,-0.00208,41.0
5.49930,-2.00208,41.0
5.50910,-0.00208,41.0
5.51890,2.99792,41.0
5.52910,3.99792,41.0
5.53890,0.99792,41.0
5.54910,3.99792,41.0
5.55890,2.99792,41.0
5.56910,3.99792,41.0
5.57890,0.99792,41.0
5.58910,3.99792,41.0
5.59890,1.99792,41.0
5.60910,2.99792,41.0
5.61890,1.99792,41.0
5.62870,0.99792,41.0
5.63890,0.99792,41.0
5.64870,2.99792,41.0
5.65890,4.99792,41.0
5.66870,5.99792,41.0
5.67890,3.99792,41.0
5.68870,1.99792,41.0
5.69890,5.99792,41.0
5.70870,4.99792,41.0
5.71860,1.99792,41.0
5.72870,0.99792,41.0
5.73860,-1.00208,41.0
5.74870,2.99792,41.0
5.75850,1.99792,41.0
5.76870,3.99792,41.0
5.77850,1.99792,41.0
5.78870,3.99792,41.0
5.79850,3.99792,41.0
5.80880,-1.00208,41.0
5.81850,1.99792,41.0
5.82840,-0.00208,41.0
5.83850,0.99792,41.0
5.84840,1.99792,41.0
5.85850,3.99792,41.0
5.86840,4.99792,41.0
5.87850,1.99792,41.0
5.88840,1.99792,41.0
5.89850,0.99792,41.0
5.90840,-2.00208,41.0
5.91820,0.99792,41.0
5.92830,7.99792,41.0
5.93820,3.99792,41.0
5.94830,3.99792,41.0
5.95820,0.99792,41.0
5.96830,-0.00208,41.0
5.97820,1.99792,41.0
5.98830,-2.00208,41.0
5.99820,3.99792,41.0
6.00840,2.99792,41.0
6.01820,1.99792,41.0
6.02800,2.99792,41.0
6.03820,5.99792,41.0
6.04800,0.99792,41.0
6.05820,2.99792,41.0
6.06800,1.99792,41.0
6.07820,1.99792,41.0
6.08800,1.99792,41.0
6.09810,2.99792,41.0
6.10800,4.99792,41.0
6.11780,3.99792,41.0
6.12800,1.99792,41.0
6.13780,6.99792,41.0
6.14800,8.99792,41.0
6.15780,7.99792,41.0
6.16800,5.99792,41.0
6.17780,4.99792,41.0
6.18800,2.99792,41.0
6.19780,-1.00208,41.0
6.20760,0.99792,41.0
6.21780,2.99792,41.0
6.22760,2.99792,41.0
6.23780,4.99792,41.0
6.24760,4.99792,41.0
6.25780,0.99792,41.0
6.26760,0.99792,41.0
6.27780,3.99792,41.0
6.28760,2.99792,41.0
6.29780,-0.00208,41.0
6.30760,-0.00208,41.0
6.31740,-1.00208,41.0
6.32760,1.99792,41.0
6.33740,2.99792,41.0
6.34760,3.99792,41.0
6.35740,2.99792,41.0
6.36760,-0.00208,41.0
6.37740,-1.00208,41.0
6.38760,-1.00208,41.0
6.39740,2.99792,41.0
6.40730,3.99792,41.0
6.41740,-1.00208,41.0
6.42730,-1.00208,41.0
6.43740,-1.00208,41.0
6.44730,2.99792,41.0
6.45740,3.99792,41.0
6.46730,2.99792,41.0
6.47740,7.99792,41.0
6.48720,2.99792,41.0
6.49750,-1.00208,41.0
6.50720,-1.00208,41.0
6.51710,1.99792,41.0
6.52720,0.99792,41.0
6.53710,2.99792,41.0
6.54720,-0.00208,41.0
6.55710,1.99792,41.0
6.56720,2.99792,41.0
6.57710,4.99792,41.0
6.58720,2.99792,41.0
6.59710,-3.00208,41.0
6.60690,1.99792,41.0
6.61710,1.99792,41.0
6.62690,0.99792,41.0
6.63710,0.99792,41.0
6.64690,-0.00208,41.0
6.65700,0.99792,41.0
6.66690,-1.00208,41.0
6.67700,1.99792,41.0
6.68690,2.99792,41.0
6.69700,4.99792,41.0
6.70690,-2.00208,41.0
6.71670,0.99792,41.0
6.72690,-3.00208,41.0
6.73670,0.99792,41.0
6.74690,1.99792,41.0
6.75670,1.99792,41.0
6.76690,2.99792,41.0
6.77670,0.99792,41.0
6.78690,-0.00208,41.0
6.79670,-0.00208,41.0
6.80690,5.99792,41.0
6.81670,3.99792,41.0
6.82650,3.99792,41.0
6.83670,3.99792,41.0
6.84650,-2.00208,41.0
6.85670,0.99792,41.0
6.86650,2.99792,41.0
6.87670,4.99792,41.0
6.88650,2.99792,41.0
6.89670,0.99792,41.0
6.90650,2.99792,41.0
6.91670,1.99792,41.0
6.92650,1.99792,41.0
6.93630,4.99792,41.0
6.94650,1.99792,41.0
6.95630,2.99792,41.0
6.96650,0.99792,41.0
6.97630,4.99792,41.0
6.98650,3.99792,41.0
6.99630,0.99792,41.0
7.00650,0.99792,41.0
7.01630,3.99792,41.0
7.02610,0.99792,41.0
7.03630,1.99792,41.0
7.04610,1.99792,41.0
7.05630,4.99792,41.0
7.06610,2.99792,41.0
7.07630,4.99792,41.0
7.08610,2.99792,41.0
7.09630,4.99792,41.0
7.10610,4.99792,41.0
7.11630,-0.00208,41.0
7.12610,-0.00208,41.0
7.13600,1.99792,41.0
7.14610,-0.00208,41.0
7.15600,3.99792,41.0
7.16610,1.99792,41.0
7.17600,1.99792,41.0
7.18610,3.99792,41.0
7.19600,-0.00208,41.0
7.20610,4.99792,41.0
7.21590,0.99792,41.0
7.22620,3.99792,41.0
7.23590,2.99792,41.0
7.24580,2.99792,41.0
7.25590,-0.00208,41.0
7.26580,3.99792,41.0
7.27590,4.99792,41.0
7.28580,4.99792,41.0
7.29590,4.99792,41.0
7.30580,6.99792,41.0
7.31590,2.99792,41.0
7.32580,3.99792,41.0
7.33560,0.99792,41.0
7.34580,1.99792,41.0
7.35560,1.99792,41.0
7.36570,6.99792,41.0
7.37560,3.99792,41.0
7.38570,8.99792,41.0
7.39560,4.99792,41.0
7.40570,3.99792,41.0
7.41560,4.99792,41.0
7.42580,6.99792,41.0
7.43560,3.99792,41.0
7.44540,6.99792,41.0
7.45560,4.99792,41.0
7.46540,-0.00208,41.0
7.47560,1.99792,41.0
7.48540,2.99792,41.0
7.49560,-0.00208,41.0
7.50540,1.99792,41.0
7.51560,-1.00208,41.0
7.52540,-1.00208,41.0
7.53560,-3.00208,41.0
7.54540,-0.00208,41.0
7.55520,-1.00208,41.0
7.56540,2.99792,41.0
7.57520,0.99792,41.0
7.58540,2.99792,41.0
7.59520,2.99792,41.0
7.60540,0.99792,41.0
7.61520,-1.00208,41.0
7.62540,1.99792,41.0
7.63520,-1.00208,41.0
7.64500,3.99792,41.0
7.65520,3.99792,41.0
7.66500,2.99792,41.0
7.67520,3.99792,41.0
7.68500,-1.00208,41.0
7.69520,-2.00208,41.0
7.70500,4.99792,41.0
7.71520,1.99792,41.0
7.72500,-0.00208,41.0
7.73520,0.99792,41.0
7.74500,3.99792,41.0
7.75480,2.99792,41.0
7.76500,2.99792,41.0
7.77480,0.99792,41.0
7.78500,-2.00208,41.0
7.79480,2.99792,41.0
7.80500,-1.00208,41.0
7.81480,1.99792,41.0
7.82500,2.99792,41.0
7.83480,0.99792,41.0
7.84500,3.99792,41.0
7.85480,1.99792,41.0
7.86470,0.99792,41.0
7.87480,3.99792,41.0
7.88470,0.99792,41.0
7.89480,1.99792,41.0
7.90470,-0.00208,41.0
7.91480,-1.00208,41.0
7.92460,-2.00208,41.0
7.93480,1.99792,41.0
7.94460,-0.00208,41.0
7.95480,2.99792,41.0
7.96460,0.99792,41.0
7.97450,2.99792,41.0
7.98460,4.99792,41.0
7.99450,5.99792,41.0
8.00460,1.99792,41.0
8.01450,3.99792,41.0
8.02460,1.99792,41.0
8.03450,-3.00208,41.0
8.04460,-3.00208,41.0
8.05450,4.99792,41.0
8.06470,5.99792,41.0
8.07450,0.99792,41.0
8.08430,0.99792,41.0
8.09450,-0.00208,41.0
8.10430,1.99792,41.0
8.11440,4.99792,41.0
8.12430,1.99792,41.0
8.13440,2.99792,41.0
8.14430,1.99792,41.0
8.15440,-0.00208,41.0
8.16430,-1.00208,41.0
8.17450,0.99792,41.0
8.18430,-1.00208,41.0
8.19410,7.99792,41.0
8.20430,1.99792,41.0
8.21410,1.99792,41.0
8.22430,-1.00208,41.0
8.23410,-0.00208,41.0
8.24430,1.99792,41.0
8.25410,2.99792,41.0
8.26420,1.99792,41.0
8.27410,-0.00208,41.0
8.28390,1.99792,41.0
8.29410,4.99792,41.0
8.30390,1.99792,41.0
8.31410,-2.00208,41.0
8.32390,-0.00208,41.0
8.33410,4.99792,41.0
8.34390,3.99792,41.0
8.35410,1.99792,41.0
8.36390,-2.00208,41.0
8.37410,-7.00208,41.0
8.38390,-0.00208,41.0
8.39370,7.99792,41.0
8.40390,2.99792,41.0
8.41370,5.99792,41.0
8.42390,0.99792,41.0
8.43370,2.99792,41.0
8.44390,0.99792,41.0
8.45370,-0.00208,41.0
8.46390,5.99792,41.0
8.47370,8.99792,41.0
8.48390,3.99792,41.0
8.49370,1.99792,41.0
8.50350,2.99792,41.0
8.51370,2.99792,41.0
8.52350,4.99792,41.0
8.53370,2.99792,41.0
8.54350,5.99792,41.0
8.55370,0.99792,41.0
8.56350,2.99792,41.0
8.57370,-0.00208,41.0
8.58350,2.99792,41.0
8.59340,-0.00208,41.0
8.60350,1.99792,41.0
8.61340,7.99792,41.0
8.62350,8.99792,41.0
8.63330,10.99792,41.0
8.64350,7.99792,41.0
8.65330,4.99792,41.0
8.66350,1.99792,41.0
8.67330,-0.00208,41.0
8.68350,4.99792,41.0
8.69330,5.99792,41.0
8.70320,4.99792,41.0
8.71330,2.99792,41.0
8.72320,0.99792,41.0
8.73330,-0.00208,41.0
8.74320,4.99792,41.0
8.75330,3.99792,41.0
8.76320,3.99792,41.0
8.77330,1.99792,41.0
8.78320,0.99792,41.0
8.79340,2.99792,41.0
8.80310,0.99792,41.0
8.81300,3.99792,41.0
8.82310,2.99792,41.0
8.83300,1.99792,41.0
8.84310,-0.00208,41.0
8.85300,-1.00208,41.0
8.86310,-2.00208,41.0
8.87300,4.99792,41.0
8.88310,6.99792,41.0
8.89300,0.99792,41.0
8.90280,-2.00208,41.0
8.91300,-7.00208,41.0
8.92280,-2.00208,41.0
8.93300,0.99792,41.0
8.94280,1.99792,41.0
8.95300,2.99792,41.0
8.96280,1.99792,41.0
8.97290,-2.00208,41.0
8.98280,-0.00208,41.0
8.99300,0.99792,41.0
9.00280,1.99792,41.0
9.01260,0.99792,41.0
9.02280,0.99792,41.0
9.03260,-1.00208,41.0
9.04280,0.99792,41.0
9.05260,2.99792,41.0
9.06280,1.99792,41.0
9.07260,-4.00208,41.0
9.08280,-3.00208,41.0
9.09260,1.99792,41.0
9.10240,3.99792,41.0
9.11260,6.99792,41.0
9.12240,1.99792,41.0
9.13260,0.99792,41.0
9.14240,-1.00208,41.0
9.15260,0.99792,41.0
9.16240,7.99792,41.0
9.17260,2.99792,41.0
9.18240,-2.00208,41.0
9.19260,-1.00208,41.0
9.20240,-1.00208,41.0
9.21220,-0.00208,41.0
9.22240,0.99792,41.0
9.23220,-1.00208,41.0
9.24240,2.99792,41.0
9.25220,0.99792,41.0
9.26240,1.99792,41.0
9.27220,0.99792,41.0
9.28240,4.99792,41.0
9.29220,3.99792,41.0
9.30210,-0.00208,41.0
9.31220,-3.00208,41.0
9.32210,1.99792,41.0
9.33220,2.99792,41.0
9.34210,4.99792,41.0
9.35220,2.99792,41.0
9.36200,-0.00208,41.0
9.37220,4.99792,41.0
9.38200,3.99792,41.0
9.39220,2.99792,41.0
9.40200,0.99792,41.0
9.41190,1.99792,41.0
9.42200,-0.00208,41.0
9.43190,2.99792,41.0
9.44200,0.99792,41.0
9.45190,1.99792,41.0
9.46200,-0.00208,41.0
9.47190,0.99792,41.0
9.48200,0.99792,41.0
9.49190,1.99792,41.0
9.50210,2.99792,41.0
9.51190,6.99792,41.0
9.52170,1.99792,41.0
9.53180,3.99792,41.0
9.54170,0.99792,41.0
9.55180,-0.00208,41.0
9.56170,1.99792,41.0
9.57180,1.99792,41.0
9.58170,1.99792,41.0
9.59180,0.99792,41.0
9.60170,-1.00208,41.0
9.61190,-0.00208,41.0
9.62170,0.99792,41.0
9.63150,4.99792,41.0
9.64170,1.99792,41.0
9.65150,3.99792,41.0
9.66170,-0.00208,41.0
9.67150,1.99792,41.0
9.68170,1.99792,41.0
9.69150,5.99792,41.0
9.70170,3.99792,41.0
9.71150,2.99792,41.0
9.72130,3.99792,41.0
9.73150,2.99792,41.0
9.74130,0.99792,41.0
9.75150,2.99792,41.0
9.76130,-1.00208,41.0
9.77150,1.99792,41.0
9.78130,2.99792,41.0
9.79150,1.99792,41.0
9.80130,-1.00208,41.0
9.81150,3.99792,41.0
9.82130,2.99792,41.0
9.83110,1.99792,41.0
9.84130,1.99792,41.0
9.85110,4.99792,41.0
9.86130,2.99792,41.0
9.87110,5.99792,41.0
9.88130,1.99792,41.0
9.89110,0.99792,41.0
9.90130,4.99792,41.0
9.91110,5.99792,41.0
9.92090,4.99792,41.0
9.93110,2.99792,41.0
9.94090,4.99792,41.0
9.95110,5.99792,41.0
9.96090,7.99792,41.0
9.97110,8.99792,41.0
9.98090,7.99792,41.0
9.99110,6.99792,41.0
10.00090,3.99792,41.0
10.01110,0.99792,41.0
10.02090,1.99792,41.0
10.03080,0.99792,41.0
10.04090,2.99792,41.0
10.05080,6.99792,41.0
10.06090,2.99792,41.0
10.07080,1.99792,41.0
10.08090,2.99792,41.0
10.09070,-0.00208,41.0
10.10090,-0.00208,41.0
10.11070,-0.00208,41.0
10.12060,0.99792,41.0
10.13070,4.99792,41.0
10.14060,1.99792,41.0
10.15070,2.99792,41.0
10.16060,-1.00208,41.0
10.17070,-0.00208,41.0
10.18060,1.99792,41.0
10.19070,0.99792,41.0
10.20060,1.99792,41.0
10.21080,5.99792,41.0
10.22060,0.99792,41.0
10.23040,-0.00208,41.0
10.24060,-2.00208,41.0
10.25040,-0.00208,41.0
10.26050,-0.00208,41.0
10.27040,0.99792,41.0
10.28050,-1.00208,41.0
10.29040,-0.00208,41.0
10.30050,1.99792,41.0
10.31040,-1.00208,41.0
10.32020,-1.00208,41.0
10.33040,2.99792,41.0
10.34020,1.99792,41.0
10.35040,-0.00208,41.0
10.36020,-3.00208,41.0
10.37040,-0.00208,41.0
10.38020,-1.00208,41.0
10.39040,1.99792,41.0
10.40020,-0.00208,41.0
10.41040,2.99792,41.0
10.42020,3.99792,41.0
10.43000,0.99792,41.0
10.44020,1.99792,41.0
10.45000,-1.00208,41.0
10.46020,5.99792,41.0
10.47000,1.99792,41.0
10.48020,2.99792,41.0
10.49000,-0.00208,41.0
10.50020,0.99792,41.0
10.51000,4.99792,41.0
10.51980,2.99792,41.0
10.53000,4.99792,41.0
10.53980,-0.00208,41.0
10.55000,-1.00208,41.0
10.55980,3.99792,41.0
10.57000,1.99792,41.0
10.57980,2.99792,41.0
10.59000,-3.00208,41.0
10.59980,-0.00208,41.0
10.60960,3.99792,41.0
10.61980,0.99792,41.0
10.62960,1.99792,41.0
10.63980,0.99792,41.0
10.64960,1.99792,41.0
10.65980,3.99792,41.0
10.66960,2.99792,41.0
10.67980,-0.00208,41.0
10.68960,0.99792,41.0
10.69980,-1.00208,41.0
10.70960,4.99792,41.0
10.71950,0.99792,41.0
10.72960,0.99792,41.0
10.73950,2.99792,41.0
10.74960,0.99792,41.0
10.75950,-1.00208,41.0
10.76960,1.99792,41.0
10.77950,4.99792,41.0
10.78970,0.99792,41.0
10.79940,-2.00208,41.0
10.80930,0.99792,41.0
10.81940,2.99792,41.0
10.82930,0.99792,41.0
10.83940,-1.00208,41.0
10.84930,3.99792,41.0
10.85940,3.99792,41.0
10.86930,3.99792,41.0
10.87940,-1.00208,41.0
10.88930,4.99792,41.0
10.89910,-0.00208,41.0
10.90930,-2.00208,41.0
10.91910,3.99792,41.0
10.92930,4.99792,41.0
10.93910,2.99792,41.0
10.94930,1.99792,41.0
10.95910,-0.00208,41.0
10.96930,4.99792,41.0
10.97910,0.99792,41.0
10.98930,0.99792,41.0
10.99910,2.99792,41.0
11.00890,4.99792,41.0
11.01910,0.99792,41.0
11.02890,1.99792,41.0
11.03910,6.99792,41.0
11.04890,3.99792,41.0
11.05910,1.99792,41.0
11.06890,4.99792,41.0
11.07910,1.99792,41.0
11.08890,2.99792,41.0
11.09870,0.99792,41.0
11.10890,2.99792,41.0
11.11870,5.99792,41.0
11.12890,3.99792,41.0
11.13870,0.99792,41.0
11.14890,2.99792,41.0
11.15870,-1.00208,41.0
11.16890,1.99792,41.0
11.17870,0.99792,41.0
11.18850,2.99792,41.0
11.19870,4.99792,41.0
11.20850,4.99792,41.0
11.21870,1.99792,41.0
11.22850,2.99792,41.0
11.23870,4.99792,41.0
11.24850,2.99792,41.0
11.25870,4.99792,41.0
11.26850,5.99792,41.0
11.27840,10.99792,41.0
11.28850,6.99792,41.0
11.29840,4.99792,41.0
11.30850,3.99792,41.0
11.31840,5.99792,41.0
11.32850,-0.00208,41.0
11.33840,3.99792,41.0
11.34850,4.99792,41.0
11.35830,6.99792,41.0
11.36860,3.99792,41.0
11.37830,-0.00208,41.0
11.38820,-0.00208,41.0
11.39830,3.99792,41.0
11.40820,0.99792,41.0
11.41830,2.99792,41.0
11.42820,3.99792,41.0
11.43830,-0.00208,41.0
11.44820,-0.00208,41.0
11.45830,1.99792,41.0
11.46820,-0.00208,41.0
11.47800,0.99792,41.0
11.48820,2.99792,41.0
11.49800,-0.00208,41.0
11.50820,-0.00208,41.0
11.51800,0.99792,41.0
11.52810,-1.00208,41.0
11.53800,-1.00208,41.0
11.54810,-0.00208,41.0
11.55800,-1.00208,41.0
11.56820,-3.00208,41.0
11.57800,2.99792,41.0
11.58780,-1.00208,41.0
11.59800,0.99792,41.0
11.60780,-0.00208,41.0
11.61800,2.99792,41.0
11.62780,-0.00208,41.0
11.63800,0.99792,41.0
11.64780,3.99792,41.0
11.65800,-1.00208,41.0
11.66780,-0.00208,41.0
11.67760,0.99792,41.0
11.68780,1.99792,41.0
11.69760,1.99792,41.0
11.70780,0.99792,41.0
11.71760,11.99792,41.0
11.72780,2.99792,41.0
11.73760,-0.00208,41.0
11.74780,1.99792,41.0
11.75760,0.99792,41.0
11.76780,0.99792,41.0
11.77760,-1.00208,41.0
11.78740,1.99792,41.0
11.79760,-0.00208,41.0
11.80740,-3.00208,41.0
11.81760,-2.00208,41.0
11.82740,-0.00208,41.0
11.83760,1.99792,41.0
11.84740,2.99792,41.0
11.85760,-1.00208,41.0
11.86740,2.99792,41.0
11.87730,2.99792,41.0
11.88740,2.99792,41.0
11.89720,0.99792,41.0
11.90740,-5.00208,41.0
11.91720,1.99792,41.0
11.92740,0.99792,41.0
11.93720,4.99792,41.0
11.94740,-0.00208,41.0
11.95720,2.99792,41.0
11.96710,-1.00208,41.0
11.97720,-0.00208,41.0
11.98710,2.99792,41.0
11.99720,4.99792,41.0
12.00710,-1.00208,41.0
12.01720,2.99792,41.0
12.02710,0.99792,41.0
12.03720,-0.00208,41.0
12.04710,2.99792,41.0
12.05730,3.99792,41.0
12.06710,4.99792,41.0
12.07690,3.99792,41.0
12.08700,1.99792,41.0
12.09690,0.99792,41.0
12.10700,4.99792,41.0
12.11690,2.99792,41.0
12.12700,-0.00208,41.0
12.13690,-1.00208,41.0
12.14700,-2.00208,41.0
12.15690,1.99792,41.0
12.16670,6.99792,41.0
12.17690,1.99792,41.0
12.18670,-2.00208,41.0
12.19690,0.99792,41.0
12.20670,-1.00208,41.0
12.21690,3.99792,41.0
12.22670,7.99792,41.0
12.23690,3.99792,41.0
12.24670,-2.00208,41.0
12.25650,-0.00208,41.0
12.26670,0.99792,41.0
12.27650,2.99792,41.0
12.28670,2.99792,41.0
12.29650,3.99792,41.0
12.30670,-0.00208,41.0
12.31650,-1.00208,41.0
12.32670,-1.00208,41.0
12.33650,4.99792,41.0
12.34670,6.99792,41.0
12.35650,4.99792,41.0
12.36630,2.99792,41.0
12.37650,4.99792,41.0
12.38630,8.99792,41.0
12.39650,1.99792,41.0
12.40630,2.99792,41.0
12.41650,1.99792,41.0
12.42630,1.99792,41.0
12.43650,0.99792,41.0
12.44630,1.99792,41.0
12.45610,3.99792,41.0
12.46630,0.99792,41.0
12.47610,-2.00208,41.0
12.48630,-0.00208,41.0
12.49610,3.99792,41.0
12.50630,2.99792,41.0
12.51610,4.99792,41.0
12.52630,0.99792,41.0
12.53610,-0.00208,41.0
12.54600,2.99792,41.0
12.55610,3.99792,41.0
12.56600,6.99792,41.0
12.57610,3.99792,41.0
12.58600,3.99792,41.0
12.59610,2.99792,41.0
12.60600,2.99792,41.0
12.61610,1.99792,41.0
12.62600,5.99792,41.0
12.63620,6.99792,41.0
12.64590,5.99792,41.0
12.65580,2.99792,41.0
12.66590,7.99792,41.0
12.67580,5.99792,41.0
12.68590,4.99792,41.0
12.69580,3.99792,41.0
12.70590,2.99792,41.0
12.71580,3.99792,41.0
12.72590,2.99792,41.0
12.73580,3.99792,41.0
12.74600,4.99792,41.0
12.75580,2.99792,41.0
12.76560,3.99792,41.0
12.77580,-1.00208,41.0
12.78560,1.99792,41.0
12.79580,2.99792,41.0
12.80560,1.99792,41.0
12.81570,0.99792,41.0
12.82560,1.99792,41.0
12.83570,1.99792,41.0
12.84560,1.99792,41.0
12.85540,0.99792,41.0
12.86560,5.99792,41.0
12.87540,4.99792,41.0
12.88560,12.99792,41.0
12.89540,0.99792,41.0
12.90560,-0.00208,41.0
12.91540,-2.00208,41.0
12.92560,1.99792,41.0
12.93540,-1.00208,41.0
12.94560,-2.00208,41.0
12.95540,-2.00208,41.0
12.96520,1.99792,41.0
12.97540,3.99792,41.0
12.98520,3.99792,41.0
12.99540,5.99792,41.0
13.00520,0.99792,41.0
13.01540,-1.00208,41.0
13.02520,3.99792,41.0
13.03540,3.99792,41.0
13.04520,2.99792,41.0
13.05500,1.99792,41.0
13.06520,2.99792,41.0
13.07500,2.99792,41.0
13.08520,2.99792,41.0
13.09500,3.99792,41.0
13.10520,3.99792,41.0
13.11500,1.99792,41.0
13.12520,-2.00208,41.0
13.13500,-1.00208,41.0
13.14520,2.99792,41.0
13.15500,5.99792,41.0
13.16490,2.99792,41.0
13.17500,0.99792,41.0
13.18480,3.99792,41.0
13.19500,-0.00208,41.0
13.20480,1.99792,41.0
13.21500,3.99792,41.0
13.22480,0.99792,41.0
13.23500,0.99792,41.0
13.24480,1.99792,41.0
13.25470,1.99792,41.0
13.26480,0.99792,41.0
13.27470,-0.00208,41.0
13.28480,2.99792,41.0
13.29470,-1.00208,41.0
13.30480,0.99792,41.0
13.31470,1.99792,41.0
13.32480,2.99792,41.0
13.33470,4.99792,41.0
13.34450,2.99792,41.0
13.35460,0.99792,41.0
13.36450,1.99792,41.0
13.37460,-1.00208,41.0
13.38450,-0.00208,41.0
13.39460,-0.00208,41.0
13.40450,-1.00208,41.0
13.41460,0.99792,41.0
13.42450,3.99792,41.0
13.43460,3.99792,41.0
13.44450,-0.00208,41.0
13.45430,3.99792,41.0
13.46450,-0.00208,41.0
13.47430,-1.00208,41.0
13.48450,2.99792,41.0
13.49430,2.99792,41.0
13.50450,3.99792,41.0
13.51430,1.99792,41.0
13.52450,-0.00208,41.0
13.53430,0.99792,41.0
13.54410,2.99792,41.0
13.55430,1.99792,41.0
13.56410,4.99792,41.0
13.57430,1.99792,41.0
13.58410,2.99792,41.0
13.59430,4.99792,41.0
13.60410,0.99792,41.0
13.61430,2.99792,41.0
13.62410,6.99792,41.0
13.63430,2.99792,41.0
13.64410,-1.00208,41.0
13.65390,1.99792,41.0
13.66410,0.99792,41.0
13.67390,1.99792,41.0
13.68410,3.99792,41.0
13.69390,1.99792,41.0
13.70410,1.99792,41.0
13.71390,2.99792,41.0
13.72410,5.99792,41.0
13.73390,3.99792,41.0
13.74410,2.99792,41.0
13.75390,0.99792,41.0
13.76370,2.99792,41.0
13.77390,-0.00208,41.0
13.78370,-1.00208,41.0
13.79390,0.99792,41.0
13.80370,5.99792,41.0
13.81390,3.99792,41.0
13.82370,5.99792,41.0
13.83390,2.99792,41.0
13.84370,5.99792,41.0
13.85360,6.99792,41.0
13.86370,5.99792,41.0
13.87360,4.99792,41.0
13.88370,6.99792,41.0
13.89350,1.99792,41.0
13.90370,1.99792,41.0
13.91350,3.99792,41.0
13.92370,2.99792,41.0
13.93350,0.99792,41.0
13.94370,-2.00208,41.0
13.95350,-2.00208,41.0
13.96340,-2.00208,41.0
13.97350,1.99792,41.0
13.98340,3.99792,41.0
13.99350,1.99792,41.0
14.00340,1.99792,41.0
14.01350,2.99792,41.0
14.02340,2.99792,41.0
14.03350,1.99792,41.0
14.04340,-0.00208,41.0
14.05320,2.99792,41.0
14.06330,0.99792,41.0
14.07320,-0.00208,41.0
14.08330,-0.00208,41.0
14.09320,2.99792,41.0
14.10330,1.99792,41.0
14.11320,-0.00208,41.0
14.12330,0.99792,41.0
14.13320,-2.00208,41.0
14.14340,2.99792,41.0
14.15320,2.99792,41.0
14.16300,12.99792,41.0
14.17320,0.99792,41.0
14.18300,-0.00208,41.0
14.19320,0.99792,41.0
14.20300,1.99792,41.0
14.21320,1.99792,41.0
14.22300,1.99792,41.0
14.23310,1.99792,41.0
14.24300,1.99792,41.0
14.25280,3.99792,41.0
14.26300,-0.00208,41.0
14.27280,2.99792,41.0
14.28300,-0.00208,41.0
14.29280,2.99792,41.0
14.30300,3.99792,41.0
14.31280,1.99792,41.0
14.32300,1.99792,41.0
14.33280,2.99792,41.0
14.34300,2.99792,41.0
14.35280,2.99792,41.0
14.36260,-1.00208,41.0
14.37280,-1.00208,41.0
14.38260,2.99792,41.0
14.39280,4.99792,41.0
14.40260,4.99792,41.0
14.41280,-1.00208,41.0
14.42260,-2.00208,41.0
14.43280,1.99792,41.0
14.44260,2.99792,41.0
14.45280,2.99792,41.0
14.46260,4.99792,41.0
14.47240,3.99792,41.0
14.48260,3.99792,41.0
14.49240,3.99792,41.0
14.50260,1.99792,41.0
14.51240,1.99792,41.0
14.52260,3.99792,41.0
14.53240,-2.00208,41.0
14.54260,1.99792,41.0
14.55240,0.99792,41.0
14.56230,-2.00208,41.0
14.57240,1.99792,41.0
14.58230,2.99792,41.0
14.59240,2.99792,41.0
14.60220,1.99792,41.0
14.61240,1.99792,41.0
14.62220,4.99792,41.0
14.63240,2.99792,41.0
14.64220,0.99792,41.0
14.65250,0.99792,41.0
14.66220,-0.00208,41.0
14.67210,-0.00208,41.0
14.68220,-2.00208,41.0
14.69210,-3.00208,41.0
14.70220,1.99792,41.0
14.71210,4.99792,41.0
14.72220,0.99792,41.0
14.73210,0.99792,41.0
14.74220,0.99792,41.0
14.75200,1.99792,41.0
14.76190,1.99792,41.0
14.77200,0.99792,41.0
14.78190,0.99792,41.0
14.79200,1.99792,41.0
14.80190,3.99792,41.0
14.81200,1.99792,41.0
14.82190,0.99792,41.0
14.83200,1.99792,41.0
14.84190,1.99792,41.0
14.85200,0.99792,41.0
14.86190,7.99792,41.0
14.87170,1.99792,41.0
14.88190,0.99792,41.0
14.89170,4.99792,41.0
14.90190,-1.00208,41.0
14.91170,-0.00208,41.0
14.92180,-2.00208,41.0
14.93170,1.99792,41.0
14.94180,5.99792,41.0
14.95170,5.99792,41.0
14.96190,5.99792,41.0
14.97170,-1.00208,41.0
14.98150,-1.00208,41.0
14.99170,1.99792,41.0
15.00150,-0.00208,41.0
15.01170,1.99792,41.0
15.02150,6.99792,41.0
15.03170,7.99792,41.0
15.04150,5.99792,41.0
15.05170,3.99792,41.0
15.06150,0.99792,41.0
15.07130,-0.00208,41.0
15.08150,-0.00208,41.0
15.09130,5.99792,41.0
15.10150,3.99792,41.0
15.11130,7.99792,41.0
15.12150,9.99792,41.0
15.13130,7.99792,41.0
15.14150,2.99792,41.0
15.15130,0.99792,41.0
15.16150,4.99792,41.0
15.17130,3.99792,41.0
15.18110,6.99792,41.0
15.19130,7.99792,41.0
15.20110,15.99792,41.0
15.21130,12.99792,41.0
15.22110,21.99792,41.0
15.23130,18.99792,41.0
15.24110,65.99792,41.0
15.25130,886.99792,41.0
15.26110,900.00000,41.0
15.27130,900.00000,41.0
15.28110,900.00000,41.0
15.29090,900.00000,41.0
15.30110,900.00000,41.0
15.31090,900.00000,41.0
15.32110,900.00000,41.0
15.33090,900.00000,41.0
15.34110,900.00000,41.0
15.35090,900.00000,41.0
15.36110,900.00000,41.0
15.37090,900.00000,41.0
15.38110,900.00000,41.0
15.39090,900.00000,41.0
15.40080,900.00000,41.0
15.41090,900.00000,41.0
15.42070,900.00000,41.0
15.43090,900.00000,41.0
15.44070,900.00000,41.0
15.45090,900.00000,41.0
15.46070,900.00000,41.0
15.47090,900.00000,41.0
15.48070,900.00000,41.0
15.49060,900.00000,41.0
15.50070,900.00000,41.0
15.51060,900.00000,41.0
15.52070,900.00000,41.0
15.53060,203.99792,41.0
15.54070,24.99792,41.0
15.55060,2.99792,41.0
15.56070,-45.00208,41.0
15.57060,-394.00208,41.0
15.58080,-900.00000,41.0
15.59050,-900.00000,41.0
15.60040,-900.00000,41.0
15.61050,-900.00000,41.0
15.62040,-900.00000,41.0
15.63050,-900.00000,41.0
15.64040,-900.00000,41.0
15.65050,-900.00000,41.0
15.66040,-900.00000,41.0
15.67050,-900.00000,41.0
15.68040,-900.00000,41.0
15.69020,-900.00000,41.0
15.70040,-900.00000,41.0
15.71020,-900.00000,41.0
15.72040,-900.00000,41.0
15.73020,-900.00000,41.0
15.74040,-900.00000,41.0
15.75020,-900.00000,41.0
15.76030,-900.00000,41.0
15.77020,-900.00000,41.0
15.78030,-900.00000,41.0
15.79020,-900.00000,41.0
15.80000,-900.00000,41.0
15.81020,-900.00000,41.0
15.82000,-900.00000,41.0
15.83020,-900.00000,41.0
15.84000,-900.00000,41.0
15.85020,-900.00000,41.0
15.86000,-900.00000,41.0
15.87020,-900.00000,41.0
15.88000,-900.00000,41.0
15.89020,-441.00208,41.0
15.90000,-40.00208,41.0
15.90980,16.99792,41.0
15.92000,15.99792,41.0
15.92980,17.99792,41.0
15.94000,18.99792,41.0
15.94980,20.99792,41.0
15.96000,35.99792,41.0
15.96980,55.99792,41.0
15.98000,143.99792,41.0
15.98980,900.00000,41.0
16.00000,900.00000,41.0
16.00980,900.00000,41.0
16.01960,900.00000,41.0
16.02980,900.00000,41.0
16.03960,900.00000,41.0
16.04980,900.00000,41.0
16.05960,900.00000,41.0
16.06980,900.00000,41.0
16.07960,900.00000,41.0
16.08980,900.00000,41.0
16.09960,900.00000,41.0
16.10980,900.00000,41.0
16.11960,900.00000,41.0
16.12940,900.00000,41.0
16.13960,900.00000,41.0
16.14940,900.00000,41.0
16.15960,900.00000,41.0
16.16940,900.00000,41.0
16.17960,900.00000,41.0
16.18940,900.00000,41.0
16.19970,900.00000,41.0
16.20940,585.99792,41.0
16.21930,74.99792,41.0
16.22940,-1.00208,41.0
16.23930,-14.00208,41.0
16.24940,-11.00208,41.0
16.25930,-13.00208,41.0
16.26940,-40.00208,41.0
16.27930,-359.00208,41.0
16.28940,-900.00000,41.0
16.29930,-900.00000,41.0
16.30950,-900.00000,41.0
16.31920,-900.00000,41.0
16.32910,-900.00000,41.0
16.33920,-900.00000,41.0
16.34910,-900.00000,41.0
16.35920,-900.00000,41.0
16.36910,-900.00000,41.0
16.37920,-900.00000,41.0
16.38910,-900.00000,41.0
16.39920,-900.00000,41.0
16.40910,-900.00000,41.0
16.41890,-900.00000,41.0
16.42910,-900.00000,41.0
16.43890,-900.00000,41.0
16.44910,-900.00000,41.0
16.45890,-900.00000,41.0
16.46910,-900.00000,41.0
16.47890,-900.00000,41.0
16.48900,-900.00000,41.0
16.49890,-900.00000,41.0
16.50900,-900.00000,41.0
16.51890,-453.00208,41.0
16.52870,258.99792,41.0
16.53890,900.00000,41.0
16.54870,900.00000,41.0
16.55890,900.00000,41.0
16.56870,900.00000,41.0
16.57890,900.00000,41.0
16.58870,900.00000,41.0
16.59890,900.00000,41.0
16.60870,900.00000,41.0
16.61890,900.00000,41.0
16.62870,900.00000,41.0
16.63850,900.00000,41.0
16.64870,900.00000,41.0
16.65850,900.00000,41.0
16.66870,900.00000,41.0
16.67850,900.00000,41.0
16.68870,900.00000,41.0
16.69850,900.00000,41.0
16.70870,900.00000,41.0
16.71850,900.00000,41.0
16.72870,900.00000,41.0
16.73850,900.00000,41.0
16.74830,900.00000,41.0
16.75850,900.00000,41.0
16.76830,900.00000,41.0
16.77850,900.00000,41.0
16.78830,900.00000,41.0
16.79850,900.00000,41.0
16.80830,900.00000,41.0
16.81850,900.00000,41.0
16.82830,900.00000,41.0
16.83820,900.00000,41.0
16.84830,900.00000,41.0
16.85820,900.00000,41.0
16.86830,900.00000,41.0
16.87810,900.00000,41.0
16.88830,900.00000,41.0
16.89810,506.99792,41.0
16.90830,46.99792,41.0
16.91810,-17.00208,41.0
16.92830,-26.00208,41.0
16.93810,-145.00208,41.0
16.94800,-900.00000,41.0
16.95810,-900.00000,41.0
16.96800,-900.00000,41.0
16.97810,-900.00000,41.0
16.98800,-900.00000,41.0
16.99810,-900.00000,41.0
17.00800,-900.00000,41.0
17.01810,-900.00000,41.0
17.02800,-900.00000,41.0
17.03780,-900.00000,41.0
17.04790,-900.00000,41.0
17.05780,-900.00000,41.0
17.06790,-900.00000,41.0
17.07780,-900.00000,41.0
17.08790,-900.00000,41.0
17.09780,-900.00000,41.0
17.10790,-900.00000,41.0
17.11780,-900.00000,41.0
17.12800,-900.00000,41.0
17.13780,-900.00000,41.0
17.14760,-900.00000,41.0
17.15780,-900.00000,41.0
17.16760,-900.00000,41.0
17.17780,-900.00000,41.0
17.18760,-900.00000,41.0
17.19780,-900.00000,41.0
17.20760,-516.00208,41.0
17.21770,-69.00208,41.0
17.22760,-0.00208,41.0
17.23780,13.99792,41.0
17.24760,14.99792,41.0
17.25740,14.99792,41.0
17.26760,12.99792,41.0
17.27740,19.99792,41.0
17.28760,29.99792,41.0
17.29740,40.99792,41.0
17.30760,84.99792,41.0
17.31740,151.99792,41.0
17.32760,287.99792,41.0
17.33740,444.99792,41.0
17.34720,900.00000,41.0
17.35740,900.00000,41.0
17.36720,900.00000,41.0
17.37740,900.00000,41.0
17.38720,900.00000,41.0
17.39740,900.00000,41.0
17.40720,900.00000,41.0
17.41740,900.00000,41.0
17.42720,900.00000,41.0
17.43740,900.00000,41.0
17.44720,900.00000,41.0
17.45700,900.00000,41.0
17.46720,900.00000,41.0
17.47700,900.00000,41.0
17.48720,900.00000,41.0
17.49700,900.00000,41.0
17.50720,900.00000,41.0
17.51700,900.00000,41.0
17.52720,900.00000,41.0
17.53700,900.00000,41.0
17.54690,900.00000,41.0
17.55700,900.00000,41.0
17.56690,900.00000,41.0
17.57700,685.99792,41.0
17.58690,85.99792,41.0
17.59700,-42.00208,41.0
17.60690,-223.00208,41.0
17.61700,-378.00208,41.0
17.62680,-593.00208,41.0
17.63700,-826.00208,41.0
17.64680,-796.00208,41.0
17.65670,-495.00208,41.0
17.66680,-122.00208,41.0
17.67670,-32.00208,41.0
17.68680,-9.00208,41.0
17.69670,1.99792,41.0
17.70680,0.99792,41.0
17.71670,-3.00208,41.0
17.72680,1.99792,41.0
17.73670,-2.00208,41.0
17.74650,-9.00208,41.0
17.75670,-11.00208,41.0
17.76650,-6.00208,41.0
17.77660,3.99792,41.0
17.78650,6.99792,41.0
17.79660,3.99792,41.0
17.80650,-2.00208,41.0
17.81660,-0.00208,41.0
17.82650,5.99792,41.0
17.83670,3.99792,41.0
17.84650,0.99792,41.0
17.85630,-13.00208,41.0
17.86650,-40.00208,41.0
17.87630,-288.00208,41.0
17.88650,-900.00000,41.0
17.89630,-900.00000,41.0
17.90650,-900.00000,41.0
17.91630,-900.00000,41.0
17.92650,-900.00000,41.0
17.93630,-900.00000,41.0
17.94610,-900.00000,41.0
17.95630,-900.00000,41.0
17.96610,-900.00000,41.0
17.97630,-900.00000,41.0
17.98610,-900.00000,41.0
17.99630,-900.00000,41.0
18.00610,-900.00000,41.0
18.01630,-900.00000,41.0
18.02610,-900.00000,41.0
18.03630,-900.00000,41.0
18.04610,-900.00000,41.0
18.05590,-900.00000,41.0
18.06610,-900.00000,41.0
18.07590,-900.00000,41.0
18.08610,-900.00000,41.0
18.09590,-900.00000,41.0
18.10610,-900.00000,41.0
18.11590,-900.00000,41.0
18.12610,-900.00000,41.0
18.13590,-900.00000,41.0
18.14610,-900.00000,41.0
18.15590,-743.00208,41.0
18.16570,-91.00208,41.0
18.17590,16.99792,41.0
18.18570,57.99792,41.0
18.19590,121.99792,41.0
18.20570,159.99792,41.0
18.21590,218.99792,41.0
18.22570,237.99792,41.0
18.23590,279.99792,41.0
18.24570,309.99792,41.0
18.25560,216.99792,41.0
18.26570,106.99792,41.0
18.27560,43.99792,41.0
18.28570,33.99792,41.0
18.29560,52.99792,41.0
18.30570,148.99792,41.0
18.31560,624.99792,41.0
18.32570,900.00000,41.0
18.33550,900.00000,41.0
18.34580,900.00000,41.0
18.35550,900.00000,41.0
18.36540,900.00000,41.0
18.37550,900.00000,41.0
18.38540,900.00000,41.0
18.39550,900.00000,41.0
18.40540,900.00000,41.0
18.41550,900.00000,41.0
18.42540,900.00000,41.0
18.43550,900.00000,41.0
18.44540,900.00000,41.0
18.45520,900.00000,41.0
18.46540,900.00000,41.0
18.47520,900.00000,41.0
18.48540,900.00000,41.0
18.49520,900.00000,41.0
18.50530,900.00000,41.0
18.51520,654.99792,41.0
18.52530,80.99792,41.0
18.53520,10.99792,41.0
18.54540,-7.00208,41.0
18.55520,-17.00208,41.0
18.56500,-13.00208,41.0
18.57520,-7.00208,41.0
18.58500,-4.00208,41.0
18.59520,-19.00208,41.0
18.60500,-61.00208,41.0
18.61520,-798.00208,41.0
18.62500,-900.00000,41.0
18.63520,-900.00000,41.0
18.64500,-900.00000,41.0
18.65480,-900.00000,41.0
18.66500,-900.00000,41.0
18.67480,-900.00000,41.0
18.68500,-900.00000,41.0
18.69480,-900.00000,41.0
18.70500,-900.00000,41.0
18.71480,-900.00000,41.0
18.72500,-900.00000,41.0
18.73480,-900.00000,41.0
18.74500,-900.00000,41.0
18.75480,-900.00000,41.0
18.76460,-900.00000,41.0
18.77480,-900.00000,41.0
18.78460,-900.00000,41.0
18.79480,-900.00000,41.0
18.80460,-900.00000,41.0
18.81480,-900.00000,41.0
18.82460,-900.00000,41.0
18.83480,-900.00000,41.0
18.84460,-900.00000,41.0
18.85450,-584.00208,41.0
18.86460,271.99792,41.0
18.87450,900.00000,41.0
18.88460,900.00000,41.0
18.89440,900.00000,41.0
18.90460,900.00000,41.0
18.91440,900.00000,41.0
18.92460,900.00000,41.0
18.93440,900.00000,41.0
18.94460,900.00000,41.0
18.95440,900.00000,41.0
18.96430,900.00000,41.0
18.97440,900.00000,41.0
18.98430,900.00000,41.0
18.99440,900.00000,41.0
19.00430,900.00000,41.0
19.01440,900.00000,41.0
19.02430,900.00000,41.0
19.03440,900.00000,41.0
19.04430,900.00000,41.0
19.05450,321.99792,41.0
19.06420,12.99792,41.0
19.07410,-335.00208,41.0
19.08420,-900.00000,41.0
19.09410,-900.00000,41.0
19.10420,-900.00000,41.0
19.11410,-900.00000,41.0
19.12420,-900.00000,41.0
19.13410,-900.00000,41.0
19.14420,-900.00000,41.0
19.15410,-900.00000,41.0
19.16390,-900.00000,41.0
19.17410,-900.00000,41.0
19.18390,-900.00000,41.0
19.19410,-900.00000,41.0
19.20390,-900.00000,41.0
19.21410,-900.00000,41.0
19.22390,-900.00000,41.0
19.23400,-900.00000,41.0
19.24390,-900.00000,41.0
19.25400,-673.00208,41.0
19.26390,900.00000,41.0
19.27370,900.00000,41.0
19.28390,900.00000,41.0
19.29370,900.00000,41.0
19.30390,900.00000,41.0
19.31370,900.00000,41.0
19.32390,900.00000,41.0
19.33370,900.00000,41.0
19.34390,900.00000,41.0
19.35370,900.00000,41.0
19.36390,900.00000,41.0
19.37370,900.00000,41.0
19.38350,900.00000,41.0
19.39370,833.99792,41.0
19.40350,-900.00000,41.0
19.41370,-900.00000,41.0
19.42350,-900.00000,41.0
19.43370,-900.00000,41.0
19.44350,-900.00000,41.0
19.45370,-900.00000,41.0
19.46350,-900.00000,41.0
19.47330,-900.00000,41.0
19.48350,-900.00000,41.0
19.49330,-900.00000,41.0
19.50350,-900.00000,41.0
19.51330,-900.00000,41.0
19.52350,-900.00000,41.0
19.53330,-900.00000,41.0
19.54350,-900.00000,41.0
19.55330,-307.00208,41.0
19.56350,900.00000,41.0
19.57330,900.00000,41.0
19.58320,900.00000,41.0
19.59330,900.00000,41.0
19.60320,900.00000,41.0
19.61330,900.00000,41.0
19.62310,900.00000,41.0
19.63330,900.00000,41.0
19.64310,900.00000,41.0
19.65330,900.00000,41.0
19.66310,900.00000,41.0
19.67300,900.00000,41.0
19.68310,137.99792,41.0
19.69300,8.99792,41.0
19.70310,-3.00208,41.0
19.71300,7.99792,41.0
19.72310,12.99792,41.0
19.73300,-0.00208,41.0
19.74310,-7.00208,41.0
19.75300,-5.00208,41.0
19.76320,5.99792,41.0
19.77290,2.99792,41.0
19.78280,-2.00208,41.0
19.79290,-5.00208,41.0
19.80280,4.99792,41.0
19.81290,5.99792,41.0
19.82280,-3.00208,41.0
19.83290,-10.00208,41.0
19.84280,1.99792,41.0
19.85300,18.99792,41.0
19.86280,11.99792,41.0
19.87260,-1.00208,41.0
19.88280,-5.00208,41.0
19.89260,-0.00208,41.0
19.90280,5.99792,41.0
19.91260,1.99792,41.0
19.92280,-3.00208,41.0
19.93260,-2.00208,41.0
19.94270,10.99792,41.0
19.95260,13.99792,41.0
19.96240,14.99792,41.0
19.97260,31.99792,41.0
19.98240,393.99792,41.0
19.99260,900.00000,41.0
20.00240,900.00000,41.0
20.01260,900.00000,41.0
20.02240,900.00000,41.0
20.03260,900.00000,41.0
20.04240,900.00000,41.0
20.05220,900.00000,41.0
20.06240,900.00000,41.0
20.07220,900.00000,41.0
20.08240,900.00000,41.0
20.09220,900.00000,41.0
20.10240,900.00000,41.0
20.11220,900.00000,41.0
20.12240,900.00000,41.0
20.13220,900.00000,41.0
20.14200,900.00000,41.0
20.15220,900.00000,41.0
20.16200,900.00000,41.0
20.17220,900.00000,41.0
20.18200,900.00000,41.0
20.19220,900.00000,41.0
20.20200,900.00000,41.0
20.21220,900.00000,41.0
20.22200,900.00000,41.0
20.23190,900.00000,41.0
20.24200,900.00000,41.0
20.25190,900.00000,41.0
20.26200,900.00000,41.0
20.27190,900.00000,41.0
20.28200,900.00000,41.0
20.29180,900.00000,41.0
20.30200,900.00000,41.0
20.31180,900.00000,41.0
20.32170,900.00000,41.0
20.33180,900.00000,41.0
20.34170,900.00000,41.0
20.35180,900.00000,41.0
20.36170,900.00000,41.0
20.37180,900.00000,41.0
20.38170,900.00000,41.0
20.39180,900.00000,41.0
20.40170,900.00000,41.0
20.41190,900.00000,41.0
20.42170,900.00000,41.0
20.43150,900.00000,41.0
20.44170,900.00000,41.0
20.45150,900.00000,41.0
20.46160,900.00000,41.0
20.47150,900.00000,41.0
20.48160,900.00000,41.0
20.49150,900.00000,41.0
20.50170,900.00000,41.0
20.51150,900.00000,41.0
20.52130,900.00000,41.0
20.53150,900.00000,41.0
20.54130,900.00000,41.0
20.55150,165.99792,41.0
20.56130,10.99792,41.0
20.57150,-8.00208,41.0
20.58130,-4.00208,41.0
20.59150,-4.00208,41.0
20.60130,-1.00208,41.0
20.61110,0.99792,41.0
20.62130,-2.00208,41.0
20.63110,-1.00208,41.0
20.64130,-7.00208,41.0
20.65110,-8.00208,41.0
20.66130,-1.00208,41.0
20.67110,3.99792,41.0
20.68130,7.99792,41.0
20.69110,4.99792,41.0
20.70090,0.99792,41.0
20.71110,-3.00208,41.0
20.72090,-2.00208,41.0
20.73110,4.99792,41.0
20.74090,-1.00208,41.0
20.75110,2.99792,41.0
20.76090,2.99792,41.0
20.77110,4.99792,41.0
20.78090,1.99792,41.0
20.79080,-1.00208,41.0
20.80090,1.99792,41.0
20.81080,3.99792,41.0
20.82090,1.99792,41.0
20.83080,3.99792,41.0
20.84090,4.99792,41.0
20.85070,3.99792,41.0
20.86090,9.99792,41.0
20.87070,10.99792,41.0
20.88100,8.99792,41.0
20.89070,4.99792,41.0
20.90060,4.99792,41.0
20.91070,4.99792,41.0
20.92060,1.99792,41.0
20.93070,-1.00208,41.0
20.94060,-0.00208,41.0
20.95070,0.99792,41.0
20.96060,-3.00208,41.0
20.97080,-1.00208,41.0
20.98060,-3.00208,41.0
20.99040,1.99792,41.0
21.00060,3.99792,41.0
21.01040,3.99792,41.0
21.02050,3.99792,41.0
21.03040,0.99792,41.0
21.04050,0.99792,41.0
21.05040,-0.00208,41.0
21.06050,1.99792,41.0
21.07040,3.99792,41.0
21.08020,4.99792,41.0
21.09040,2.99792,41.0
21.10020,-1.00208,41.0
21.11040,-1.00208,41.0
21.12020,-5.00208,41.0
21.13040,-8.00208,41.0
21.14020,-5.00208,41.0
21.15040,-1.00208,41.0
21.16020,-1.00208,41.0
21.17000,0.99792,41.0
21.18020,-2.00208,41.0
21.19000,-1.00208,41.0
21.20020,-8.00208,41.0
21.21000,-41.00208,41.0
21.22020,-379.00208,41.0
21.23000,-900.00000,41.0
21.24020,-900.00000,41.0
21.25000,-900.00000,41.0
21.25980,-900.00000,41.0
21.27000,-900.00000,41.0
21.27980,-900.00000,41.0
21.29000,-900.00000,41.0
21.29980,-900.00000,41.0
21.31000,-900.00000,41.0
21.31980,-900.00000,41.0
21.33000,-900.00000,41.0
21.33980,-900.00000,41.0
21.35000,-900.00000,41.0
21.35980,-900.00000,41.0
21.36970,-900.00000,41.0
21.37980,-900.00000,41.0
21.38960,-900.00000,41.0
21.39980,-900.00000,41.0
21.40960,-900.00000,41.0
21.41980,-900.00000,41.0
21.42960,-900.00000,41.0
21.43980,-900.00000,41.0
21.44960,-900.00000,41.0
21.45950,-900.00000,41.0
21.46960,-900.00000,41.0
21.47950,-900.00000,41.0
21.48960,-900.00000,41.0
21.49950,-900.00000,41.0
21.50960,-900.00000,41.0
21.51950,-900.00000,41.0
21.52960,-900.00000,41.0
21.53940,-900.00000,41.0
21.54930,-900.00000,41.0
21.55940,-900.00000,41.0
21.56930,-900.00000,41.0
21.57940,-900.00000,41.0
21.58930,-900.00000,41.0
21.59940,-900.00000,41.0
21.60930,-900.00000,41.0
21.61940,-900.00000,41.0
21.62930,-900.00000,41.0
21.63950,-900.00000,41.0
21.64930,-900.00000,41.0
21.65910,-900.00000,41.0
21.66930,-900.00000,41.0
21.67910,-900.00000,41.0
21.68930,-900.00000,41.0
21.69910,-900.00000,41.0
21.70930,-900.00000,41.0
21.71910,-900.00000,41.0
21.72920,-900.00000,41.0
21.73910,-900.00000,41.0
21.74890,-900.00000,41.0
21.75910,-900.00000,41.0
21.76890,-900.00000,41.0
21.77910,-900.00000,41.0
21.78890,-900.00000,41.0
21.79910,-900.00000,41.0
21.80890,-900.00000,41.0
21.81910,-900.00000,41.0
21.82890,-775.00208,41.0
21.83870,-130.00208,41.0
21.84890,-12.00208,41.0
21.85870,1.99792,41.0
21.86890,12.99792,41.0
21.87870,8.99792,41.0
21.88890,11.99792,41.0
21.89870,11.99792,41.0
21.90890,10.99792,41.0
21.91870,5.99792,41.0
21.92890,6.99792,41.0
21.93870,6.99792,41.0
21.94850,4.99792,41.0
21.95870,-1.00208,41.0
21.96850,0.99792,41.0
21.97870,4.99792,41.0
21.98850,6.99792,41.0
21.99870,4.99792,41.0
22.00850,4.99792,41.0
22.01870,9.99792,41.0
22.02850,16.99792,41.0
22.03840,8.99792,41.0
22.04850,3.99792,41.0
22.05840,1.99792,41.0
22.06850,5.99792,41.0
22.07840,4.99792,41.0
22.08850,6.99792,41.0
22.09840,3.99792,41.0
22.10850,1.99792,41.0
22.11830,4.99792,41.0
22.12820,5.99792,41.0
22.13830,5.99792,41.0
22.14820,4.99792,41.0
22.15830,5.99792,41.0
22.16820,12.99792,41.0
22.17830,7.99792,41.0
22.18820,5.99792,41.0
22.19830,5.99792,41.0
22.20820,8.99792,41.0
22.21800,15.99792,41.0
22.22820,36.99792,41.0
22.23800,120.99792,41.0
22.24820,389.99792,41.0
22.25800,757.99792,41.0
22.26820,900.00000,41.0
22.27800,894.99792,41.0
22.28810,776.99792,41.0
22.29800,804.99792,41.0
22.30820,900.00000,41.0
22.31800,900.00000,41.0
22.32780,900.00000,41.0
22.33800,900.00000,41.0
22.34780,900.00000,41.0
22.35800,900.00000,41.0
22.36780,900.00000,41.0
22.37800,900.00000,41.0
22.38780,900.00000,41.0
22.39800,900.00000,41.0
22.40780,900.00000,41.0
22.41760,900.00000,41.0
22.42780,900.00000,41.0
22.43760,900.00000,41.0
22.44780,900.00000,41.0
22.45760,900.00000,41.0
22.46780,900.00000,41.0
22.47760,900.00000,41.0
22.48780,900.00000,41.0
22.49760,900.00000,41.0
22.50740,900.00000,41.0
22.51760,900.00000,41.0
22.52740,900.00000,41.0
22.53760,900.00000,41.0
22.54740,900.00000,41.0
22.55760,900.00000,41.0
22.56740,900.00000,41.0
22.57760,900.00000,41.0
22.58740,900.00000,41.0
22.59730,900.00000,41.0
22.60740,900.00000,41.0
22.61730,900.00000,41.0
22.62740,900.00000,41.0
22.63730,900.00000,41.0
22.64740,900.00000,41.0
22.65720,900.00000,41.0
22.66740,900.00000,41.0
22.67720,900.00000,41.0
22.68750,900.00000,41.0
22.69720,900.00000,41.0
22.70710,900.00000,41.0
22.71720,900.00000,41.0
22.72710,900.00000,41.0
22.73720,900.00000,41.0
22.74710,900.00000,41.0
22.75720,900.00000,41.0
22.76710,900.00000,41.0
22.77720,900.00000,41.0
22.78710,900.00000,41.0
22.79690,900.00000,41.0
22.80700,900.00000,41.0
22.81690,900.00000,41.0
22.82700,900.00000,41.0
22.83690,900.00000,41.0
22.84700,900.00000,41.0
22.85690,900.00000,41.0
22.86700,900.00000,41.0
22.87690,900.00000,41.0
22.88670,900.00000,41.0
22.89690,900.00000,41.0
22.90670,900.00000,41.0
22.91690,900.00000,41.0
22.92670,900.00000,41.0
22.93690,900.00000,41.0
22.94670,900.00000,41.0
22.95690,900.00000,41.0
22.96670,900.00000,41.0
22.97650,900.00000,41.0
22.98670,900.00000,41.0
22.99650,900.00000,41.0
23.00670,900.00000,41.0
23.01650,900.00000,41.0
23.02670,900.00000,41.0
23.03650,900.00000,41.0
23.04670,900.00000,41.0
23.05650,900.00000,41.0
23.06670,900.00000,41.0
23.07650,900.00000,41.0
23.08630,900.00000,41.0
23.09650,900.00000,41.0
23.10630,900.00000,41.0
23.11650,900.00000,41.0
23.12630,900.00000,41.0
23.13650,900.00000,41.0
23.14630,900.00000,41.0
23.15650,900.00000,41.0
23.16630,900.00000,41.0
23.17650,900.00000,41.0
23.18630,900.00000,41.0
23.19610,900.00000,41.0
23.20630,900.00000,41.0
23.21610,900.00000,41.0
23.22630,900.00000,41.0
23.23610,900.00000,41.0
23.24630,900.00000,41.0
23.25610,900.00000,41.0
23.26630,900.00000,41.0
23.27610,900.00000,41.0
23.28600,900.00000,41.0
23.29610,900.00000,41.0
23.30600,900.00000,41.0
23.31610,900.00000,41.0
23.32600,900.00000,41.0
23.33610,900.00000,41.0
23.34600,900.00000,41.0
23.35610,900.00000,41.0
23.36590,900.00000,41.0
23.37580,900.00000,41.0
23.38590,900.00000,41.0
23.39580,900.00000,41.0
23.40590,900.00000,41.0
23.41580,900.00000,41.0
23.42590,900.00000,41.0
23.43580,900.00000,41.0
23.44590,900.00000,41.0
23.45580,530.99792,41.0
23.46600,69.99792,41.0
23.47580,4.99792,41.0
23.48560,1.99792,41.0
23.49580,2.99792,41.0
23.50560,2.99792,41.0
23.51580,2.99792,41.0
23.52560,-6.00208,41.0
23.53580,-2.00208,41.0
23.54560,-4.00208,41.0
23.55570,-1.00208,41.0
23.56560,-2.00208,41.0
23.57540,-4.00208,41.0
23.58560,-3.00208,41.0
23.59540,-9.00208,41.0
23.60560,-12.00208,41.0
23.61540,-41.00208,41.0
23.62560,-78.00208,41.0
23.63540,-175.00208,41.0
23.64560,-381.00208,41.0
23.65540,-900.00000,41.0
23.66560,-900.00000,41.0
23.67540,-900.00000,41.0
23.68520,-900.00000,41.0
23.69540,-900.00000,41.0
23.70520,-900.00000,41.0
23.71540,-900.00000,41.0
23.72520,-900.00000,41.0
23.73540,-900.00000,41.0
23.74520,-900.00000,41.0
23.75540,-900.00000,41.0
23.76520,-900.00000,41.0
23.77500,-900.00000,41.0
23.78520,-900.00000,41.0
23.79500,-900.00000,41.0
23.80520,-900.00000,41.0
23.81500,-900.00000,41.0
23.82520,-900.00000,41.0
23.83500,-900.00000,41.0
23.84520,-900.00000,41.0
23.85500,-900.00000,41.0
23.86520,-900.00000,41.0
23.87500,-900.00000,41.0
23.88490,-900.00000,41.0
23.89500,-900.00000,41.0
23.90490,-900.00000,41.0
23.91500,-900.00000,41.0
23.92480,-900.00000,41.0
23.93500,-900.00000,41.0
23.94480,-900.00000,41.0
23.95510,-900.00000,41.0
23.96480,-900.00000,41.0
23.97470,-900.00000,41.0
23.98480,-900.00000,41.0
23.99470,-900.00000,41.0
24.00480,-900.00000,41.0
24.01470,-900.00000,41.0
24.02480,-900.00000,41.0
24.03470,-900.00000,41.0
24.04480,-900.00000,41.0
24.05470,-900.00000,41.0
24.06450,-900.00000,41.0
24.07470,-900.00000,41.0
24.08450,-900.00000,41.0
24.09460,-900.00000,41.0
24.10450,-900.00000,41.0
24.11460,-900.00000,41.0
24.12450,-900.00000,41.0
24.13460,-900.00000,41.0
24.14450,-900.00000,41.0
24.15470,-900.00000,41.0
24.16450,-900.00000,41.0
24.17430,-900.00000,41.0
24.18450,-900.00000,41.0
24.19430,-900.00000,41.0
24.20450,-900.00000,41.0
24.21430,-900.00000,41.0
24.22450,-900.00000,41.0
24.23430,-900.00000,41.0
24.24440,-900.00000,41.0
24.25430,-900.00000,41.0
24.26410,-900.00000,41.0
24.27430,-900.00000,41.0
24.28410,-900.00000,41.0
24.29430,-900.00000,41.0
24.30410,-900.00000,41.0
24.31430,-900.00000,41.0
24.32410,-900.00000,41.0
24.33430,-900.00000,41.0
24.34410,-900.00000,41.0
24.35430,-900.00000,41.0
24.36410,-900.00000,41.0
24.37390,-900.00000,41.0
24.38410,-900.00000,41.0
24.39390,-900.00000,41.0
24.40410,-900.00000,41.0
24.41390,-900.00000,41.0
24.42410,-900.00000,41.0
24.43390,-900.00000,41.0
24.44410,-900.00000,41.0
24.45390,-900.00000,41.0
24.46370,-900.00000,41.0
24.47390,-900.00000,41.0
24.48370,-900.00000,41.0
24.49390,-900.00000,41.0
24.50370,-900.00000,41.0
24.51390,-900.00000,41.0
24.52370,-900.00000,41.0
24.53390,-900.00000,41.0
24.54370,-900.00000,41.0
24.55390,-900.00000,41.0
24.56370,-900.00000,41.0
24.57360,-900.00000,41.0
24.58370,-900.00000,41.0
24.59360,-900.00000,41.0
24.60370,-900.00000,41.0
24.61350,-900.00000,41.0
24.62370,-900.00000,41.0
24.63350,-900.00000,41.0
24.64370,-900.00000,41.0
24.65350,-900.00000,41.0
24.66340,-900.00000,41.0
24.67350,-900.00000,41.0
24.68340,-900.00000,41.0
24.69350,-900.00000,41.0
24.70340,-900.00000,41.0
24.71350,-900.00000,41.0
24.72340,-900.00000,41.0
24.73350,-900.00000,41.0
24.74340,-900.00000,41.0
24.75360,-900.00000,41.0
24.76340,-900.00000,41.0
24.77320,-900.00000,41.0
24.78330,-900.00000,41.0
24.79320,-900.00000,41.0
24.80330,-900.00000,41.0
24.81320,-900.00000,41.0
24.82330,-900.00000,41.0
24.83320,-900.00000,41.0
24.84330,-900.00000,41.0
24.85320,-900.00000,41.0
24.86300,-900.00000,41.0
24.87320,-900.00000,41.0
24.88300,-900.00000,41.0
24.89320,-900.00000,41.0
24.90300,-900.00000,41.0
24.91320,-900.00000,41.0
24.92300,-900.00000,41.0
24.93320,-900.00000,41.0
24.94300,-900.00000,41.0
24.95320,-900.00000,41.0
24.96300,-900.00000,41.0
24.97280,-900.00000,41.0
24.98300,-900.00000,41.0
24.99280,-900.00000,41.0
25.00300,-900.00000,41.0
25.01280,-900.00000,41.0
25.02300,-900.00000,41.0
25.03280,-900.00000,41.0
25.04300,-900.00000,41.0
25.05280,-900.00000,41.0
25.06300,-900.00000,41.0
25.07280,-900.00000,41.0
25.08260,-654.00208,41.0
25.09280,-354.00208,41.0
25.10260,-271.00208,41.0
25.11280,-166.00208,41.0
25.12260,-48.00208,41.0
25.13280,14.99792,41.0
25.14260,103.99792,41.0
25.15280,821.99792,41.0
25.16260,900.00000,41.0
25.17240,900.00000,41.0
25.18260,900.00000,41.0
25.19240,900.00000,41.0
25.20260,900.00000,41.0
25.21240,900.00000,41.0
25.22260,900.00000,41.0
25.23240,900.00000,41.0
25.24260,900.00000,41.0
25.25240,900.00000,41.0
25.26260,900.00000,41.0
25.27240,900.00000,41.0
25.28230,900.00000,41.0
25.29240,900.00000,41.0
25.30230,900.00000,41.0
25.31240,900.00000,41.0
25.32230,900.00000,41.0
25.33240,900.00000,41.0
25.34230,900.00000,41.0
25.35250,900.00000,41.0
25.36220,900.00000,41.0
25.37210,900.00000,41.0
25.38220,900.00000,41.0
25.39210,900.00000,41.0
25.40220,900.00000,41.0
25.41210,900.00000,41.0
25.42220,900.00000,41.0
25.43210,900.00000,41.0
25.44220,900.00000,41.0
25.45210,900.00000,41.0
25.46190,900.00000,41.0
25.47210,900.00000,41.0
25.48190,900.00000,41.0
25.49210,900.00000,41.0
25.50190,900.00000,41.0
25.51210,900.00000,41.0
25.52190,900.00000,41.0
25.53200,900.00000,41.0
25.54190,900.00000,41.0
25.55170,900.00000,41.0
25.56190,900.00000,41.0
25.57170,900.00000,41.0
25.58190,900.00000,41.0
25.59170,900.00000,41.0
25.60190,900.00000,41.0
25.61170,900.00000,41.0
25.62190,900.00000,41.0
25.63170,900.00000,41.0
25.64190,900.00000,41.0
25.65170,900.00000,41.0
25.66150,900.00000,41.0
25.67170,900.00000,41.0
25.68150,900.00000,41.0
25.69170,900.00000,41.0
25.70150,900.00000,41.0
25.71170,900.00000,41.0
25.72150,900.00000,41.0
25.73170,900.00000,41.0
25.74150,900.00000,41.0
25.75130,900.00000,41.0
25.76150,900.00000,41.0
25.77130,900.00000,41.0
25.78150,900.00000,41.0
25.79130,795.99792,41.0
25.80150,281.99792,41.0
25.81130,185.99792,41.0
25.82150,111.99792,41.0
25.83130,40.99792,41.0
25.84120,8.99792,41.0
25.85130,-1.00208,41.0
25.86120,-4.00208,41.0
25.87130,-4.00208,41.0
25.88120,-3.00208,41.0
25.89130,-2.00208,41.0
25.90110,-0.00208,41.0
25.91130,-3.00208,41.0
25.92110,-4.00208,41.0
25.93140,-5.00208,41.0
25.94110,-1.00208,41.0
25.95100,-5.00208,41.0
25.96110,-0.00208,41.0
25.97100,0.99792,41.0
25.98110,6.99792,41.0
25.99100,2.99792,41.0
26.00110,4.99792,41.0
26.01100,4.99792,41.0
26.02120,2.99792,41.0
26.03100,0.99792,41.0
26.04080,2.99792,41.0
26.05100,5.99792,41.0
26.06080,5.99792,41.0
26.07090,4.99792,41.0
26.08080,0.99792,41.0
26.09090,-1.00208,41.0
26.10080,1.99792,41.0
26.11090,4.99792,41.0
26.12080,0.99792,41.0
26.13060,-0.00208,41.0
26.14080,0.99792,41.0
26.15060,6.99792,41.0
26.16080,10.99792,41.0
26.17060,9.99792,41.0
26.18080,6.99792,41.0
26.19060,2.99792,41.0
26.20080,1.99792,41.0
26.21060,-2.00208,41.0
26.22080,-0.00208,41.0
26.23060,1.99792,41.0
26.24040,1.99792,41.0
26.25060,1.99792,41.0
26.26040,-0.00208,41.0
26.27060,-0.00208,41.0
26.28040,-1.00208,41.0
26.29060,3.99792,41.0
26.30040,4.99792,41.0
26.31060,2.99792,41.0
26.32040,2.99792,41.0
26.33020,1.99792,41.0
26.34040,2.99792,41.0
26.35020,4.99792,41.0
26.36040,-1.00208,41.0
26.37020,0.99792,41.0
26.38040,0.99792,41.0
26.39020,1.99792,41.0
26.40040,2.99792,41.0
26.41020,2.99792,41.0
26.42000,0.99792,41.0
26.43020,2.99792,41.0
26.44000,0.99792,41.0
26.45020,-0.00208,41.0
26.46000,-4.00208,41.0
26.47020,0.99792,41.0
26.48000,1.99792,41.0
26.49020,2.99792,41.0
26.50000,-1.00208,41.0
26.51020,-1.00208,41.0
26.52000,0.99792,41.0
26.52990,-1.00208,41.0
26.54000,-0.00208,41.0
26.54990,-2.00208,41.0
26.56000,-2.00208,41.0
26.56980,1.99792,41.0
26.58000,3.99792,41.0
26.58980,3.99792,41.0
26.60000,-3.00208,41.0
26.60980,-1.00208,41.0
26.61970,-2.00208,41.0
26.62980,-1.00208,41.0
26.63970,5.99792,41.0
26.64980,4.99792,41.0
26.65970,0.99792,41.0
26.66980,-1.00208,41.0
26.67970,-0.00208,41.0
26.68980,-1.00208,41.0
26.69970,6.99792,41.0
26.70950,6.99792,41.0
26.71970,7.99792,41.0
26.72950,0.99792,41.0
26.73970,2.99792,41.0
26.74950,-3.00208,41.0
26.75960,0.99792,41.0
26.76950,-1.00208,41.0
26.77960,1.99792,41.0
26.78950,4.99792,41.0
26.79930,3.99792,41.0
26.80950,6.99792,41.0
26.81930,2.99792,41.0
26.82950,-0.00208,41.0
26.83930,-2.00208,41.0
26.84950,2.99792,41.0
26.85930,3.99792,41.0
26.86950,3.99792,41.0
26.87930,-0.00208,41.0
26.88950,1.99792,41.0
26.89930,0.99792,41.0
26.90910,-0.00208,41.0
26.91930,-0.00208,41.0
26.92910,3.99792,41.0
26.93930,1.99792,41.0
26.94910,0.99792,41.0
26.95930,2.99792,41.0
26.96910,-1.00208,41.0
26.97930,-1.00208,41.0
26.98910,0.99792,41.0
26.99890,2.99792,41.0
27.00910,2.99792,41.0
27.01890,0.99792,41.0
27.02910,-2.00208,41.0
27.03890,-0.00208,41.0
27.04910,2.99792,41.0
27.05890,6.99792,41.0
27.06910,0.99792,41.0
27.07890,-2.00208,41.0
27.08880,0.99792,41.0
27.09890,-1.00208,41.0
27.10880,-0.00208,41.0
27.11890,0.99792,41.0
27.12880,5.99792,41.0
27.13890,3.99792,41.0
27.14880,1.99792,41.0
27.15890,2.99792,41.0
27.16870,-0.00208,41.0
27.17860,1.99792,41.0
27.18870,-1.00208,41.0
27.19860,2.99792,41.0
27.20870,4.99792,41.0
27.21860,0.99792,41.0
27.22870,3.99792,41.0
27.23860,0.99792,41.0
27.24870,-0.00208,41.0
27.25860,-0.00208,41.0
27.26880,1.99792,41.0
27.27860,1.99792,41.0
27.28840,1.99792,41.0
27.29860,4.99792,41.0
27.30840,3.99792,41.0
27.31860,-0.00208,41.0
27.32840,1.99792,41.0
27.33850,3.99792,41.0
27.34840,2.99792,41.0
27.35860,2.99792,41.0
27.36840,-0.00208,41.0
27.37820,0.99792,41.0
27.38840,6.99792,41.0
27.39820,4.99792,41.0
27.40840,1.99792,41.0
27.41820,5.99792,41.0
27.42840,2.99792,41.0
27.43820,1.99792,41.0
27.44840,4.99792,41.0
27.45820,4.99792,41.0
27.46800,4.99792,41.0
27.47820,1.99792,41.0
27.48800,6.99792,41.0
27.49820,7.99792,41.0
27.50800,6.99792,41.0
27.51820,9.99792,41.0
27.52800,9.99792,41.0
27.53820,10.99792,41.0
27.54800,2.99792,41.0
27.55780,-0.00208,41.0
27.56800,4.99792,41.0
27.57780,6.99792,41.0
27.58800,6.99792,41.0
27.59780,1.99792,41.0
27.60800,0.99792,41.0
27.61780,1.99792,41.0
27.62800,6.99792,41.0
27.63780,4.99792,41.0
27.64770,8.99792,41.0
27.65780,5.99792,41.0
27.66770,0.99792,41.0
27.67780,2.99792,41.0
27.68770,4.99792,41.0
27.69780,3.99792,41.0
27.70770,5.99792,41.0
27.71790,4.99792,41.0
27.72760,-3.00208,41.0
27.73750,0.99792,41.0
27.74760,0.99792,41.0
27.75750,4.99792,41.0
27.76760,5.99792,41.0
27.77750,8.99792,41.0
27.78760,25.99792,41.0
27.79750,130.99792,41.0
27.80770,390.99792,41.0
27.81750,673.99792,41.0
27.82730,900.00000,41.0
27.83750,900.00000,41.0
27.84730,900.00000,41.0
27.85750,900.00000,41.0
27.86730,900.00000,41.0
27.87750,900.00000,41.0
27.88730,900.00000,41.0
27.89750,900.00000,41.0
27.90730,900.00000,41.0
27.91710,900.00000,41.0
27.92730,900.00000,41.0
27.93710,900.00000,41.0
27.94730,900.00000,41.0
27.95710,900.00000,41.0
27.96730,900.00000,41.0
27.97710,900.00000,41.0
27.98730,900.00000,41.0
27.99710,900.00000,41.0
28.00690,900.00000,41.0
28.01710,900.00000,41.0
28.02690,900.00000,41.0
28.03710,900.00000,41.0
28.04690,900.00000,41.0
28.05710,900.00000,41.0
28.06690,900.00000,41.0
28.07710,900.00000,41.0
28.08690,900.00000,41.0
28.09710,900.00000,41.0
28.10690,900.00000,41.0
28.11680,708.99792,41.0
28.12690,451.99792,41.0
28.13670,369.99792,41.0
28.14690,317.99792,41.0
28.15670,268.99792,41.0
28.16690,166.99792,41.0
28.17670,72.99792,41.0
28.18690,15.99792,41.0
28.19670,4.99792,41.0
28.20660,2.99792,41.0
28.21670,2.99792,41.0
28.22660,-2.00208,41.0
28.23670,-6.00208,41.0
28.24660,-9.00208,41.0
28.25670,-8.00208,41.0
28.26660,-6.00208,41.0
28.27670,-4.00208,41.0
28.28660,-1.00208,41.0
28.29640,-5.00208,41.0
28.30650,-9.00208,41.0
28.31640,-8.00208,41.0
28.32650,-11.00208,41.0
28.33640,-8.00208,41.0
28.34650,-5.00208,41.0
28.35640,-7.00208,41.0
28.36650,-11.00208,41.0
28.37640,-11.00208,41.0
28.38620,-9.00208,41.0
28.39640,-13.00208,41.0
28.40620,-39.00208,41.0
28.41640,-93.00208,41.0
28.42620,-214.00208,41.0
28.43640,-394.00208,41.0
28.44620,-648.00208,41.0
28.45630,-900.00000,41.0
28.46620,-900.00000,41.0
28.47640,-900.00000,41.0
28.48620,-900.00000,41.0
28.49600,-900.00000,41.0
28.50620,-900.00000,41.0
28.51600,-900.00000,41.0
28.52620,-900.00000,41.0
28.53600,-900.00000,41.0
28.54620,-900.00000,41.0
28.55600,-900.00000,41.0
28.56620,-900.00000,41.0
28.57600,-900.00000,41.0
28.58580,-900.00000,41.0
28.59600,-900.00000,41.0
28.60580,-900.00000,41.0
28.61600,-900.00000,41.0
28.62580,-900.00000,41.0
28.63600,-900.00000,41.0
28.64580,-900.00000,41.0
28.65600,-900.00000,41.0
28.66580,-900.00000,41.0
28.67560,-900.00000,41.0
28.68580,-900.00000,41.0
28.69560,-510.00208,41.0
28.70580,-180.00208,41.0
28.71560,-36.00208,41.0
28.72580,2.99792,41.0
28.73560,6.99792,41.0
28.74580,11.99792,41.0
28.75560,16.99792,41.0
28.76580,23.99792,41.0
28.77560,16.99792,41.0
28.78550,16.99792,41.0
28.79560,27.99792,41.0
28.80550,53.99792,41.0
28.81560,89.99792,41.0
28.82540,125.99792,41.0
28.83560,200.99792,41.0
28.84540,227.99792,41.0
28.85570,246.99792,41.0
28.86540,287.99792,41.0
28.87530,361.99792,41.0
28.88540,487.99792,41.0
28.89530,607.99792,41.0
28.90540,900.00000,41.0
28.91530,900.00000,41.0
28.92540,900.00000,41.0
28.93530,900.00000,41.0
28.94550,900.00000,41.0
28.95530,900.00000,41.0
28.96510,900.00000,41.0
28.97530,900.00000,41.0
28.98510,900.00000,41.0
28.99520,900.00000,41.0
29.00510,900.00000,41.0
29.01520,900.00000,41.0
29.02510,900.00000,41.0
29.03520,900.00000,41.0
29.04510,900.00000,41.0
29.05490,900.00000,41.0
29.06510,900.00000,41.0
29.07490,900.00000,41.0
29.08510,900.00000,41.0
29.09490,583.99792,41.0
29.10510,255.99792,41.0
29.11490,150.99792,41.0
29.12510,130.99792,41.0
29.13490,81.99792,41.0
29.14470,49.99792,41.0
29.15490,27.99792,41.0
29.16470,24.99792,41.0
29.17490,11.99792,41.0
29.18470,-1.00208,41.0
29.19490,-3.00208,41.0
29.20470,-4.00208,41.0
29.21490,-5.00208,41.0
29.22470,-8.00208,41.0
29.23450,-12.00208,41.0
29.24470,-11.00208,41.0
29.25450,-13.00208,41.0
29.26470,-7.00208,41.0
29.27450,-13.00208,41.0
29.28470,-17.00208,41.0
29.29450,-30.00208,41.0
29.30470,-150.00208,41.0
29.31450,-500.00208,41.0
29.32470,-900.00000,41.0
29.33450,-900.00000,41.0
29.34440,-900.00000,41.0
29.35450,-900.00000,41.0
29.36440,-900.00000,41.0
29.37450,-900.00000,41.0
29.38430,-900.00000,41.0
29.39450,-900.00000,41.0
29.40430,-900.00000,41.0
29.41450,-900.00000,41.0
29.42430,-900.00000,41.0
29.43420,-900.00000,41.0
29.44430,-900.00000,41.0
29.45420,-900.00000,41.0
29.46430,-900.00000,41.0
29.47420,-900.00000,41.0
29.48430,-900.00000,41.0
29.49420,-900.00000,41.0
29.50430,-870.00208,41.0
29.51420,-453.00208,41.0
29.52400,-229.00208,41.0
29.53420,-112.00208,41.0
29.54400,-38.00208,41.0
29.55410,-12.00208,41.0
29.56400,3.99792,41.0
29.57410,12.99792,41.0
29.58400,12.99792,41.0
29.59410,13.99792,41.0
29.60400,13.99792,41.0
29.61420,18.99792,41.0
29.62400,28.99792,41.0
29.63380,54.99792,41.0
29.64400,185.99792,41.0
29.65380,597.99792,41.0
29.66400,900.00000,41.0
29.67380,900.00000,41.0
29.68400,900.00000,41.0
29.69380,900.00000,41.0
29.70400,900.00000,41.0
29.71380,900.00000,41.0
29.72360,900.00000,41.0
29.73380,900.00000,41.0
29.74360,900.00000,41.0
29.75380,900.00000,41.0
29.76360,900.00000,41.0
29.77380,900.00000,41.0
29.78360,900.00000,41.0
29.79380,900.00000,41.0
29.80360,900.00000,41.0
29.81340,377.99792,41.0
29.82360,59.99792,41.0
29.83340,-2.00208,41.0
29.84360,-4.00208,41.0
29.85340,-6.00208,41.0
29.86360,-4.00208,41.0
29.87340,-3.00208,41.0
29.88360,-10.00208,41.0
29.89340,-11.00208,41.0
29.90320,-13.00208,41.0
29.91340,-10.00208,41.0
29.92320,-4.00208,41.0
29.93340,-1.00208,41.0
29.94320,0.99792,41.0
29.95340,-1.00208,41.0
29.96320,-2.00208,41.0
29.97340,2.99792,41.0
29.98320,7.99792,41.0
29.99310,0.99792,41.0
30.00320,-3.00208,41.0
30.01310,1.99792,41.0
30.02320,3.99792,41.0
30.03310,7.99792,41.0
30.04320,7.99792,41.0
30.05310,6.99792,41.0
30.06320,7.99792,41.0
30.07300,10.99792,41.0
30.08330,5.99792,41.0
30.09300,6.99792,41.0
30.10290,7.99792,41.0
30.11300,4.99792,41.0
30.12290,3.99792,41.0
30.13300,0.99792,41.0
30.14290,-3.00208,41.0
30.15300,-0.00208,41.0
30.16290,0.99792,41.0
30.17310,1.99792,41.0
30.18290,-3.00208,41.0
30.19270,0.99792,41.0
30.20290,3.99792,41.0
30.21270,10.99792,41.0
30.22290,3.99792,41.0
30.23270,1.99792,41.0
30.24280,2.99792,41.0
30.25270,0.99792,41.0
30.26280,3.99792,41.0
30.27270,6.99792,41.0
30.28250,3.99792,41.0
30.29270,0.99792,41.0
30.30250,2.99792,41.0
30.31270,-0.00208,41.0
30.32250,-3.00208,41.0
30.33270,0.99792,41.0
30.34250,1.99792,41.0
30.35270,0.99792,41.0
30.36250,-1.00208,41.0
30.37230,1.99792,41.0
30.38250,4.99792,41.0
30.39230,2.99792,41.0
30.40250,1.99792,41.0
30.41230,-1.00208,41.0
30.42250,2.99792,41.0
30.43230,-0.00208,41.0
30.44250,1.99792,41.0
30.45230,2.99792,41.0
30.46210,1.99792,41.0
30.47230,-2.00208,41.0
30.48210,-2.00208,41.0
30.49230,3.99792,41.0
30.50210,3.99792,41.0
30.51230,-0.00208,41.0
30.52210,1.99792,41.0
30.53230,2.99792,41.0
30.54210,11.99792,41.0
30.55200,2.99792,41.0
30.56210,-1.00208,41.0
30.57200,-0.00208,41.0
30.58210,-1.00208,41.0
30.59200,-6.00208,41.0
30.60210,-18.00208,41.0
30.61190,-12.00208,41.0
30.62210,-45.00208,41.0
30.63190,-514.00208,41.0
30.64220,-900.00000,41.0
30.65190,-900.00000,41.0
30.66180,-900.00000,41.0
30.67190,-900.00000,41.0
30.68180,-900.00000,41.0
30.69190,-900.00000,41.0
30.70180,-900.00000,41.0
30.71190,-900.00000,41.0
30.72180,-900.00000,41.0
30.73190,-900.00000,41.0
30.74180,-900.00000,41.0
30.75160,-900.00000,41.0
30.76170,-900.00000,41.0
30.77160,-900.00000,41.0
30.78170,-900.00000,41.0
30.79160,-900.00000,41.0
30.80170,-900.00000,41.0
30.81160,-900.00000,41.0
30.82170,-900.00000,41.0
30.83160,-900.00000,41.0
30.84140,-402.00208,41.0
30.85160,-51.00208,41.0
30.86140,5.99792,41.0
30.87160,28.99792,41.0
30.88140,32.99792,41.0
30.89160,70.99792,41.0
30.90140,354.99792,41.0
30.91160,900.00000,41.0
30.92140,900.00000,41.0
30.93150,900.00000,41.0
30.94140,900.00000,41.0
30.95120,900.00000,41.0
30.96140,900.00000,41.0
30.97120,900.00000,41.0
30.98140,900.00000,41.0
30.99120,900.00000,41.0
31.00140,900.00000,41.0
31.01120,900.00000,41.0
31.02140,900.00000,41.0
31.03120,141.99792,41.0
31.04140,-6.00208,41.0
31.05120,-22.00208,41.0
31.06100,-35.00208,41.0
31.07120,-171.00208,41.0
31.08100,-668.00208,41.0
31.09120,-900.00000,41.0
31.10100,-900.00000,41.0
31.11120,-900.00000,41.0
31.12100,-900.00000,41.0
31.13120,-900.00000,41.0
31.14100,-900.00000,41.0
31.15080,-900.00000,41.0
31.16100,-900.00000,41.0
31.17080,-900.00000,41.0
31.18100,-900.00000,41.0
31.19080,-900.00000,41.0
31.20100,-900.00000,41.0
31.21080,-489.00208,41.0
31.22100,-50.00208,41.0
31.23080,14.99792,41.0
31.24100,31.99792,41.0
31.25080,62.99792,41.0
31.26060,468.99792,41.0
31.27080,900.00000,41.0
31.28060,900.00000,41.0
31.29080,900.00000,41.0
31.30060,900.00000,41.0
31.31080,900.00000,41.0
31.32060,900.00000,41.0
31.33080,900.00000,41.0
31.34060,900.00000,41.0
31.35050,900.00000,41.0
31.36060,900.00000,41.0
31.37050,900.00000,41.0
31.38060,900.00000,41.0
31.39050,900.00000,41.0
31.40060,281.99792,41.0
31.41050,125.99792,41.0
31.42060,71.99792,41.0
31.43050,40.99792,41.0
31.44030,28.99792,41.0
31.45040,12.99792,41.0
31.46030,-2.00208,41.0
31.47040,-3.00208,41.0
31.48030,-3.00208,41.0
31.49040,0.99792,41.0
31.50030,0.99792,41.0
31.51040,7.99792,41.0
31.52030,7.99792,41.0
31.53050,3.99792,41.0
31.54030,2.99792,41.0
31.55010,-4.00208,41.0
31.56030,-1.00208,41.0
31.57010,0.99792,41.0
31.58030,7.99792,41.0
31.59010,3.99792,41.0
31.60030,-0.00208,41.0
31.61010,-3.00208,41.0
31.62030,-6.00208,41.0
31.63010,2.99792,41.0
31.63990,1.99792,41.0
31.65010,3.99792,41.0
31.65990,5.99792,41.0
31.67010,5.99792,41.0
31.67990,1.99792,41.0
31.69010,-4.00208,41.0
31.69990,-1.00208,41.0
31.71010,-5.00208,41.0
31.71990,-6.00208,41.0
31.73010,-8.00208,41.0
31.73990,-10.00208,41.0
31.74970,-6.00208,41.0
31.75990,-2.00208,41.0
31.76970,-3.00208,41.0
31.77990,-0.00208,41.0
31.78970,0.99792,41.0
31.79990,-0.00208,41.0
31.80970,6.99792,41.0
31.81990,6.99792,41.0
31.82970,1.99792,41.0
31.83950,-0.00208,41.0
31.84970,-1.00208,41.0
31.85950,1.99792,41.0
31.86970,3.99792,41.0
31.87950,3.99792,41.0
31.88970,-0.00208,41.0
31.89950,0.99792,41.0
31.90970,4.99792,41.0
31.91950,2.99792,41.0
31.92970,2.99792,41.0
31.93950,3.99792,41.0
31.94940,2.99792,41.0
31.95950,6.99792,41.0
31.96940,3.99792,41.0
31.97950,2.99792,41.0
31.98940,6.99792,41.0
31.99950,11.99792,41.0
32.00930,7.99792,41.0
32.01950,-1.00208,41.0
32.02930,0.99792,41.0
32.03920,-1.00208,41.0
32.04930,2.99792,41.0
32.05920,5.99792,41.0
32.06930,5.99792,41.0
32.07920,4.99792,41.0
32.08930,2.99792,41.0
32.09920,-2.00208,41.0
32.10930,4.99792,41.0
32.11920,0.99792,41.0
32.12900,2.99792,41.0
32.13920,1.99792,41.0
32.14900,2.99792,41.0
32.15920,5.99792,41.0
32.16900,1.99792,41.0
32.17910,0.99792,41.0
32.18900,0.99792,41.0
32.19910,2.99792,41.0
32.20900,3.99792,41.0
32.21920,10.99792,41.0
32.22900,3.99792,41.0
32.23880,4.99792,41.0
32.24900,2.99792,41.0
32.25880,5.99792,41.0
32.26900,-0.00208,41.0
32.27880,0.99792,41.0
32.28900,-0.00208,41.0
32.29880,-1.00208,41.0
32.30900,0.99792,41.0
32.31880,2.99792,41.0
32.32860,3.99792,41.0
32.33880,3.99792,41.0
32.34860,-1.00208,41.0
32.35880,-1.00208,41.0
32.36860,-1.00208,41.0
32.37880,-1.00208,41.0
32.38860,4.99792,41.0
32.39880,0.99792,41.0
32.40860,3.99792,41.0
32.41840,3.99792,41.0
32.42860,-0.00208,41.0
32.43840,-2.00208,41.0
32.44860,-2.00208,41.0
32.45840,-0.00208,41.0
32.46860,1.99792,41.0
32.47840,2.99792,41.0
32.48860,0.99792,41.0
32.49840,0.99792,41.0
32.50830,4.99792,41.0
32.51840,1.99792,41.0
32.52820,-4.00208,41.0
32.53840,-1.00208,41.0
32.54820,1.99792,41.0
32.55840,3.99792,41.0
32.56820,5.99792,41.0
32.57840,4.99792,41.0
32.58820,2.99792,41.0
32.59810,0.99792,41.0
32.60820,-0.00208,41.0
32.61810,0.99792,41.0
32.62820,4.99792,41.0
32.63810,2.99792,41.0
32.64820,1.99792,41.0
32.65810,1.99792,41.0
32.66820,1.99792,41.0
32.67810,2.99792,41.0
32.68830,3.99792,41.0
32.69810,1.99792,41.0
32.70790,0.99792,41.0
32.71800,3.99792,41.0
32.72790,1.99792,41.0
32.73800,4.99792,41.0
32.74790,3.99792,41.0
32.75800,-0.00208,41.0
32.76790,-0.00208,41.0
32.77810,-1.00208,41.0
32.78790,1.99792,41.0
32.79770,5.99792,41.0
32.80790,5.99792,41.0
32.81770,5.99792,41.0
32.82790,3.99792,41.0
32.83770,2.99792,41.0
32.84790,-1.00208,41.0
32.85770,-1.00208,41.0
32.86790,-0.00208,41.0
32.87770,1.99792,41.0
32.88750,-1.00208,41.0
32.89770,-2.00208,41.0
32.90750,5.99792,41.0
32.91770,10.99792,41.0
32.92750,3.99792,41.0
32.93770,4.99792,41.0
32.94750,0.99792,41.0
32.95770,1.99792,41.0
32.96750,2.99792,41.0
32.97730,2.99792,41.0
32.98750,6.99792,41.0
32.99730,4.99792,41.0
33.00750,2.99792,41.0
33.01730,1.99792,41.0
33.02750,-0.00208,41.0
33.03730,2.99792,41.0
33.04750,3.99792,41.0
33.05730,5.99792,41.0
33.06720,-0.00208,41.0
33.07730,-0.00208,41.0
33.08720,1.99792,41.0
33.09730,4.99792,41.0
33.10710,4.99792,41.0
33.11730,2.99792,41.0
33.12710,-0.00208,41.0
33.13730,-0.00208,41.0
33.14710,2.99792,41.0
33.15700,7.99792,41.0
33.16710,5.99792,41.0
33.17700,3.99792,41.0
33.18710,6.99792,41.0
33.19700,2.99792,41.0
33.20710,5.99792,41.0
33.21700,6.99792,41.0
33.22710,3.99792,41.0
33.23700,5.99792,41.0
33.24720,1.99792,41.0
33.25690,0.99792,41.0
33.26680,1.99792,41.0
33.27690,1.99792,41.0
33.28680,1.99792,41.0
33.29690,2.99792,41.0
33.30680,-0.00208,41.0
33.31690,0.99792,41.0
33.32680,4.99792,41.0
33.33700,4.99792,41.0
33.34680,5.99792,41.0
33.35660,-0.00208,41.0
33.36680,0.99792,41.0
33.37660,0.99792,41.0
33.38680,0.99792,41.0
33.39660,-1.00208,41.0
33.40680,-2.00208,41.0
33.41660,-0.00208,41.0
33.42680,2.99792,41.0
33.43660,0.99792,41.0
33.44640,1.99792,41.0
33.45660,9.99792,41.0
33.46640,0.99792,41.0
33.47660,-1.00208,41.0
33.48640,-0.00208,41.0
33.49660,1.99792,41.0
33.50640,1.99792,41.0
33.51660,2.99792,41.0
33.52640,2.99792,41.0
33.53620,6.99792,41.0
33.54640,6.99792,41.0
33.55620,8.99792,41.0
33.56640,10.99792,41.0
33.57620,7.99792,41.0
33.58640,2.99792,41.0
33.59620,4.99792,41.0
33.60640,6.99792,41.0
33.61620,6.99792,41.0
33.62610,8.99792,41.0
33.63620,65.99792,41.0
33.64600,424.99792,41.0
33.65620,900.00000,41.0
33.66600,900.00000,41.0
33.67620,900.00000,41.0
33.68600,900.00000,41.0
33.69620,900.00000,41.0
33.70600,900.00000,41.0
33.71590,900.00000,41.0
33.72600,900.00000,41.0
33.73590,900.00000,41.0
33.74600,900.00000,41.0
33.75590,900.00000,41.0
33.76600,900.00000,41.0
33.77590,900.00000,41.0
33.78600,900.00000,41.0
33.79590,900.00000,41.0
33.80570,900.00000,41.0
33.81580,273.99792,41.0
33.82570,62.99792,41.0
33.83580,9.99792,41.0
33.84570,-0.00208,41.0
33.85580,-1.00208,41.0
33.86570,-6.00208,41.0
33.87580,-10.00208,41.0
33.88570,-12.00208,41.0
33.89550,-12.00208,41.0
33.90570,-9.00208,41.0
33.91550,-12.00208,41.0
33.92570,-19.00208,41.0
33.93550,-56.00208,41.0
33.94570,-294.00208,41.0
33.95550,-719.00208,41.0
33.96570,-900.00000,41.0
33.97550,-900.00000,41.0
33.98530,-900.00000,41.0
33.99550,-900.00000,41.0
34.00530,-900.00000,41.0
34.01550,-900.00000,41.0
34.02530,-900.00000,41.0
34.03550,-900.00000,41.0
34.04530,-900.00000,41.0
34.05550,-900.00000,41.0
34.06530,-900.00000,41.0
34.07550,-900.00000,41.0
34.08530,-900.00000,41.0
34.09510,-900.00000,41.0
34.10530,-900.00000,41.0
34.11510,-900.00000,41.0
34.12530,-900.00000,41.0
34.13510,-900.00000,41.0
34.14530,-900.00000,41.0
34.15510,-900.00000,41.0
34.16530,-847.00208,41.0
34.17510,-130.00208,41.0
34.18490,-14.00208,41.0
34.19510,9.99792,41.0
34.20490,13.99792,41.0
34.21510,19.99792,41.0
34.22490,23.99792,41.0
34.23510,22.99792,41.0
34.24490,62.99792,41.0
34.25520,538.99792,41.0
34.26490,900.00000,41.0
34.27480,900.00000,41.0
34.28490,900.00000,41.0
34.29480,900.00000,41.0
34.30490,900.00000,41.0
34.31480,900.00000,41.0
34.32490,900.00000,41.0
34.33480,900.00000,41.0
34.34490,900.00000,41.0
34.35480,900.00000,41.0
34.36460,900.00000,41.0
34.37470,900.00000,41.0
34.38460,900.00000,41.0
34.39470,900.00000,41.0
34.40460,900.00000,41.0
34.41470,900.00000,41.0
34.42460,900.00000,41.0
34.43470,900.00000,41.0
34.44460,900.00000,41.0
34.45440,353.99792,41.0
34.46460,44.99792,41.0
34.47440,-3.00208,41.0
34.48460,-6.00208,41.0
34.49440,-10.00208,41.0
34.50460,-11.00208,41.0
34.51440,-11.00208,41.0
34.52450,-10.00208,41.0
34.53440,-13.00208,41.0
34.54460,-65.00208,41.0
34.55440,-485.00208,41.0
34.56420,-900.00000,41.0
34.57440,-900.00000,41.0
34.58420,-900.00000,41.0
34.59440,-900.00000,41.0
34.60420,-900.00000,41.0
34.61440,-900.00000,41.0
34.62420,-900.00000,41.0
34.63440,-900.00000,41.0
34.64420,-900.00000,41.0
34.65400,-900.00000,41.0
34.66420,-900.00000,41.0
34.67400,-685.00208,41.0
34.68420,-319.00208,41.0
34.69400,-123.00208,41.0
34.70420,-25.00208,41.0
34.71400,4.99792,41.0
34.72420,9.99792,41.0
34.73400,17.99792,41.0
34.74380,16.99792,41.0
34.75400,19.99792,41.0
34.76380,22.99792,41.0
34.77400,39.99792,41.0
34.78380,220.99792,41.0
34.79400,900.00000,41.0
34.80380,900.00000,41.0
34.81400,900.00000,41.0
34.82380,900.00000,41.0
34.83400,900.00000,41.0
34.84380,900.00000,41.0
34.85370,900.00000,41.0
34.86380,900.00000,41.0
34.87370,900.00000,41.0
34.88380,900.00000,41.0
34.89370,900.00000,41.0
34.90380,900.00000,41.0
34.91360,900.00000,41.0
34.92390,659.99792,41.0
34.93360,127.99792,41.0
34.94350,17.99792,41.0
34.95360,-5.00208,41.0
34.96350,-7.00208,41.0
34.97360,-14.00208,41.0
34.98350,-19.00208,41.0
34.99360,-19.00208,41.0
35.00350,-46.00208,41.0
35.01370,-389.00208,41.0
35.02350,-900.00000,41.0
35.03330,-900.00000,41.0
35.04350,-900.00000,41.0
35.05330,-900.00000,41.0
35.06350,-900.00000,41.0
35.07330,-900.00000,41.0
35.08340,-900.00000,41.0
35.09330,-900.00000,41.0
35.10340,-900.00000,41.0
35.11330,-900.00000,41.0
35.12310,-900.00000,41.0
35.13330,-900.00000,41.0
35.14310,-900.00000,41.0
35.15330,-450.00208,41.0
35.16310,-122.00208,41.0
35.17330,-20.00208,41.0
35.18310,5.99792,41.0
35.19330,8.99792,41.0
35.20310,10.99792,41.0
35.21290,11.99792,41.0
35.22310,13.99792,41.0
35.23290,20.99792,41.0
35.24310,23.99792,41.0
35.25290,54.99792,41.0
35.26310,414.99792,41.0
35.27290,900.00000,41.0
35.28310,900.00000,41.0
35.29290,900.00000,41.0
35.30270,900.00000,41.0
35.31290,900.00000,41.0
35.32270,900.00000,41.0
35.33290,900.00000,41.0
35.34270,900.00000,41.0
35.35290,900.00000,41.0
35.36270,900.00000,41.0
35.37290,900.00000,41.0
35.38270,771.99792,41.0
35.39290,191.99792,41.0
35.40270,31.99792,41.0
35.41260,-2.00208,41.0
35.42270,-9.00208,41.0
35.43260,-14.00208,41.0
35.44270,-19.00208,41.0
35.45260,-29.00208,41.0
35.46270,-268.00208,41.0
35.47260,-900.00000,41.0
35.48270,-900.00000,41.0
35.49250,-900.00000,41.0
35.50240,-900.00000,41.0
35.51250,-900.00000,41.0
35.52240,-900.00000,41.0
35.53250,-900.00000,41.0
35.54240,-900.00000,41.0
35.55250,-900.00000,41.0
35.56240,-900.00000,41.0
35.57250,-900.00000,41.0
35.58240,-900.00000,41.0
35.59260,-385.00208,41.0
35.60240,-49.00208,41.0
35.61220,2.99792,41.0
35.62240,10.99792,41.0
35.63220,5.99792,41.0
35.64230,9.99792,41.0
35.65220,10.99792,41.0
35.66230,12.99792,41.0
35.67220,14.99792,41.0
35.68240,9.99792,41.0
35.69220,5.99792,41.0
35.70200,-0.00208,41.0
35.71220,-3.00208,41.0
35.72200,-1.00208,41.0
35.73220,0.99792,41.0
35.74200,2.99792,41.0
35.75220,1.99792,41.0
35.76200,0.99792,41.0
35.77220,0.99792,41.0
35.78200,7.99792,41.0
35.79180,2.99792,41.0
35.80200,-1.00208,41.0
35.81180,-1.00208,41.0
35.82200,-0.00208,41.0
35.83180,6.99792,41.0
35.84200,2.99792,41.0
35.85180,5.99792,41.0
35.86200,-4.00208,41.0
35.87180,-1.00208,41.0
35.88160,0.99792,41.0
35.89180,-5.00208,41.0
35.90160,-1.00208,41.0
35.91180,3.99792,41.0
35.92160,3.99792,41.0
35.93180,-0.00208,41.0
35.94160,-6.00208,41.0
35.95180,2.99792,41.0
35.96160,0.99792,41.0
35.97180,-1.00208,41.0
35.98160,-5.00208,41.0
35.99140,-1.00208,41.0
36.00160,-0.00208,41.0
36.01140,1.99792,41.0
36.02160,1.99792,41.0
36.03140,-1.00208,41.0
36.04160,-0.00208,41.0
36.05140,0.99792,41.0
36.06160,-3.00208,41.0
36.07140,0.99792,41.0
36.08130,1.99792,41.0
36.09140,3.99792,41.0
36.10130,2.99792,41.0
36.11140,-2.00208,41.0
36.12130,-1.00208,41.0
36.13140,1.99792,41.0
36.14130,-1.00208,41.0
36.15140,-2.00208,41.0
36.16120,0.99792,41.0
36.17110,-2.00208,41.0
36.18120,-6.00208,41.0
36.19110,-1.00208,41.0
36.20120,0.99792,41.0
36.21110,1.99792,41.0
36.22120,0.99792,41.0
36.23110,1.99792,41.0
36.24120,0.99792,41.0
36.25110,0.99792,41.0
36.26090,3.99792,41.0
36.27110,0.99792,41.0
36.28090,0.99792,41.0
36.29110,2.99792,41.0
36.30090,6.99792,41.0
36.31110,2.99792,41.0
36.32090,5.99792,41.0
36.33100,4.99792,41.0
36.34090,-1.00208,41.0
36.35070,-2.00208,41.0
36.36090,-1.00208,41.0
36.37070,-1.00208,41.0
36.38090,0.99792,41.0
36.39070,-3.00208,41.0
36.40090,-2.00208,41.0
36.41070,-0.00208,41.0
36.42090,2.99792,41.0
36.43070,2.99792,41.0
36.44050,4.99792,41.0
36.45070,2.99792,41.0
36.46050,1.99792,41.0
36.47070,1.99792,41.0
36.48050,2.99792,41.0
36.49070,4.99792,41.0
36.50050,6.99792,41.0
36.51070,1.99792,41.0
36.52050,0.99792,41.0
36.53070,-3.00208,41.0
36.54050,-0.00208,41.0
36.55030,3.99792,41.0
36.56050,4.99792,41.0
36.57030,3.99792,41.0
36.58050,1.99792,41.0
36.59030,1.99792,41.0
36.60050,0.99792,41.0
36.61030,4.99792,41.0
36.62050,3.99792,41.0
36.63030,3.99792,41.0
36.64020,0.99792,41.0
36.65030,1.99792,41.0
36.66020,2.99792,41.0
36.67030,1.99792,41.0
36.68020,-0.00208,41.0
36.69030,0.99792,41.0
36.70020,2.99792,41.0
36.71030,8.99792,41.0
36.72010,18.99792,41.0
36.73000,80.99792,41.0
36.74010,261.99792,41.0
36.75000,542.99792,41.0
36.76010,841.99792,41.0
36.77000,900.00000,41.0
36.78010,900.00000,41.0
36.79000,900.00000,41.0
36.80010,900.00000,41.0
36.81000,900.00000,41.0
36.81980,900.00000,41.0
36.83000,900.00000,41.0
36.83980,900.00000,41.0
36.85000,900.00000,41.0
36.85980,900.00000,41.0
36.87000,900.00000,41.0
36.87980,900.00000,41.0
36.88990,900.00000,41.0
36.89980,900.00000,41.0
36.90960,900.00000,41.0
36.91980,900.00000,41.0
36.92960,900.00000,41.0
36.93980,900.00000,41.0
36.94960,900.00000,41.0
36.95980,900.00000,41.0
36.96960,900.00000,41.0
36.97980,900.00000,41.0
36.98960,900.00000,41.0
36.99940,900.00000,41.0
37.00960,900.00000,41.0
37.01940,900.00000,41.0
37.02960,900.00000,41.0
37.03940,900.00000,41.0
37.04960,900.00000,41.0
37.05940,900.00000,41.0
37.06960,900.00000,41.0
37.07940,900.00000,41.0
37.08960,900.00000,41.0
37.09940,900.00000,41.0
37.10920,900.00000,41.0
37.11940,900.00000,41.0
37.12920,900.00000,41.0
37.13940,900.00000,41.0
37.14920,900.00000,41.0
37.15940,900.00000,41.0
37.16920,900.00000,41.0
37.17940,900.00000,41.0
37.18920,900.00000,41.0
37.19910,900.00000,41.0
37.20920,900.00000,41.0
37.21910,900.00000,41.0
37.22920,900.00000,41.0
37.23900,900.00000,41.0
37.24920,900.00000,41.0
37.25900,900.00000,41.0
37.26920,900.00000,41.0
37.27900,900.00000,41.0
37.28890,900.00000,41.0
37.29900,900.00000,41.0
37.30890,900.00000,41.0
37.31900,900.00000,41.0
37.32890,900.00000,41.0
37.33900,900.00000,41.0
37.34890,900.00000,41.0
37.35900,900.00000,41.0
37.36890,900.00000,41.0
37.37870,900.00000,41.0
37.38880,900.00000,41.0
37.39870,900.00000,41.0
37.40880,900.00000,41.0
37.41870,900.00000,41.0
37.42880,900.00000,41.0
37.43870,900.00000,41.0
37.44880,900.00000,41.0
37.45870,900.00000,41.0
37.46850,900.00000,41.0
37.47870,900.00000,41.0
37.48850,900.00000,41.0
37.49870,900.00000,41.0
37.50850,900.00000,41.0
37.51870,900.00000,41.0
37.52850,900.00000,41.0
37.53860,900.00000,41.0
37.54850,900.00000,41.0
37.55830,900.00000,41.0
37.56850,900.00000,41.0
37.57830,900.00000,41.0
37.58850,900.00000,41.0
37.59830,900.00000,41.0
37.60850,900.00000,41.0
37.61830,900.00000,41.0
37.62850,317.99792,41.0
37.63830,36.99792,41.0
37.64810,-3.00208,41.0
37.65830,-6.00208,41.0
37.66810,-7.00208,41.0
37.67830,-16.00208,41.0
37.68810,-95.00208,41.0
37.69830,-856.00208,41.0
37.70810,-900.00000,41.0
37.71830,-900.00000,41.0
37.72810,-900.00000,41.0
37.73830,-900.00000,41.0
37.74810,-900.00000,41.0
37.75790,-900.00000,41.0
37.76810,-900.00000,41.0
37.77790,-900.00000,41.0
37.78810,-900.00000,41.0
37.79790,-900.00000,41.0
37.80810,-900.00000,41.0
37.81790,-900.00000,41.0
37.82810,-900.00000,41.0
37.83790,-900.00000,41.0
37.84780,-900.00000,41.0
37.85790,-900.00000,41.0
37.86780,-900.00000,41.0
37.87790,-900.00000,41.0
37.88780,-900.00000,41.0
37.89790,-900.00000,41.0
37.90780,-900.00000,41.0
37.91800,-900.00000,41.0
37.92770,-900.00000,41.0
37.93760,-900.00000,41.0
37.94770,-900.00000,41.0
37.95760,-900.00000,41.0
37.96770,-900.00000,41.0
37.97760,-900.00000,41.0
37.98770,-900.00000,41.0
37.99760,-900.00000,41.0
38.00780,-900.00000,41.0
38.01760,-900.00000,41.0
38.02740,-900.00000,41.0
38.03760,-900.00000,41.0
38.04740,-900.00000,41.0
38.05760,-900.00000,41.0
38.06740,-900.00000,41.0
38.07760,-900.00000,41.0
38.08740,-900.00000,41.0
38.09750,-900.00000,41.0
38.10740,-900.00000,41.0
38.11720,-900.00000,41.0
38.12740,-900.00000,41.0
38.13720,-900.00000,41.0
38.14740,-900.00000,41.0
38.15720,-900.00000,41.0
38.16740,-900.00000,41.0
38.17720,-900.00000,41.0
38.18740,-900.00000,41.0
38.19720,-900.00000,41.0
38.20700,-900.00000,41.0
38.21720,-900.00000,41.0
38.22700,-900.00000,41.0
38.23720,-900.00000,41.0
38.24700,-900.00000,41.0
38.25720,-900.00000,41.0
38.26700,-900.00000,41.0
38.27720,-900.00000,41.0
38.28700,-900.00000,41.0
38.29720,-900.00000,41.0
38.30700,-900.00000,41.0
38.31680,-900.00000,41.0
38.32700,-900.00000,41.0
38.33680,-900.00000,41.0
38.34700,-900.00000,41.0
38.35680,-900.00000,41.0
38.36700,-900.00000,41.0
38.37680,-900.00000,41.0
38.38700,-900.00000,41.0
38.39680,-900.00000,41.0
38.40670,-900.00000,41.0
38.41680,-900.00000,41.0
38.42670,-900.00000,41.0
38.43680,-900.00000,41.0
38.44670,-900.00000,41.0
38.45680,-900.00000,41.0
38.46670,-900.00000,41.0
38.47680,-900.00000,41.0
38.48660,-900.00000,41.0
38.49650,-900.00000,41.0
38.50660,-900.00000,41.0
38.51650,-900.00000,41.0
38.52660,-900.00000,41.0
38.53650,-900.00000,41.0
38.54660,-900.00000,41.0
38.55650,-900.00000,41.0
38.56660,-613.00208,41.0
38.57650,-89.00208,41.0
38.58630,-1.00208,41.0
38.59650,9.99792,41.0
38.60630,13.99792,41.0
38.61650,21.99792,41.0
38.62630,23.99792,41.0
38.63640,63.99792,41.0
38.64630,167.99792,41.0
38.65640,704.99792,41.0
38.66630,900.00000,41.0
38.67650,900.00000,41.0
38.68630,900.00000,41.0
38.69610,900.00000,41.0
38.70630,900.00000,41.0
38.71610,900.00000,41.0
38.72630,900.00000,41.0
38.73610,900.00000,41.0
38.74630,900.00000,41.0
38.75610,900.00000,41.0
38.76630,900.00000,41.0
38.77610,900.00000,41.0
38.78590,900.00000,41.0
38.79610,900.00000,41.0
38.80590,900.00000,41.0
38.81610,900.00000,41.0
38.82590,900.00000,41.0
38.83610,900.00000,41.0
38.84590,900.00000,41.0
38.85610,900.00000,41.0
38.86590,900.00000,41.0
38.87570,900.00000,41.0
38.88590,900.00000,41.0
38.89570,900.00000,41.0
38.90590,900.00000,41.0
38.91570,900.00000,41.0
38.92590,900.00000,41.0
38.93570,900.00000,41.0
38.94590,900.00000,41.0
38.95570,900.00000,41.0
38.96560,900.00000,41.0
38.97570,900.00000,41.0
38.98550,900.00000,41.0
38.99570,900.00000,41.0
39.00550,900.00000,41.0
39.01570,900.00000,41.0
39.02550,900.00000,41.0
39.03570,900.00000,41.0
39.04550,900.00000,41.0
39.05540,900.00000,41.0
39.06550,900.00000,41.0
39.07540,301.99792,41.0
39.08550,43.99792,41.0
39.09540,-0.00208,41.0
39.10550,-9.00208,41.0
39.11540,-6.00208,41.0
39.12550,-11.00208,41.0
39.13540,-22.00208,41.0
39.14520,-162.00208,41.0
39.15540,-900.00000,41.0
39.16520,-900.00000,41.0
39.17530,-900.00000,41.0
39.18520,-900.00000,41.0
39.19530,-900.00000,41.0
39.20520,-900.00000,41.0
39.21530,-900.00000,41.0
39.22520,-900.00000,41.0
39.23540,-900.00000,41.0
39.24520,-900.00000,41.0
39.25500,-900.00000,41.0
39.26520,-900.00000,41.0
39.27500,-900.00000,41.0
39.28520,-900.00000,41.0
39.29500,-900.00000,41.0
39.30520,-900.00000,41.0
39.31500,-900.00000,41.0
39.32520,-900.00000,41.0
39.33500,-900.00000,41.0
39.34480,-900.00000,41.0
39.35500,-900.00000,41.0
39.36480,-900.00000,41.0
39.37500,-179.00208,41.0
39.38480,-29.00208,41.0
39.39500,6.99792,41.0
39.40480,13.99792,41.0
39.41500,9.99792,41.0
39.42480,6.99792,41.0
39.43460,3.99792,41.0
39.44480,6.99792,41.0
39.45460,4.99792,41.0
39.46480,6.99792,41.0
39.47460,9.99792,41.0
39.48480,11.99792,41.0
39.49460,6.99792,41.0
39.50480,-2.00208,41.0
39.51460,0.99792,41.0
39.52440,-0.00208,41.0
39.53460,4.99792,41.0
39.54440,4.99792,41.0
39.55460,13.99792,41.0
39.56440,17.99792,41.0
39.57460,22.99792,41.0
39.58440,22.99792,41.0
39.59460,19.99792,41.0
39.60440,14.99792,41.0
39.61430,14.99792,41.0
39.62440,8.99792,41.0
39.63430,13.99792,41.0
39.64440,11.99792,41.0
39.65430,10.99792,41.0
39.66440,8.99792,41.0
39.67420,7.99792,41.0
39.68440,0.99792,41.0
39.69420,1.99792,41.0
39.70410,4.99792,41.0
39.71420,7.99792,41.0
39.72410,4.99792,41.0
39.73420,4.99792,41.0
39.74410,1.99792,41.0
39.75420,-2.00208,41.0
39.76410,3.99792,41.0
39.77420,1.99792,41.0
39.78410,-1.00208,41.0
39.79390,-3.00208,41.0
39.80410,1.99792,41.0
39.81390,1.99792,41.0
39.82410,2.99792,41.0
39.83390,1.99792,41.0
39.84400,-4.00208,41.0
39.85390,-7.00208,41.0
39.86400,-1.00208,41.0
39.87390,5.99792,41.0
39.88370,3.99792,41.0
39.89390,3.99792,41.0
39.90370,0.99792,41.0
39.91390,-2.00208,41.0
39.92370,-2.00208,41.0
39.93390,-4.00208,41.0
39.94370,-0.00208,41.0
39.95390,0.99792,41.0
39.96370,-2.00208,41.0
39.97350,-3.00208,41.0
39.98370,-0.00208,41.0
39.99350,0.99792,41.0
40.00370,-1.00208,41.0
40.01350,-1.00208,41.0
40.02370,-2.00208,41.0
40.03350,-1.00208,41.0
40.04370,1.99792,41.0
40.05350,3.99792,41.0
40.06370,1.99792,41.0
40.07350,-3.00208,41.0
40.08330,-3.00208,41.0
40.09350,-3.00208,41.0
40.10330,1.99792,41.0
40.11350,0.99792,41.0
40.12330,3.99792,41.0
40.13350,2.99792,41.0
40.14330,-0.00208,41.0
40.15350,-0.00208,41.0
40.16330,8.99792,41.0
40.17320,1.99792,41.0
40.18330,1.99792,41.0
40.19310,0.99792,41.0
40.20330,0.99792,41.0
40.21310,-1.00208,41.0
40.22330,3.99792,41.0
40.23310,1.99792,41.0
40.24330,-0.00208,41.0
40.25310,-1.00208,41.0
40.26300,-4.00208,41.0
40.27310,3.99792,41.0
40.28300,4.99792,41.0
40.29310,1.99792,41.0
40.30300,-2.00208,41.0
40.31310,-1.00208,41.0
40.32300,-2.00208,41.0
40.33310,1.99792,41.0
40.34300,3.99792,41.0
40.35280,3.99792,41.0
40.36300,3.99792,41.0
40.37280,1.99792,41.0
40.38290,0.99792,41.0
40.39280,1.99792,41.0
40.40290,4.99792,41.0
40.41280,5.99792,41.0
40.42290,0.99792,41.0
40.43280,0.99792,41.0
40.44300,-0.00208,41.0
40.45280,3.99792,41.0
40.46260,4.99792,41.0
40.47280,4.99792,41.0
40.48260,0.99792,41.0
40.49280,1.99792,41.0
40.50260,0.99792,41.0
40.51280,2.99792,41.0
40.52260,1.99792,41.0
40.53280,1.99792,41.0
40.54260,1.99792,41.0
40.55240,1.99792,41.0
40.56260,0.99792,41.0
40.57240,-0.00208,41.0
40.58260,-0.00208,41.0
40.59240,3.99792,41.0
40.60260,1.99792,41.0
40.61240,2.99792,41.0
40.62260,0.99792,41.0
40.63240,3.99792,41.0
40.64220,0.99792,41.0
40.65240,1.99792,41.0
40.66220,-2.00208,41.0
40.67240,-2.00208,41.0
40.68220,0.99792,41.0
40.69240,3.99792,41.0
40.70220,8.99792,41.0
40.71240,8.99792,41.0
40.72220,4.99792,41.0
40.73240,1.99792,41.0
40.74220,5.99792,41.0
40.75200,4.99792,41.0
40.76220,1.99792,41.0
40.77200,2.99792,41.0
40.78220,-2.00208,41.0
40.79200,1.99792,41.0
40.80220,-4.00208,41.0
40.81200,3.99792,41.0
40.82220,5.99792,41.0
40.83200,1.99792,41.0
40.84190,-0.00208,41.0
40.85200,-2.00208,41.0
40.86190,-0.00208,41.0
40.87200,2.99792,41.0
40.88190,3.99792,41.0
40.89200,4.99792,41.0
40.90190,2.99792,41.0
40.91200,1.99792,41.0
40.92180,3.99792,41.0
40.93170,3.99792,41.0
40.94180,-1.00208,41.0
40.95170,-1.00208,41.0
40.96180,-0.00208,41.0
40.97170,3.99792,41.0
40.98180,6.99792,41.0
40.99170,5.99792,41.0
41.00180,1.99792,41.0
41.01170,-1.00208,41.0
41.02190,0.99792,41.0
41.03170,1.99792,41.0
41.04150,4.99792,41.0
41.05170,4.99792,41.0
41.06150,5.99792,41.0
41.07170,-4.00208,41.0
41.08150,-1.00208,41.0
41.09170,2.99792,41.0
41.10150,5.99792,41.0
41.11160,2.99792,41.0
41.12150,2.99792,41.0
41.13130,4.99792,41.0
41.14150,8.99792,41.0
41.15130,4.99792,41.0
41.16150,2.99792,41.0
41.17130,6.99792,41.0
41.18150,3.99792,41.0
41.19130,1.99792,41.0
41.20150,2.99792,41.0
41.21130,-0.00208,41.0
41.22110,0.99792,41.0
41.23130,3.99792,41.0
41.24110,5.99792,41.0
41.25130,3.99792,41.0
41.26110,2.99792,41.0
41.27130,2.99792,41.0
41.28110,0.99792,41.0
41.29130,-0.00208,41.0
41.30110,-3.00208,41.0
41.31130,1.99792,41.0
41.32110,0.99792,41.0
41.33090,4.99792,41.0
41.34110,6.99792,41.0
41.35090,-3.00208,41.0
41.36110,-5.00208,41.0
41.37090,0.99792,41.0
41.38110,0.99792,41.0
41.39090,1.99792,41.0
41.40110,0.99792,41.0
41.41090,10.99792,41.0
41.42080,1.99792,41.0
41.43090,1.99792,41.0
41.44080,-0.00208,41.0
41.45090,-0.00208,41.0
41.46080,-1.00208,41.0
41.47090,2.99792,41.0
41.48070,1.99792,41.0
41.49090,-0.00208,41.0
41.50070,-1.00208,41.0
41.51100,-1.00208,41.0
41.52070,-1.00208,41.0
41.53060,0.99792,41.0
41.54070,0.99792,41.0
41.55060,1.99792,41.0
#2023/09/04 13:49:23
