#2023/10/05 12:48:38
heading
0.01
0.00
0.00
0.00
0.00
0.00
0.00
0.00
0.00
0.00
0.00
0.00
0.00
0.00
0.00
0.00
0.00
0.00
0.00
0.00
0.00
0.00
0.00
0.00
0.00
0.00
0.00
0.00
0.00
0.00
0.00
0.00
0.00
0.00
0.00
0.00
0.00
0.00
0.00
0.00
0.00
0.00
0.00
0.00
0.00
0.00
0.00
0.00
0.00
0.00
0.00
0.00
0.00
0.00
0.00
0.00
0.00
0.00
0.00
0.00
0.00
0.00
0.00
0.00
0.00
0.00
0.00
0.00
0.00
0.00
0.00
0.00
0.00
0.00
0.00
0.00
0.00
0.00
0.00
0.00
0.00
0.00
0.00
0.00
0.00
0.00
0.00
0.00
0.00
0.00
0.00
0.00
0.00
0.00
0.00
0.00
0.00
0.00
0.00
0.00
0.00
0.00
0.00
0.00
0.00
0.00
0.00
0.00
0.00
0.00
0.00
0.00
0.00
0.00
0.00
0.00
0.00
0.00
0.00
0.00
0.00
0.00
0.00
0.00
0.00
0.00
0.00
0.00
0.00
0.00
0.00
0.00
0.00
0.00
0.00
0.00
0.00
0.00
0.00
0.00
0.00
0.00
0.00
0.00
0.00
0.00
0.00
0.00
0.00
0.00
0.00
0.00
0.00
0.00
0.00
0.00
0.00
0.00
0.00
0.00
0.00
0.00
0.00
0.00
0.00
0.00
0.00
0.00
0.00
0.00
0.00
0.00
0.00
0.00
0.00
0.00
0.00
0.00
0.00
0.00
0.00
0.00
0.00
0.00
0.00
0.00
0.00
0.00
0.00
0.00
0.00
0.00
0.00
0.00
0.00
0.00
0.00
0.00
0.00
0.00
0.00
0.00
0.00
0.00
0.00
0.00
0.00
0.00
0.00
0.00
0.00
0.00
0.00
0.00
0.00
0.00
0.00
0.00
0.00
0.00
0.00
0.00
0.00
0.00
0.00
0.00
0.00
0.00
0.00
0.00
0.00
0.00
0.00
0.00
0.00
0.00
0.00
0.00
0.00
0.00
0.00
0.00
0.00
0.00
0.00
0.00
0.00
0.00
0.00
0.00
0.00
0.00
0.00
0.00
0.00
0.00
0.00
0.00
0.00
0.00
0.00
0.00
0.00
0.00
0.00
0.00
0.00
0.00
0.00
0.00
0.00
0.00
0.00
0.00
0.00
0.00
0.00
0.00
0.00
0.00
0.00
0.00
0.00
0.00
0.00
0.00
0.00
0.00
0.00
0.00
0.00
0.00
0.00
0.00
0.00
0.00
0.00
0.00
0.00
0.00
0.00
0.00
0.00
0.00
0.00
0.00
0.00
0.00
0.00
0.00
0.00
0.00
0.00
0.00
0.00
0.00
0.00
0.00
0.00
0.00
0.00
0.00
0.00
0.00
0.00
0.00
0.00
0.00
0.00
0.00
0.00
0.00
0.00
0.00
0.00
0.00
0.00
0.00
0.00
0.00
0.00
0.00
0.00
0.00
0.00
0.00
0.00
0.00
0.00
0.00
0.00
0.00
0.00
0.00
0.00
0.00
0.00
0.00
0.00
0.00
0.00
0.00
0.00
0.00
0.00
0.00
0.00
0.00
0.00
0.00
0.00
0.00
0.00
0.00
0.00
0.00
0.00
0.00
0.00
0.00
0.00
0.00
0.00
0.00
0.00
0.00
0.00
0.00
0.00
0.00
0.00
0.00
0.00
0.00
0.00
0.00
0.00
0.00
0.00
0.00
0.00
0.00
0.00
0.00
0.00
0.00
0.00
0.00
0.00
0.00
0.00
0.00
0.00
0.00
0.00
0.00
0.00
0.00
0.00
0.00
0.00
0.00
0.00
0.00
0.00
0.00
0.00
0.00
0.00
0.00
0.00
0.00
0.00
0.00
0.00
0.00
0.00
0.00
0.00
0.00
0.00
0.00
0.00
0.00
0.00
0.00
0.00
0.00
0.00
0.00
0.00
0.00
0.00
0.00
0.00
0.00
0.00
0.00
0.00
0.00
0.00
0.00
0.00
0.00
0.00
0.00
0.00
0.00
0.00
0.00
0.00
0.00
0.00
0.00
0.00
0.00
0.00
0.00
0.00
0.00
0.00
0.00
0.00
0.00
0.00
0.00
0.00
0.00
0.00
0.00
0.00
0.00
0.00
0.00
0.00
0.00
0.00
0.00
0.00
0.00
0.00
0.00
0.00
0.00
0.00
0.00
0.00
0.00
0.00
0.00
0.00
0.00
0.00
0.00
0.00
0.00
0.00
0.00
0.00
0.00
0.00
0.00
0.00
0.00
0.00
0.00
0.00
0.00
0.00
0.00
0.00
0.00
0.00
0.01
0.01
0.01
0.01
0.01
0.01
0.01
0.01
0.01
0.01
0.01
0.01
0.01
0.01
0.01
0.01
0.01
0.01
0.01
0.01
0.01
0.01
0.01
0.01
0.01
0.01
0.01
0.01
0.01
0.01
0.01
0.01
0.01
0.01
0.01
0.01
0.01
0.01
0.01
0.01
0.01
0.01
0.01
0.01
0.01
0.01
0.01
0.01
0.01
0.01
0.01
0.01
0.01
0.01
0.01
0.01
0.01
0.01
0.01
0.01
0.01
0.01
0.01
0.01
0.01
0.01
0.01
0.01
0.01
0.01
0.01
0.01
0.01
0.01
0.01
0.01
0.01
0.01
0.01
0.01
0.01
0.01
0.01
0.01
0.01
0.01
0.01
0.01
0.01
0.01
0.01
0.01
0.01
0.01
0.01
0.01
0.01
0.01
0.01
0.01
0.01
0.01
0.01
0.01
0.01
0.01
0.01
0.01
0.01
0.01
0.01
0.01
0.01
0.01
0.01
0.01
0.01
0.01
0.01
0.01
0.01
0.01
0.01
0.01
0.01
0.01
0.01
0.01
0.01
0.01
0.01
0.01
0.01
0.01
0.01
0.01
0.01
0.01
0.01
0.01
0.01
0.01
0.01
0.01
0.01
0.01
0.01
0.01
0.01
0.01
0.01
0.01
0.01
0.01
0.01
0.01
0.01
0.01
0.01
0.01
0.01
0.01
0.01
0.01
0.01
0.01
0.01
0.01
0.01
0.01
0.01
0.01
0.01
0.01
0.01
0.01
0.01
0.01
0.01
0.01
0.01
0.01
0.01
0.01
0.01
0.01
0.01
0.01
0.01
0.01
0.01
0.01
0.01
0.01
0.01
0.01
0.01
0.01
0.01
0.01
0.01
0.01
0.01
0.01
0.01
0.01
0.01
0.01
0.01
0.01
0.01
0.01
0.01
0.01
0.01
0.01
0.01
0.01
0.01
0.01
0.01
0.01
0.01
0.01
0.01
0.01
0.01
0.01
0.01
0.01
0.01
0.01
0.01
0.01
0.01
0.01
0.01
0.01
0.01
0.01
0.01
0.01
0.01
0.01
0.01
0.01
0.01
0.01
0.01
0.01
0.01
0.01
0.01
0.01
0.01
0.01
0.01
0.01
0.01
0.01
0.01
0.01
0.01
0.01
0.01
0.01
0.01
0.01
0.01
0.01
0.01
0.01
0.01
0.01
0.01
0.01
0.01
0.01
0.01
0.01
0.01
0.01
0.01
0.01
0.01
0.01
0.01
0.01
0.01
0.01
0.01
0.01
0.01
0.01
0.01
0.01
0.01
0.01
0.01
0.01
0.01
0.01
0.01
0.01
0.01
0.01
0.01
0.01
0.01
0.01
0.01
0.01
0.01
0.01
0.01
0.01
0.01
0.01
0.01
0.01
0.01
0.01
0.01
0.01
0.01
0.01
0.01
0.01
0.01
0.01
0.01
0.01
0.01
0.01
0.01
0.01
0.01
0.01
0.01
0.01
0.01
0.01
0.01
0.01
0.01
0.01
0.01
0.01
0.01
0.01
0.01
0.01
0.01
0.01
0.01
0.01
0.01
0.01
0.01
0.01
0.01
0.01
0.01
0.01
0.01
0.01
0.01
0.01
0.01
0.01
0.01
0.01
0.01
0.01
0.01
0.01
0.01
0.01
0.01
0.01
0.01
0.01
0.01
0.01
0.01
0.01
0.01
0.01
0.01
0.01
0.01
0.01
0.01
0.01
0.01
0.01
0.01
0.01
0.01
0.01
0.01
0.01
0.01
0.01
0.01
0.01
0.01
0.01
0.01
0.01
0.01
0.01
0.01
0.01
0.01
0.01
0.01
0.01
0.01
0.01
0.01
0.01
0.01
0.01
0.01
0.01
0.01
0.01
0.01
0.01
0.01
0.01
0.01
0.01
0.01
0.01
0.01
0.01
0.01
0.01
0.01
0.01
0.01
0.01
0.01
0.01
0.01
0.01
0.01
0.01
0.01
0.01
0.01
0.01
0.01
0.01
0.01
0.01
0.01
0.01
0.01
0.01
0.01
0.01
0.01
0.01
0.01
0.01
0.01
0.01
0.01
0.01
0.01
0.01
0.01
0.01
0.01
0.01
360.00
359.99
359.99
360.00
0.02
0.04
0.07
0.09
0.14
0.22
0.34
0.52
0.77
1.07
1.42
1.88
2.33
2.82
3.33
3.89
4.48
5.12
5.83
6.60
7.42
8.32
9.28
10.32
11.39
12.52
13.72
15.01
16.42
17.83
19.34
21.06
22.77
24.88
27.02
29.33
31.93
34.94
38.09
41.33
45.21
49.08
53.23
58.06
62.72
67.45
72.49
78.21
83.38
88.47
93.58
98.71
103.74
108.88
113.89
118.95
123.93
128.81
133.75
138.60
143.36
148.18
152.91
157.59
162.24
166.80
171.22
175.74
180.23
184.67
189.02
193.38
197.70
201.97
206.21
210.41
214.57
218.73
222.81
226.85
230.85
234.82
238.75
242.64
246.49
250.34
254.07
257.80
261.54
265.19
268.78
272.35
275.89
279.39
282.82
286.21
289.60
292.95
296.22
299.49
302.75
305.95
309.10
312.25
315.07
318.15
321.13
324.13
327.10
330.00
332.86
335.69
338.38
341.17
343.87
346.53
349.18
351.83
354.41
356.93
359.44
1.95
4.32
6.72
9.09
11.43
13.88
16.11
18.32
20.47
22.56
24.66
26.83
28.85
30.94
32.81
34.88
36.75
38.59
40.38
42.13
43.96
45.65
47.29
49.06
50.64
52.19
53.72
55.23
56.68
58.19
59.58
60.94
62.23
63.62
64.81
66.01
67.17
68.41
69.50
70.56
71.58
72.58
73.55
74.49
75.48
76.36
77.19
78.00
78.78
79.54
80.33
81.01
81.64
82.27
82.92
83.49
84.02
84.52
84.98
85.41
85.80
86.16
86.49
86.79
87.09
87.34
87.55
87.73
87.88
87.98
88.05
88.07
88.06
88.03
88.00
87.98
87.97
87.96
87.96
87.97
87.97
87.97
87.97
87.96
87.97
87.97
87.97
87.97
87.97
87.97
87.97
87.97
87.97
87.97
87.97
87.97
87.97
87.97
87.97
87.97
87.97
87.97
87.97
87.97
87.97
87.97
87.97
87.97
87.97
87.97
87.97
87.97
87.97
87.97
87.97
87.97
87.97
87.97
87.97
87.97
87.97
87.97
87.97
87.97
87.97
87.97
87.97
87.97
87.97
87.97
87.97
87.97
87.97
87.97
87.97
87.97
87.97
87.97
87.97
87.97
87.97
87.97
87.97
87.97
87.97
87.97
87.97
87.97
87.97
87.97
87.97
87.97
87.97
87.97
87.97
87.97
87.97
87.97
87.97
87.97
87.97
87.97
87.97
87.97
87.97
87.97
87.97
87.97
87.97
87.97
87.97
87.97
87.97
87.97
87.97
87.97
87.97
87.97
87.97
87.97
87.97
87.97
87.97
87.97
87.97
87.97
87.97
87.97
87.97
87.97
87.97
87.97
87.97
87.97
87.97
87.97
87.97
87.97
87.97
87.97
87.97
87.97
87.97
87.97
87.97
87.97
87.97
87.97
87.97
87.97
87.97
87.97
87.97
87.97
87.97
87.97
87.97
87.97
87.97
87.97
87.97
87.97
87.97
87.97
87.97
87.97
87.97
87.97
87.97
87.97
87.97
87.97
87.97
87.97
87.97
87.97
87.97
87.97
87.97
87.97
87.97
87.97
87.97
87.97
87.97
87.97
87.97
87.97
87.97
87.97
87.97
87.97
87.97
87.97
87.97
87.97
87.97
87.97
87.97
87.97
87.97
87.97
87.97
87.97
87.97
87.97
87.97
87.97
87.97
87.97
87.97
87.97
87.97
87.97
87.97
87.97
87.97
87.97
87.97
87.97
87.97
87.97
87.97
87.97
87.97
87.97
87.97
87.97
87.97
87.97
87.97
87.97
87.97
87.97
87.97
87.97
87.97
87.97
87.97
87.97
87.97
87.97
87.97
87.97
87.97
87.97
87.97
87.97
87.97
87.97
87.97
87.97
87.97
87.97
87.97
87.97
87.97
87.97
87.97
87.97
87.97
87.97
87.97
87.97
87.97
87.97
87.97
87.97
87.97
87.97
87.97
87.97
87.97
87.97
87.97
87.97
87.97
87.97
87.97
87.97
87.97
87.97
87.97
87.97
87.97
87.97
87.97
87.97
87.97
87.97
87.97
87.97
87.97
87.97
87.97
87.97
87.97
87.97
87.97
87.97
87.97
87.97
87.97
87.97
87.97
87.97
87.97
87.97
87.97
87.97
87.97
87.97
87.97
87.97
87.97
87.97
87.97
87.97
87.97
87.97
87.97
87.97
87.97
87.97
87.97
87.97
87.97
87.97
87.97
87.97
87.97
87.97
87.97
87.97
87.97
87.97
87.97
87.97
87.97
87.97
87.97
87.97
87.97
87.97
87.97
87.97
87.97
87.97
87.97
87.97
87.97
87.97
87.97
87.97
87.97
87.97
87.97
87.97
87.97
87.97
87.97
87.97
87.97
87.97
87.97
87.97
87.97
87.97
87.97
87.97
87.97
87.97
87.97
87.97
87.97
87.97
87.97
87.97
87.97
87.97
87.97
87.97
87.97
87.97
87.97
87.97
87.97
87.97
87.97
87.97
87.97
87.97
87.97
87.97
87.97
87.97
87.97
87.97
87.97
87.97
87.97
87.97
87.97
87.97
87.97
87.97
87.97
87.97
87.97
87.97
87.97
87.97
87.97
87.97
87.97
87.97
87.97
87.97
87.97
87.97
87.97
87.97
87.97
87.97
87.97
87.97
87.97
87.97
87.97
87.97
87.97
87.97
87.97
87.97
87.97
87.97
87.97
87.97
87.97
87.97
87.97
87.97
87.97
87.97
87.97
87.97
87.97
87.97
87.97
87.97
87.97
87.97
87.97
87.97
87.97
87.97
87.97
87.97
87.97
87.97
87.97
87.97
87.97
87.97
87.97
87.97
87.97
87.97
87.97
87.97
87.97
87.97
87.97
87.97
87.97
87.97
87.97
87.97
87.97
87.97
87.97
87.97
87.97
87.97
87.97
87.97
87.97
87.97
87.97
87.97
87.97
87.97
87.97
87.97
87.97
87.97
87.97
87.97
87.97
87.97
87.97
87.97
87.97
87.97
87.97
87.97
87.97
87.97
87.97
87.97
87.97
87.97
87.97
87.97
87.97
87.97
87.97
87.97
87.97
87.97
87.97
87.97
87.97
87.97
87.97
87.97
87.97
87.97
87.97
87.97
87.97
87.97
87.97
87.97
87.97
87.97
87.97
87.97
87.97
87.97
87.97
87.97
87.97
87.97
87.97
87.97
87.97
87.97
87.97
87.97
87.97
87.97
87.97
87.97
87.97
87.97
87.97
87.97
87.97
87.97
87.97
87.97
87.97
87.97
87.97
87.97
87.97
87.97
87.97
87.97
87.97
87.97
87.97
87.97
87.97
87.97
87.97
87.97
87.97
87.97
87.97
87.97
87.97
87.97
87.97
87.97
87.97
87.97
87.97
87.97
87.97
87.97
87.97
87.97
87.97
87.97
87.97
87.97
87.97
87.97
87.97
87.97
87.97
87.97
87.97
87.97
87.97
87.97
87.97
87.97
87.97
87.97
87.97
87.97
87.97
87.97
87.97
87.97
87.97
87.97
87.97
87.97
87.97
87.97
87.97
87.97
87.97
87.97
87.97
87.97
87.97
87.97
87.97
87.97
87.97
87.97
87.97
87.97
87.97
87.97
87.97
87.97
87.97
87.97
87.97
87.97
87.97
87.97
87.97
87.97
87.97
87.97
87.97
87.97
87.97
87.97
87.97
87.97
87.97
87.97
87.97
87.97
87.97
87.97
87.97
87.97
87.97
87.97
87.97
87.97
87.97
87.97
87.97
87.97
87.97
87.97
87.97
87.97
87.97
87.97
87.97
87.97
87.97
87.97
87.97
87.97
87.97
87.97
87.97
87.97
87.98
87.98
87.98
87.98
87.98
87.98
87.98
87.98
87.98
87.98
87.98
87.98
87.98
87.98
87.98
87.98
87.98
87.98
87.98
87.98
87.98
87.98
87.98
87.98
87.98
87.98
87.98
87.98
87.98
87.98
87.98
87.98
87.98
87.98
#2023/10/05 12:48:57
