#2021-12-17 15:19:53
0.47720, -0.00049, 110, 50.0
0.48850, 0.00049, 10, 50.0
0.49990, 0.00000, -7, 50.0
0.51120, -0.00049, 126, 50.0
0.52260, 0.00000, 103, 50.0
0.53390, -0.00049, 0, 50.0
0.54530, 0.00000, -14, 50.0
0.55660, 0.00000, 32, 50.0
0.56800, 0.00049, 114, 50.0
0.57930, 0.00000, 118, 50.0
0.59070, -0.00049, 128, 50.0
0.60200, 0.00000, -1, 50.0
0.61340, 0.00000, 85, 50.0
0.62470, 0.00098, 144, 50.0
0.63610, 0.00000, 82, 50.0
0.64740, -0.00049, 86, 50.0
0.65880, 0.00000, 65, 50.0
0.67010, -0.00049, 56, 50.0
0.68150, -0.00098, 104, 50.0
0.69280, 0.00000, 117, 50.0
0.70420, 0.00049, 20, 50.0
0.71550, -0.00049, 10, 50.0
0.72690, -0.00049, 101, 50.0
0.73820, -0.00049, 91, 50.0
0.74960, 0.00049, 120, 50.0
0.76090, 0.00000, 84, 50.0
0.77230, 0.00000, 80, 50.0
0.78360, 0.00000, 71, 50.0
0.79500, -0.00049, 90, 50.0
0.80630, -0.00049, 27, 50.0
0.81770, -0.00049, 16, 50.0
0.82900, 0.00049, 109, 50.0
0.84040, 0.00000, 62, 50.0
0.85170, 0.00000, 34, 50.0
0.86310, 0.00000, 118, 50.0
0.87440, -0.00049, 62, 50.0
0.88580, 0.00049, -2, 50.0
0.89710, 0.00000, -14, 50.0
0.90850, -0.00049, 4, 50.0
0.91980, 0.00000, 62, 50.0
0.93120, -0.00049, -14, 50.0
0.94250, 0.00000, 10, 50.0
0.95390, 0.00000, 15, 50.0
0.96520, -0.00049, 36, 50.0
0.97660, 0.00000, 62, 50.0
0.98790, 0.00049, 103, 50.0
0.99930, 0.00049, 74, 50.0
1.01060, 0.00000, 110, 50.0
1.02200, 0.00000, 54, 50.0
1.03330, -0.00049, 6, 50.0
1.04470, 0.00000, 36, 50.0
1.05600, 0.00049, 56, 50.0
1.06740, 0.00049, 100, 50.0
1.07870, 0.00000, 34, 50.0
1.09010, 0.00049, -12, 50.0
1.10140, 0.00000, 34, 50.0
1.11280, 0.00000, 29, 50.0
1.12410, 0.00000, 79, 50.0
1.13550, 0.00000, 84, 50.0
1.14680, 0.00049, 59, 50.0
1.15820, 0.00049, 42, 50.0
1.16950, -0.00049, 134, 50.0
1.18090, 0.00049, 136, 50.0
1.19220, -0.00049, 42, 50.0
1.20360, 0.00049, 66, 50.0
1.21490, -0.00049, 36, 50.0
1.22630, 0.00000, 20, 50.0
1.23760, 0.00000, 57, 50.0
1.24900, 0.00098, 133, 50.0
1.26030, -0.00049, 50, 50.0
1.27170, 0.00000, 110, 50.0
1.28300, 0.00049, 79, 50.0
1.29440, -0.00049, 105, 50.0
1.30570, 0.00000, 106, 50.0
1.31710, 0.00098, 86, 50.0
1.32840, 0.00049, 40, 50.0
1.33980, -0.00049, 68, 50.0
1.35110, 0.00000, 10, 50.0
1.36250, 0.00000, 64, 50.0
1.37380, 0.00049, 83, 50.0
1.38520, 0.00049, 52, 50.0
1.39650, -0.00049, 72, 50.0
1.40790, 0.00049, 29, 50.0
1.41920, -0.00049, 38, 50.0
1.43060, 0.00000, 52, 50.0
1.44190, -0.00049, 16, 50.0
1.45330, 0.00049, 113, 50.0
1.46460, -0.00049, 100, 50.0
1.47600, -0.00098, 68, 50.0
1.48730, -0.00049, 134, 50.0
1.49870, 0.00049, 74, 50.0
1.51000, -0.00049, 2, 50.0
1.52140, -0.00049, 52, 50.0
1.53270, 0.00049, 109, 50.0
1.54410, 0.00000, 46, 50.0
1.55540, -0.00049, 64, 50.0
1.56680, -0.00049, 81, 50.0
1.57810, 0.00000, 113, 50.0
1.58950, 0.00000, 126, 50.0
1.60080, -0.00049, 36, 50.0
1.61220, 0.00000, 103, 50.0
1.62350, 0.00049, 20, 50.0
1.63490, 0.00000, 48, 50.0
1.64620, -0.00049, 54, 50.0
1.65760, -0.00049, 58, 50.0
1.66890, -0.00049, 75, 50.0
1.68030, -0.00049, 22, 50.0
1.69160, 0.00000, 63, 50.0
1.70300, 0.00000, 24, 50.0
1.71430, 0.00000, 32, 50.0
1.72570, 0.00000, 146, 50.0
1.73700, 0.00049, 84, 50.0
1.74840, 0.00098, 3, 50.0
1.75970, 0.00000, 32, 50.0
1.77110, 0.00049, 26, 50.0
1.78240, 0.00049, 106, 50.0
1.79380, -0.00049, 153, 50.0
1.80510, 0.00000, 28, 50.0
1.81650, -0.00049, 98, 50.0
1.82780, 0.00000, 59, 50.0
1.83920, 0.00000, 130, 50.0
1.85050, 0.00049, 124, 50.0
1.86190, -0.00049, 2, 50.0
1.87320, 0.00000, 77, 50.0
1.88460, 0.00000, 4, 50.0
1.89590, -0.00049, 27, 50.0
1.90730, 0.00000, 35, 50.0
1.91860, 0.00000, 55, 50.0
1.93000, -0.00049, 90, 50.0
1.94130, 0.00049, 88, 50.0
1.95270, 0.00000, 31, 50.0
1.96400, 0.00049, -2, 50.0
1.97540, 0.00049, 20, 50.0
1.98670, 0.00000, 54, 50.0
1.99810, -0.00049, 37, 50.0
2.00940, 0.00000, 72, 50.0
2.02080, -0.00049, 75, 50.0
2.03210, 0.00049, 52, 50.0
2.04350, -0.00049, 4, 50.0
2.05480, 0.00049, 56, 50.0
2.06620, 0.00000, 24, 50.0
2.07750, 0.00000, -31, 50.0
2.08890, -0.00098, 90, 50.0
2.10020, 0.00000, 114, 50.0
2.11160, -0.00049, 166, 50.0
2.12290, 0.00000, -2, 50.0
2.13430, 0.00000, 128, 50.0
2.14560, 0.00049, 26, 50.0
2.15700, 0.00049, -2, 50.0
2.16830, 0.00000, 76, 50.0
2.17970, 0.00000, 104, 50.0
2.19100, 0.00049, 70, 50.0
2.20240, 0.00049, 26, 50.0
2.21370, 0.00000, 23, 50.0
2.22510, 0.00000, 62, 50.0
2.23640, 0.00049, 97, 50.0
2.24780, 0.00049, 78, 50.0
2.25910, 0.00000, 74, 50.0
2.27050, 0.00049, 158, 50.0
2.28180, 0.00049, 50, 50.0
2.29320, 0.00049, 24, 50.0
2.30450, 0.00000, 46, 50.0
2.31590, -0.00049, -10, 50.0
2.32720, 0.00049, 11, 50.0
2.33860, -0.00049, 38, 50.0
2.34990, -0.00049, 22, 50.0
2.36130, 0.00000, 80, 50.0
2.37260, -0.00049, 34, 50.0
2.38400, -0.00049, 2, 50.0
2.39530, 0.00000, 14, 50.0
2.40670, 0.00000, 67, 50.0
2.41800, -0.00049, 97, 50.0
2.42940, 0.00049, 94, 50.0
2.44070, 0.00000, 42, 50.0
2.45210, 0.00000, 95, 50.0
2.46340, 0.00000, 61, 50.0
2.47480, 0.00000, 110, 50.0
2.48610, 0.00000, 80, 50.0
2.49750, 0.00049, 21, 50.0
2.50880, -0.00098, 110, 50.0
2.52020, 0.00000, 126, 50.0
2.53150, -0.00049, 90, 50.0
2.54290, -0.00049, 92, 50.0
2.55420, 0.00000, 144, 50.0
2.56560, 0.00049, 84, 50.0
2.57690, 0.00000, 94, 50.0
2.58830, 0.00098, 49, 50.0
2.59960, 0.00000, 50, 50.0
2.61100, -0.00049, 8, 50.0
2.62230, -0.00098, 40, 50.0
2.63370, 0.00049, 72, 50.0
2.64500, -0.00098, 53, 50.0
2.65640, 0.00000, 125, 50.0
2.66770, 0.00000, 25, 50.0
2.67910, -0.00049, 26, 50.0
2.69040, -0.00049, 50, 50.0
2.70180, -0.00049, 31, 50.0
2.71310, 0.00000, 106, 50.0
2.72450, 0.00000, 34, 50.0
2.73580, -0.00049, 12, 50.0
2.74720, -0.00049, 122, 50.0
2.75850, 0.00000, 124, 50.0
2.76990, 0.00000, 12, 50.0
2.78120, 0.00000, 73, 50.0
2.79260, 0.00000, 109, 50.0
2.80390, 0.00049, 56, 50.0
2.81530, 0.00000, 12, 50.0
2.82660, 0.00049, 97, 50.0
2.83800, 0.00000, 54, 50.0
2.84930, 0.00000, 50, 50.0
2.86070, 0.00000, 14, 50.0
2.87200, 0.00000, 1, 50.0
2.88340, 0.00000, 5, 50.0
2.89470, 0.00049, 122, 50.0
2.90610, 0.00049, 80, 50.0
2.91740, 0.00049, 138, 50.0
2.92880, 0.00000, 78, 50.0
2.94010, 0.00000, -2, 50.0
2.95150, 0.00000, 54, 50.0
2.96280, -0.00098, 92, 50.0
2.97420, 0.00000, 138, 50.0
2.98550, 0.00000, 41, 50.0
2.99690, 0.00049, 18, 50.0
3.00820, 0.00000, 90, 50.0
3.01960, 0.00049, 2, 50.0
3.03090, 0.00000, 125, 50.0
3.04230, 0.00000, 95, 50.0
3.05360, 0.00000, 98, 50.0
3.06500, -0.00049, 82, 50.0
3.07630, 0.00049, 37, 50.0
3.08770, -0.00049, 67, 50.0
3.09900, 0.00049, 54, 50.0
3.11040, 0.00000, 127, 50.0
3.12170, 0.00000, 20, 50.0
3.13310, 0.00000, 36, 50.0
3.14440, -0.00049, 96, 50.0
3.15580, 0.00000, 95, 50.0
3.16710, 0.00049, 165, 50.0
3.17850, 0.00000, 132, 50.0
3.18980, -0.00049, 46, 50.0
3.20120, 0.00098, 34, 50.0
3.21250, 0.00000, -22, 50.0
3.22390, -0.00049, 64, 50.0
3.23520, 0.00000, 20, 50.0
3.24660, -0.00049, 2, 50.0
3.25790, 0.00049, 52, 50.0
3.26930, 0.00000, 10, 50.0
3.28060, 0.00000, 58, 50.0
3.29200, 0.00098, 102, 50.0
3.30330, -0.00049, 116, 50.0
3.31470, -0.00049, 20, 50.0
3.32600, 0.00000, 101, 50.0
3.33740, 0.00049, 140, 50.0
3.34870, 0.00000, 28, 50.0
3.36010, 0.00000, 24, 50.0
3.37140, 0.00000, 73, 50.0
3.38280, -0.00049, 52, 50.0
3.39410, 0.00000, 104, 50.0
3.40550, -0.00049, 101, 50.0
3.41680, -0.00049, 135, 50.0
3.42820, -0.00049, 124, 50.0
3.43950, 0.00000, 90, 50.0
3.45090, 0.00000, 16, 50.0
3.46220, 0.00000, 34, 50.0
3.47360, 0.00000, 74, 50.0
3.48490, 0.00000, 46, 50.0
3.49630, 0.00049, 124, 50.0
3.50760, -0.00049, 57, 50.0
3.51900, 0.00049, 22, 50.0
3.53030, 0.00000, -19, 50.0
3.54170, -0.00049, 98, 50.0
3.55300, 0.00000, 80, 50.0
3.56440, 0.00000, 128, 50.0
3.57570, 0.00000, 123, 50.0
3.58710, 0.00000, 95, 50.0
3.59840, 0.00098, 0, 50.0
3.60980, -0.00049, 58, 50.0
3.62110, -0.00049, 123, 50.0
3.63250, -0.00049, 133, 50.0
3.64380, 0.00098, 64, 50.0
3.65520, 0.00000, 90, 50.0
3.66650, -0.00049, 78, 50.0
3.67790, 0.00000, 70, 50.0
3.68920, -0.00049, 54, 50.0
3.70060, -0.00049, 90, 50.0
3.71190, 0.00000, 71, 50.0
3.72330, 0.00000, 104, 50.0
3.73460, -0.00049, 79, 50.0
3.74600, -0.00049, 68, 50.0
3.75730, 0.00000, 134, 50.0
3.76870, 0.00000, 132, 50.0
3.78000, 0.00000, -34, 50.0
3.79140, 0.00000, 109, 50.0
3.80270, 0.00000, -8, 50.0
3.81410, 0.00000, 48, 50.0
3.82540, 0.00049, 33, 50.0
3.83680, -0.00049, 167, 50.0
3.84810, 0.00049, 58, 50.0
3.85950, -0.00049, 32, 50.0
3.87080, 0.00000, 76, 50.0
3.88220, -0.00098, 83, 50.0
3.89350, 0.00000, 74, 50.0
3.90490, 0.00000, 56, 50.0
3.91620, 0.00049, 50, 50.0
3.92760, 0.00049, 20, 50.0
3.93890, 0.00000, 110, 50.0
3.95030, 0.00000, 125, 50.0
3.96160, 0.00049, 12, 50.0
3.97300, 0.00000, 58, 50.0
3.98430, 0.00000, -10, 50.0
3.99570, 0.00000, 51, 50.0
4.00700, -0.00049, 34, 50.0
4.01840, 0.00000, 12, 50.0
4.02970, 0.00000, 60, 50.0
4.04110, 0.00000, 111, 50.0
4.05240, 0.00049, 106, 50.0
4.06380, -0.00098, 120, 50.0
4.07510, 0.00000, 19, 50.0
4.08650, 0.00049, 135, 50.0
4.09780, -0.00049, 102, 50.0
4.10920, -0.00049, 120, 50.0
4.12050, 0.00098, 75, 50.0
4.13190, -0.00049, 16, 50.0
4.14320, 0.00000, 48, 50.0
4.15460, -0.00049, 40, 50.0
4.16590, 0.00049, -13, 50.0
4.17730, 0.00000, 8, 50.0
4.18860, 0.00049, 72, 50.0
4.20000, -0.00049, -19, 50.0
4.21130, -0.00049, 131, 50.0
4.22270, 0.00049, 106, 50.0
4.23400, 0.00049, 112, 50.0
4.24540, 0.00000, 82, 50.0
4.25670, 0.00000, 42, 50.0
4.26810, 0.00049, 52, 50.0
4.27940, 0.00000, 109, 50.0
4.29080, 0.00049, 67, 50.0
4.30210, 0.00000, 112, 50.0
4.31350, 0.00000, 130, 50.0
4.32480, -0.00049, 10, 50.0
4.33620, 0.00049, 1, 50.0
4.34750, -0.00049, 72, 50.0
4.35890, -0.00049, 134, 50.0
4.37020, 0.00000, 65, 50.0
4.38160, 0.00000, 128, 50.0
4.39290, -0.00098, 52, 50.0
4.40430, 0.00000, 30, 50.0
4.41560, -0.00049, -19, 50.0
4.42700, 0.00000, 78, 50.0
4.43830, 0.00000, 94, 50.0
4.44970, 0.00000, 38, 50.0
4.46100, -0.00049, 64, 50.0
4.47240, 0.00049, 104, 50.0
4.48370, 0.00000, 16, 50.0
4.49510, 0.00000, -2, 50.0
4.50640, 0.00049, 127, 50.0
4.51780, 0.00049, 132, 50.0
4.52910, 0.00000, 84, 50.0
4.54050, 0.00000, 122, 50.0
4.55180, 0.00049, 18, 50.0
4.56320, 0.00000, 40, 50.0
4.57450, -0.00098, 0, 50.0
4.58590, -0.00049, 76, 50.0
4.59720, 0.00049, 89, 50.0
4.60860, 0.00049, 108, 50.0
4.61990, 0.00000, 38, 50.0
4.63130, -0.00049, 30, 50.0
4.64260, 0.00049, 32, 50.0
4.65400, 0.00049, 10, 50.0
4.66530, 0.00000, 75, 50.0
4.67670, 0.00049, 22, 50.0
4.68800, 0.00049, 128, 50.0
4.69940, 0.00000, 0, 50.0
4.71070, -0.00049, 28, 50.0
4.72210, -0.00098, 118, 50.0
4.73340, 0.00049, 14, 50.0
4.74480, 0.00000, 44, 50.0
4.75610, -0.00049, 32, 50.0
4.76750, 0.00000, 64, 50.0
4.77880, 0.00000, 48, 50.0
4.79020, 0.00000, 95, 50.0
4.80150, -0.00049, 65, 50.0
4.81290, 0.00146, 8, 50.0
4.82420, 0.00049, 59, 50.0
4.83560, 0.00049, 135, 50.0
4.84690, -0.00049, 46, 50.0
4.85830, 0.00049, 78, 50.0
4.86960, 0.00000, -3, 50.0
4.88100, 0.00000, 1, 50.0
4.89230, -0.00049, 178, 50.0
4.90370, 0.00098, 50, 50.0
4.91500, 0.00000, 117, 50.0
4.92640, 0.00000, 18, 50.0
4.93770, 0.00000, 32, 50.0
4.94910, 0.00049, 39, 50.0
4.96040, 0.00049, 96, 50.0
4.97180, 0.00049, 130, 50.0
4.98310, 0.00000, 50, 50.0
4.99450, 0.00049, 151, 50.0
5.00580, 0.00000, 17, 50.0
5.01720, -0.00049, 90, 50.0
5.02850, 0.00049, 51, 50.0
5.03990, 0.00000, 75, 50.0
5.05120, 0.00000, 112, 50.0
5.06260, -0.00049, -6, 50.0
5.07390, -0.00049, 30, 50.0
5.08530, 0.00049, 5, 50.0
5.09660, 0.00098, 140, 50.0
5.10800, 0.00000, 108, 50.0
5.11930, 0.00000, 1, 50.0
5.13070, 0.00049, 40, 50.0
5.14200, -0.00049, 72, 50.0
5.15340, -0.00049, 102, 50.0
5.16470, 0.00049, 60, 50.0
5.17610, -0.00049, 85, 50.0
5.18740, 0.00000, 48, 50.0
5.19880, -0.00098, 50, 50.0
5.21010, -0.00049, 68, 50.0
5.22150, 0.00049, 20, 50.0
5.23280, 0.00000, -10, 50.0
5.24420, 0.00000, 135, 50.0
5.25550, 0.00000, 31, 50.0
5.26690, -0.00049, 118, 50.0
5.27820, -0.00098, 82, 50.0
5.28960, 0.00000, 1, 50.0
5.30090, 0.00049, 20, 50.0
5.31230, 0.00000, 6, 50.0
5.32360, 0.00000, 136, 50.0
5.33500, 0.00000, 63, 50.0
5.34630, 0.00049, 98, 50.0
5.35770, -0.00049, 36, 50.0
5.36900, 0.00000, 98, 50.0
5.38040, -0.00049, 118, 50.0
5.39170, 0.00000, 104, 50.0
5.40310, 0.00000, 126, 50.0
5.41440, 0.00000, 77, 50.0
5.42570, 0.00049, 39, 50.0
5.43710, -0.00049, 84, 50.0
5.44850, 0.00000, 20, 50.0
5.45980, 0.00049, 25, 50.0
5.47120, 0.00000, 10, 50.0
5.48250, -0.00049, 54, 50.0
5.49380, -0.00049, -1, 50.0
5.50520, 0.00000, 56, 50.0
5.51660, 0.00000, 100, 50.0
5.52790, 0.00000, 128, 50.0
5.53930, 0.00000, 94, 50.0
5.55060, 0.00000, 105, 50.0
5.56190, 0.00000, 90, 50.0
5.57330, 0.00049, 122, 50.0
5.58470, 0.00049, 120, 50.0
5.59600, 0.00000, 28, 50.0
5.60740, 0.00049, 102, 50.0
5.61870, 0.00000, 90, 50.0
5.63000, 0.00000, 94, 50.0
5.64140, 0.00049, 2, 50.0
5.65270, 0.00049, 38, 50.0
5.66410, 0.00049, 115, 50.0
5.67550, -0.00049, 17, 50.0
5.68680, 0.00000, 100, 50.0
5.69810, 0.00049, 12, 50.0
5.70950, -0.00049, 11, 50.0
5.72080, -0.00049, 55, 50.0
5.73220, 0.00000, 106, 50.0
5.74360, 0.00000, 46, 50.0
5.75490, -0.00049, 35, 50.0
5.76620, 0.00000, 28, 50.0
5.77760, 0.00000, 10, 50.0
5.78890, 0.00000, 19, 50.0
5.80030, 0.00000, -5, 50.0
5.81170, 0.00049, 128, 50.0
5.82300, 0.00000, 46, 50.0
5.83430, 0.00049, 117, 50.0
5.84570, -0.00049, 106, 50.0
5.85700, 0.00000, 24, 50.0
5.86840, 0.00049, 110, 50.0
5.87970, 0.00000, 26, 50.0
5.89110, -0.00049, 14, 50.0
5.90240, 0.00049, 10, 50.0
5.91380, 0.00049, 30, 50.0
5.92510, 0.00049, 15, 50.0
5.93650, 0.00049, 86, 50.0
5.94780, 0.00000, 122, 50.0
5.95920, 0.00000, 4, 50.0
5.97050, 0.00000, 76, 50.0
5.98190, 0.00049, 74, 50.0
5.99320, 0.00000, 72, 50.0
6.00460, 0.00049, 136, 50.0
6.01590, 0.00000, 115, 50.0
6.02730, 0.00000, 4, 50.0
6.03860, 0.00000, 12, 50.0
6.05000, -0.00049, 23, 50.0
6.06130, 0.00049, 110, 50.0
6.07270, -0.00098, 64, 50.0
6.08400, 0.00000, 120, 50.0
6.09540, 0.00000, 69, 50.0
6.10670, 0.00000, 48, 50.0
6.11810, 0.00000, -6, 50.0
6.12940, -0.00049, 19, 50.0
6.14080, 0.00049, 111, 50.0
6.15210, 0.00000, 44, 50.0
6.16350, 0.00000, 0, 50.0
6.17480, 0.00000, 18, 50.0
6.18620, -0.00098, 12, 50.0
6.19750, 0.00000, 2, 50.0
6.20890, -0.00049, 45, 50.0
6.22020, -0.00049, 49, 50.0
6.23160, 0.00000, 78, 50.0
6.24290, 0.00000, 63, 50.0
6.25430, 0.00000, 105, 50.0
6.26560, 0.00049, 93, 50.0
6.27700, 0.00000, 94, 50.0
6.28830, -0.00049, 94, 50.0
6.29970, -0.00049, 130, 50.0
6.31100, 0.00000, 18, 50.0
6.32240, -0.00049, 80, 50.0
6.33370, -0.00049, 94, 50.0
6.34510, 0.00049, 16, 50.0
6.35640, 0.00000, 64, 50.0
6.36780, -0.00049, -18, 50.0
6.37910, 0.00000, 117, 50.0
6.39050, 0.00049, 154, 50.0
6.40180, -0.00049, 54, 50.0
6.41320, 0.00000, 108, 50.0
6.42450, -0.00098, 114, 50.0
6.43590, 0.00049, 93, 50.0
6.44720, 0.00000, -14, 50.0
6.45860, 0.00000, 13, 50.0
6.46990, 0.00000, 128, 50.0
6.48130, 0.00049, 94, 50.0
6.49260, 0.00000, 26, 50.0
6.50400, 0.00049, 10, 50.0
6.51530, 0.00000, 102, 50.0
6.52670, 0.00049, 102, 50.0
6.53800, 0.00000, 70, 50.0
6.54940, -0.00049, 3, 50.0
6.56070, 0.00000, 103, 50.0
6.57210, 0.00000, 32, 50.0
6.58340, -0.00049, 87, 50.0
6.59480, -0.00049, 142, 50.0
6.60610, 0.00000, 86, 50.0
6.61750, 0.00049, 110, 50.0
6.62880, 0.00049, 72, 50.0
6.64020, -0.00049, 130, 50.0
6.65150, 0.00000, 26, 50.0
6.66290, 0.00000, -8, 50.0
6.67420, -0.00049, 16, 50.0
6.68560, 0.00000, 70, 50.0
6.69690, 0.00000, 112, 50.0
6.70830, 0.00049, 56, 50.0
6.71960, 0.00049, 108, 50.0
6.73100, -0.00049, 118, 50.0
6.74230, -0.00049, 52, 50.0
6.75370, 0.00000, 147, 50.0
6.76500, 0.00000, -7, 50.0
6.77640, 0.00049, 90, 50.0
6.78770, -0.00049, 115, 50.0
6.79910, 0.00049, 56, 50.0
6.81040, -0.00049, 4, 50.0
6.82180, 0.00000, 126, 50.0
6.83310, 0.00000, 108, 50.0
6.84450, 0.00000, 2, 50.0
6.85580, 0.00049, 28, 50.0
6.86720, 0.00049, 147, 50.0
6.87850, -0.00049, 44, 50.0
6.88990, 0.00049, 117, 50.0
6.90120, -0.00049, -12, 50.0
6.91260, 0.00000, 12, 50.0
6.92390, 0.00049, 92, 50.0
6.93530, -0.00049, -46, 50.0
6.94660, 0.00000, 54, 50.0
6.95800, 0.00000, 90, 50.0
6.96930, 0.00000, 75, 50.0
6.98070, 0.00049, 50, 50.0
6.99200, 0.00049, 36, 50.0
7.00340, 0.00000, 84, 50.0
7.01470, 0.00000, 120, 50.0
7.02610, 0.00000, 72, 50.0
7.03740, 0.00000, 66, 50.0
7.04880, 0.00000, 59, 50.0
7.06010, 0.00000, 104, 50.0
7.07150, 0.00000, 96, 50.0
7.08280, -0.00049, 8, 50.0
7.09420, 0.00000, 25, 50.0
7.10550, 0.00000, 52, 50.0
7.11690, 0.00000, 0, 50.0
7.12820, -0.00049, 4, 50.0
7.13960, 0.00049, 2, 50.0
7.15090, 0.00000, 62, 50.0
7.16230, 0.00000, 60, 50.0
7.17360, 0.00000, 66, 50.0
7.18500, 0.00000, 77, 50.0
7.19630, 0.00000, 26, 50.0
7.20770, 0.00000, 61, 50.0
7.21900, 0.00000, 110, 50.0
7.23040, 0.00000, 66, 50.0
7.24170, -0.00049, 132, 50.0
7.25310, 0.00049, 102, 50.0
7.26440, 0.00049, 86, 50.0
7.27580, -0.00049, 70, 50.0
7.28710, -0.00049, 0, 50.0
7.29850, 0.00049, 1, 50.0
7.30980, 0.00000, 37, 50.0
7.32120, 0.00049, 132, 50.0
7.33250, 0.00000, 79, 50.0
7.34390, 0.00049, 77, 50.0
7.35520, 0.00000, 48, 50.0
7.36660, 0.00000, 150, 50.0
7.37790, -0.00049, 70, 50.0
7.38930, 0.00000, 94, 50.0
7.40060, -0.00049, 96, 50.0
7.41200, 0.00000, 98, 50.0
7.42330, 0.00000, 128, 50.0
7.43470, 0.00049, 86, 50.0
7.44600, -0.00049, 6, 50.0
7.45740, 0.00049, 120, 50.0
7.46870, 0.00000, 125, 50.0
7.48010, 0.00000, 8, 50.0
7.49140, 0.00049, 104, 50.0
7.50280, -0.00049, 72, 50.0
7.51410, 0.00049, 137, 50.0
7.52550, 0.00000, 122, 50.0
7.53680, -0.00049, 146, 50.0
7.54820, 0.00049, -7, 50.0
7.55950, 0.00000, 82, 50.0
7.57090, 0.00049, 98, 50.0
7.58220, -0.00049, 52, 50.0
7.59360, 0.00000, 115, 50.0
7.60490, 0.00000, 100, 50.0
7.61630, 0.00049, -6, 50.0
7.62760, 0.00000, 44, 50.0
7.63900, 0.00000, 64, 50.0
7.65030, -0.00049, -12, 50.0
7.66170, 0.00000, 64, 50.0
7.67300, 0.00000, 57, 50.0
7.68440, 0.00000, 50, 50.0
7.69570, 0.00000, 10, 50.0
7.70710, 0.00000, 24, 50.0
7.71840, 0.00000, 115, 50.0
7.72980, 0.00000, 7, 50.0
7.74110, 0.00000, 36, 50.0
7.75250, 0.00000, 102, 50.0
7.76380, 0.00000, 90, 50.0
7.77520, -0.00049, 108, 50.0
7.78650, -0.00098, 32, 50.0
7.79790, 0.00000, 52, 50.0
7.80920, -0.00049, 128, 50.0
7.82060, 0.00000, 86, 50.0
7.83190, -0.00049, 126, 50.0
7.84330, 0.00098, 138, 50.0
7.85460, 0.00000, 80, 50.0
7.86600, -0.00049, 126, 50.0
7.87730, 0.00000, 77, 50.0
7.88870, 0.00000, 17, 50.0
7.90000, 0.00000, 6, 50.0
7.91140, 0.00000, 74, 50.0
7.92270, 0.00000, 113, 50.0
7.93410, 0.00000, 57, 50.0
7.94540, -0.00049, 68, 50.0
7.95680, -0.00049, 26, 50.0
7.96810, 0.00049, 33, 50.0
7.97950, 0.00000, 115, 50.0
7.99080, -0.00049, 76, 50.0
8.00220, -0.00049, 114, 50.0
8.01350, 0.00000, 144, 50.0
8.02490, 0.00000, 32, 50.0
8.03620, -0.00049, 88, 50.0
8.04760, 0.00000, 12, 50.0
8.05890, -0.00049, 20, 50.0
8.07030, 0.00000, 26, 50.0
8.08160, 0.00000, 137, 50.0
8.09300, 0.00000, 59, 50.0
8.10430, -0.00049, 6, 50.0
8.11570, 0.00000, 80, 50.0
8.12700, 0.00000, 22, 50.0
8.13840, 0.00000, 23, 50.0
8.14970, 0.00049, 102, 50.0
8.16110, -0.00098, 106, 50.0
8.17240, 0.00049, 108, 50.0
8.18380, 0.00000, 131, 50.0
8.19510, -0.00049, 68, 50.0
8.20650, 0.00000, -12, 50.0
8.21780, -0.00049, 107, 50.0
8.22920, 0.00000, 84, 50.0
8.24050, -0.00049, 2, 50.0
8.25190, 0.00049, 122, 50.0
8.26320, 0.00000, 89, 50.0
8.27460, 0.00049, 96, 50.0
8.28590, 0.00000, 110, 50.0
8.29730, 0.00000, 125, 50.0
8.30860, -0.00049, 65, 50.0
8.32000, 0.00049, 44, 50.0
8.33130, 0.00049, 4, 50.0
8.34270, -0.00049, 93, 50.0
8.35400, 0.00049, 4, 50.0
8.36540, 0.00000, 24, 50.0
8.37670, 0.00000, 108, 50.0
8.38810, 0.00000, 30, 50.0
8.39940, -0.00049, 70, 50.0
8.41080, 0.00000, 34, 50.0
8.42210, 0.00049, 89, 50.0
8.43350, 0.00000, 92, 50.0
8.44480, 0.00049, 56, 50.0
8.45620, 0.00049, 0, 50.0
8.46750, 0.00000, 33, 50.0
8.47890, -0.00049, 65, 50.0
8.49020, -0.00049, 46, 50.0
8.50160, 0.00000, 91, 50.0
8.51290, 0.00000, 63, 50.0
8.52430, 0.00000, 5, 50.0
8.53560, 0.00000, 32, 50.0
8.54700, -0.00049, -18, 50.0
8.55830, -0.00049, 64, 50.0
8.56970, 0.00000, 50, 50.0
8.58100, 0.00049, 108, 50.0
8.59240, 0.00000, 64, 50.0
8.60370, 0.00049, 118, 50.0
8.61510, -0.00049, 34, 50.0
8.62640, 0.00000, 70, 50.0
8.63780, 0.00000, 49, 50.0
8.64910, 0.00000, 52, 50.0
8.66050, 0.00000, -2, 50.0
8.67180, 0.00098, -16, 50.0
8.68320, 0.00000, 22, 50.0
8.69450, -0.00098, 78, 50.0
8.70590, -0.00049, 23, 50.0
8.71720, 0.00000, 51, 50.0
8.72860, 0.00000, 131, 50.0
8.73990, -0.00049, 70, 50.0
8.75130, -0.00098, 4, 50.0
8.76260, 0.00049, 69, 50.0
8.77400, 0.00049, 112, 50.0
8.78530, -0.00049, 108, 50.0
8.79670, -0.00049, 16, 50.0
8.80800, -0.00049, 71, 50.0
8.81940, -0.00049, -28, 50.0
8.83070, -0.00049, 28, 50.0
8.84210, -0.00049, 87, 50.0
8.85340, -0.00049, 57, 50.0
8.86480, -0.00049, 38, 50.0
8.87610, -0.00049, 62, 50.0
8.88750, -0.00049, 101, 50.0
8.89880, -0.00049, 114, 50.0
8.91020, 0.00000, 32, 50.0
8.92150, -0.00049, 6, 50.0
8.93290, -0.00049, 134, 50.0
8.94420, -0.00049, 24, 50.0
8.95560, 0.00000, 72, 50.0
8.96690, 0.00000, 35, 50.0
8.97830, 0.00000, 4, 50.0
8.98960, -0.00049, 26, 50.0
9.00100, -0.00049, 28, 50.0
9.01230, 0.00000, 90, 50.0
9.02370, -0.00049, 98, 50.0
9.03500, 0.00000, 80, 50.0
9.04640, 0.00000, 32, 50.0
9.05770, -0.00049, 66, 50.0
9.06910, 0.00049, 102, 50.0
9.08040, -0.00049, 92, 50.0
9.09180, 0.00000, 59, 50.0
9.10310, 0.00000, 65, 50.0
9.11450, 0.00049, 64, 50.0
9.12580, -0.00049, 82, 50.0
9.13720, 0.00049, 110, 50.0
9.14850, 0.00000, 89, 50.0
9.15990, 0.00049, 114, 50.0
9.17120, 0.00049, 113, 50.0
9.18260, 0.00049, 83, 50.0
9.19390, 0.00049, 40, 50.0
9.20530, 0.00049, 30, 50.0
9.21660, 0.00049, 30, 50.0
9.22800, 0.00000, 26, 50.0
9.23930, -0.00049, 98, 50.0
9.25070, 0.00049, 92, 50.0
9.26200, -0.00049, 97, 50.0
9.27340, 0.00000, -4, 50.0
9.28470, 0.00049, -14, 50.0
9.29610, 0.00098, -16, 50.0
9.30740, 0.00000, 32, 50.0
9.31880, 0.00000, 142, 50.0
9.33010, 0.00000, 116, 50.0
9.34150, 0.00049, -9, 50.0
9.35280, -0.00049, 18, 50.0
9.36420, 0.00000, 26, 50.0
9.37550, 0.00000, 78, 50.0
9.38690, 0.00000, 41, 50.0
9.39820, 0.00000, 10, 50.0
9.40960, 0.00049, 50, 50.0
9.42090, 0.00000, 50, 50.0
9.43230, 0.00000, 45, 50.0
9.44360, -0.00049, 16, 50.0
9.45500, 0.00000, 60, 50.0
9.46630, -0.00049, 126, 50.0
9.47770, 0.00049, 41, 50.0
9.48900, 0.00000, 112, 50.0
9.50040, 0.00049, 80, 50.0
9.51170, 0.00049, 60, 50.0
9.52310, 0.00000, 14, 50.0
9.53440, 0.00000, 0, 50.0
9.54580, -0.00049, 42, 50.0
9.55710, 0.00000, 76, 50.0
9.56850, 0.00000, 56, 50.0
9.57980, 0.00000, 74, 50.0
9.59120, 0.00049, 4, 50.0
9.60250, 0.00049, 92, 50.0
9.61390, -0.00049, 120, 50.0
9.62520, 0.00049, 70, 50.0
9.63660, 0.00000, 47, 50.0
9.64790, -0.00049, 124, 50.0
9.65930, -0.00049, 42, 50.0
9.67060, -0.00049, 52, 50.0
9.68200, 0.00000, 72, 50.0
9.69330, 0.00049, 20, 50.0
9.70470, -0.00049, 34, 50.0
9.71600, 0.00000, 66, 50.0
9.72740, 0.00000, 82, 50.0
9.73870, 0.00000, 78, 50.0
9.75010, 0.00000, 76, 50.0
9.76140, -0.00049, 17, 50.0
9.77280, 0.00000, 78, 50.0
9.78410, 0.00098, 134, 50.0
9.79550, -0.00049, 28, 50.0
9.80680, 0.00000, 7, 50.0
9.81820, 0.00049, 10, 50.0
9.82950, 0.00000, 30, 50.0
9.84090, -0.00049, 114, 50.0
9.85220, 0.00000, 31, 50.0
9.86360, 0.00000, 34, 50.0
9.87490, 0.00049, 84, 50.0
9.88630, -0.00049, 123, 50.0
9.89760, 0.00000, 130, 50.0
9.90900, -0.00049, 134, 50.0
9.92030, -0.00049, 85, 50.0
9.93170, -0.00049, 29, 50.0
9.94300, -0.00098, -37, 50.0
9.95440, -0.00049, 140, 50.0
9.96570, -0.00049, 104, 50.0
9.97710, 0.00049, 0, 50.0
9.98840, 0.00049, 68, 50.0
9.99980, -0.00098, 128, 50.0
10.01110, 0.00000, 154, 50.0
10.02250, 0.00000, 29, 50.0
10.03380, 0.00000, 40, 50.0
10.04520, 0.00000, -6, 50.0
10.05650, -0.00049, 35, 50.0
10.06790, 0.00000, 14, 50.0
10.07920, -0.00049, -14, 50.0
10.09060, -0.00098, 140, 50.0
10.10190, 0.00000, 136, 50.0
10.11330, 0.00000, 119, 50.0
10.12460, 0.00000, 36, 50.0
10.13600, 0.00000, 84, 50.0
10.14730, -0.00049, 105, 50.0
10.15870, 0.00000, 82, 50.0
10.17000, 0.00000, 14, 50.0
10.18140, -0.00049, 42, 50.0
10.19270, -0.00049, 68, 50.0
10.20410, 0.00000, 126, 50.0
10.21540, 0.00049, 96, 50.0
10.22680, -0.00098, 72, 50.0
10.23810, 0.00000, 4, 50.0
10.24950, -0.00049, 20, 50.0
10.26080, 0.00049, -1, 50.0
10.27220, -0.00049, 62, 50.0
10.28350, 0.00000, 36, 50.0
10.29490, -0.00049, 112, 50.0
10.30620, 0.00049, 23, 50.0
10.31760, 0.00000, 12, 50.0
10.32890, -0.00049, 148, 50.0
10.34030, 0.00000, 108, 50.0
10.35160, 0.00049, 86, 50.0
10.36300, -0.00049, -3, 50.0
10.37430, 0.00049, 40, 50.0
10.38570, 0.00000, -8, 50.0
10.39700, 0.00000, 92, 50.0
10.40840, -0.00049, 114, 50.0
10.41970, 0.00049, 110, 50.0
10.43110, 0.00049, 10, 50.0
10.44240, 0.00000, 74, 50.0
10.45380, 0.00000, 4, 50.0
10.46510, 0.00000, 101, 50.0
10.47650, -0.00049, 86, 50.0
10.48780, -0.00049, 116, 50.0
10.49920, -0.00049, 40, 50.0
10.51050, 0.00049, 36, 50.0
10.52190, 0.00049, 33, 50.0
10.53320, 0.00000, 130, 50.0
10.54460, -0.00049, 131, 50.0
10.55590, 0.00000, 56, 50.0
10.56730, 0.00000, 74, 50.0
10.57860, 0.00000, 42, 50.0
10.59000, -0.00049, -22, 50.0
10.60130, 0.00049, 19, 50.0
10.61270, -0.00049, 60, 50.0
10.62400, 0.00049, 36, 50.0
10.63540, -0.00049, -46, 50.0
10.64670, -0.00049, 67, 50.0
10.65810, -0.00049, 54, 50.0
10.66940, 0.00049, 28, 50.0
10.68080, 0.00049, 113, 50.0
10.69210, 0.00000, 97, 50.0
10.70350, -0.00049, 38, 50.0
10.71480, 0.00000, 24, 50.0
10.72620, -0.00049, 20, 50.0
10.73750, 0.00049, 56, 50.0
10.74890, 0.00049, 68, 50.0
10.76020, -0.00049, 124, 50.0
10.77160, -0.00049, 88, 50.0
10.78290, 0.00000, 66, 50.0
10.79430, 0.00000, 42, 50.0
10.80560, -0.00049, 6, 50.0
10.81700, 0.00049, -4, 50.0
10.82830, 0.00049, 62, 50.0
10.83970, 0.00000, 48, 50.0
10.85100, 0.00000, 106, 50.0
10.86240, 0.00000, 11, 50.0
10.87370, -0.00049, 8, 50.0
10.88510, 0.00000, 20, 50.0
10.89640, -0.00049, 15, 50.0
10.90780, 0.00000, 104, 50.0
10.91910, 0.00000, 118, 50.0
10.93050, 0.00000, 66, 50.0
10.94180, 0.00049, 51, 50.0
10.95320, 0.00049, 36, 50.0
10.96450, 0.00000, 36, 50.0
10.97590, -0.00049, 107, 50.0
10.98720, -0.00049, 128, 50.0
10.99860, 0.00000, 82, 50.0
11.00990, -0.00049, 9, 50.0
11.02130, 0.00000, 37, 50.0
11.03260, 0.00049, 34, 50.0
11.04400, 0.00000, -2, 50.0
11.05530, -0.00049, 132, 50.0
11.06670, 0.00000, 18, 50.0
11.07800, 0.00000, 130, 50.0
11.08940, 0.00000, 54, 50.0
11.10070, 0.00000, 70, 50.0
11.11210, 0.00049, 4, 50.0
11.12340, 0.00000, 18, 50.0
11.13480, 0.00000, -2, 50.0
11.14610, 0.00049, 46, 50.0
11.15750, 0.00049, 90, 50.0
11.16880, 0.00000, 140, 50.0
11.18020, 0.00000, 53, 50.0
11.19150, -0.00049, 44, 50.0
11.20290, 0.00049, 102, 50.0
11.21420, 0.00049, 80, 50.0
11.22560, 0.00000, 46, 50.0
11.23690, -0.00049, 72, 50.0
11.24830, 0.00049, 50, 50.0
11.25960, 0.00000, -4, 50.0
11.27100, 0.00049, 39, 50.0
11.28230, 0.00000, 78, 50.0
11.29370, 0.00000, 112, 50.0
11.30500, 0.00049, 12, 50.0
11.31640, -0.00049, -4, 50.0
11.32770, -0.00049, 10, 50.0
11.33910, 0.00098, 62, 50.0
11.35040, -0.00049, 8, 50.0
11.36180, 0.00000, 6, 50.0
11.37310, 0.00000, 18, 50.0
11.38450, 0.00049, 48, 50.0
11.39580, 0.00000, 13, 50.0
11.40720, 0.00049, -4, 50.0
11.41850, 0.00000, 98, 50.0
11.42990, 0.00098, 103, 50.0
11.44120, 0.00000, 57, 50.0
11.45260, 0.00000, 86, 50.0
11.46390, 0.00000, 122, 50.0
11.47530, 0.00049, 63, 50.0
11.48660, 0.00000, 94, 50.0
11.49800, 0.00000, 56, 50.0
11.50930, 0.00000, 84, 50.0
11.52070, 0.00000, 136, 50.0
11.53200, 0.00098, 114, 50.0
11.54340, 0.00000, 142, 50.0
11.55470, 0.00000, 17, 50.0
11.56610, -0.00098, 62, 50.0
11.57740, 0.00000, 18, 50.0
11.58880, 0.00000, 34, 50.0
11.60010, 0.00049, 3, 50.0
11.61150, -0.00049, 54, 50.0
11.62280, 0.00000, -24, 50.0
11.63420, 0.00049, 85, 50.0
11.64550, 0.00000, 62, 50.0
11.65690, 0.00049, 145, 50.0
11.66820, 0.00000, 136, 50.0
11.67960, 0.00000, 24, 50.0
11.69090, 0.00000, 51, 50.0
11.70230, -0.00049, 82, 50.0
11.71360, 0.00049, 48, 50.0
11.72500, 0.00000, 18, 50.0
11.73630, 0.00000, 82, 50.0
11.74770, 0.00000, 118, 50.0
11.75900, -0.00098, 70, 50.0
11.77040, 0.00000, 87, 50.0
11.78170, 0.00000, -4, 50.0
11.79310, -0.00049, -6, 50.0
11.80440, 0.00000, 110, 50.0
11.81580, 0.00000, 100, 50.0
11.82710, -0.00049, 118, 50.0
11.83850, -0.00049, 112, 50.0
11.84980, 0.00000, 117, 50.0
11.86120, 0.00000, 5, 50.0
11.87250, -0.00049, 10, 50.0
#2021-12-17 15:20:05
