#2021-12-17 16:22:53
0.09010, -0.00049, 58, 49.0
0.10150, -0.00049, 109, 49.0
0.11280, 0.00049, 168, 49.0
0.12420, 0.00000, 52, 49.0
0.13550, 0.00049, 46, 49.0
0.14690, 0.00098, 105, 49.0
0.15820, 0.00000, 116, 49.0
0.16960, 0.00000, 4, 49.0
0.18090, 0.00000, 88, 49.0
0.19230, 0.00000, 114, 49.0
0.20360, 0.00000, 116, 49.0
0.21500, -0.00098, 2, 49.0
0.22630, 0.00146, 76, 49.0
0.23770, -0.00049, 14, 49.0
0.24900, 0.00049, 52, 49.0
0.26040, 0.00000, 66, 49.0
0.27170, 0.00000, 105, 49.0
0.28310, 0.00098, 100, 49.0
0.29440, 0.00098, -44, 49.0
0.30580, 0.00000, 130, 49.0
0.31710, 0.00098, -25, 49.0
0.32850, -0.00049, 84, 49.0
0.33980, -0.00049, 62, 49.0
0.35120, -0.00098, 44, 49.0
0.36250, 0.00000, 85, 49.0
0.37390, 0.00049, 164, 49.0
0.38520, 0.00000, 64, 49.0
0.39660, -0.00146, 96, 49.0
0.40790, -0.00195, 49, 49.0
0.41930, 0.00049, 48, 49.0
0.43060, 0.00146, 60, 49.0
0.44200, 0.00000, 103, 49.0
0.45330, 0.00000, 88, 49.0
0.46470, 0.00000, 86, 49.0
0.47600, 0.00049, 124, 49.0
0.48740, 0.00049, 145, 49.0
0.49870, 0.00000, 102, 49.0
0.51010, 0.00098, -75, 49.0
0.52140, 0.00000, 131, 49.0
0.53280, 0.00049, 166, 49.0
0.54410, 0.00000, 78, 49.0
0.55550, 0.00049, 60, 49.0
0.56680, 0.00098, -3, 49.0
0.57820, 0.00000, 72, 49.0
0.58950, 0.00049, 198, 49.0
0.60090, 0.00000, 103, 49.0
0.61220, 0.00049, 156, 49.0
0.62360, -0.00049, 18, 49.0
0.63490, 0.00000, 74, 49.0
0.64630, -0.00049, 27, 49.0
0.65760, 0.00049, 134, 49.0
0.66900, -0.00098, 120, 49.0
0.68030, 0.00000, 34, 49.0
0.69170, 0.00049, 97, 49.0
0.70300, 0.00000, 14, 49.0
0.71440, -0.00049, 64, 49.0
0.72570, 0.00000, 111, 49.0
0.73710, 0.00000, -8, 49.0
0.74840, 0.00049, 140, 49.0
0.75980, -0.00146, 148, 49.0
0.77110, 0.00000, 24, 49.0
0.78250, -0.00049, 4, 49.0
0.79380, 0.00049, 118, 49.0
0.80520, 0.00000, 216, 49.0
0.81650, 0.00000, -9, 49.0
0.82790, 0.00000, 130, 49.0
0.83920, 0.00098, 184, 49.0
0.85060, 0.00000, 4, 49.0
0.86190, -0.00049, -80, 49.0
0.87330, 0.00049, 40, 49.0
0.88460, -0.00049, 82, 49.0
0.89600, 0.00049, 84, 49.0
0.90730, 0.00098, 191, 49.0
0.91870, 0.00049, 36, 49.0
0.93000, 0.00146, -2, 49.0
0.94140, 0.00098, 19, 49.0
0.95270, 0.00098, 62, 49.0
0.96410, 0.00098, 80, 49.0
0.97540, -0.00049, 125, 49.0
0.98680, 0.00000, 95, 49.0
0.99810, -0.00098, 82, 49.0
1.00950, -0.00098, 82, 49.0
1.02080, 0.00049, -8, 49.0
1.03220, 0.00146, 33, 49.0
1.04350, 0.00098, 138, 49.0
1.05490, 0.00049, 140, 49.0
1.06620, 0.00049, -22, 49.0
1.07760, -0.00098, 92, 49.0
1.08890, -0.00049, -80, 49.0
1.10030, 0.00098, -8, 49.0
1.11160, -0.00049, 25, 49.0
1.12300, 0.00049, 112, 49.0
1.13430, 0.00146, 191, 49.0
1.14570, 0.00000, 130, 49.0
1.15700, 0.00000, 12, 49.0
1.16840, -0.00049, 70, 49.0
1.17970, 0.00049, 142, 49.0
1.19110, -0.00049, 190, 49.0
1.20240, -0.00098, 182, 49.0
1.21380, 0.00000, -50, 49.0
1.22510, 0.00049, 67, 49.0
1.23650, 0.00000, 10, 49.0
1.24780, -0.00098, 130, 49.0
1.25920, 0.00049, 130, 49.0
1.27050, -0.00146, 84, 49.0
1.28190, 0.00049, 133, 49.0
1.29320, 0.00049, 84, 49.0
1.30460, 0.00049, -16, 49.0
1.31590, 0.00000, 71, 49.0
1.32730, 0.00146, -14, 49.0
1.33860, 0.00049, -6, 49.0
1.35000, -0.00049, -107, 49.0
1.36130, 0.00049, 109, 49.0
1.37270, -0.00049, -14, 49.0
1.38400, -0.00049, 116, 49.0
1.39540, -0.00049, 117, 49.0
1.40670, 0.00049, 8, 49.0
1.41810, 0.00049, 78, 49.0
1.42940, 0.00049, 104, 49.0
1.44080, 0.00000, 24, 49.0
1.45210, -0.00049, 131, 49.0
1.46350, 0.00000, 130, 49.0
1.47480, 0.00098, 37, 49.0
1.48620, 0.00049, 128, 49.0
1.49750, -0.00195, 66, 49.0
1.50890, -0.00049, 126, 49.0
1.52020, 0.00049, -7, 49.0
1.53160, 0.00000, 116, 49.0
1.54290, 0.00000, 66, 49.0
1.55430, 0.00000, 78, 49.0
1.56560, -0.00049, -28, 49.0
1.57700, 0.00000, 133, 49.0
1.58830, -0.00195, 26, 49.0
1.59970, -0.00098, 34, 49.0
1.61100, 0.00000, -81, 49.0
1.62240, 0.00000, 122, 49.0
1.63370, 0.00049, 114, 49.0
1.64510, 0.00000, 137, 49.0
1.65640, -0.00098, 223, 49.0
1.66780, 0.00098, -24, 49.0
1.67910, 0.00098, 93, 49.0
1.69050, 0.00000, 123, 49.0
1.70180, 0.00000, 3, 49.0
1.71320, -0.00049, -2, 49.0
1.72450, 0.00049, 82, 49.0
1.73590, -0.00049, -4, 49.0
1.74720, 0.00049, 4, 49.0
1.75860, 0.00098, 134, 49.0
1.76990, 0.00000, 131, 49.0
1.78130, 0.00000, 105, 49.0
1.79260, 0.00049, -42, 49.0
1.80400, -0.00049, 55, 49.0
1.81530, 0.00098, 127, 49.0
1.82670, -0.00146, -133, 49.0
1.83800, 0.00098, 10, 49.0
1.84940, -0.00049, 130, 49.0
1.86070, -0.00098, 33, 49.0
1.87210, -0.00049, 146, 49.0
1.88340, -0.00098, 24, 49.0
1.89480, 0.00049, 128, 49.0
1.90610, 0.00049, 69, 49.0
1.91750, -0.00146, 18, 49.0
1.92880, 0.00244, 86, 49.0
1.94020, -0.00098, 8, 49.0
1.95150, -0.00049, 74, 49.0
1.96290, 0.00098, 80, 49.0
1.97420, 0.00049, 40, 49.0
1.98560, 0.00000, 11, 49.0
1.99690, 0.00000, 13, 49.0
2.00830, 0.00049, 30, 49.0
2.01960, 0.00000, 21, 49.0
2.03100, 0.00049, 182, 49.0
2.04230, 0.00000, 112, 49.0
2.05370, -0.00049, 46, 49.0
2.06500, 0.00049, -32, 49.0
2.07640, -0.00049, -10, 49.0
2.08770, -0.00098, 102, 49.0
2.09910, 0.00000, 166, 49.0
2.11040, 0.00098, 45, 49.0
2.12180, 0.00000, 117, 49.0
2.13310, 0.00049, 96, 49.0
2.14450, 0.00000, 23, 49.0
2.15580, 0.00098, -20, 49.0
2.16720, 0.00000, 36, 49.0
2.17850, -0.00049, 24, 49.0
2.18990, 0.00146, 4, 49.0
2.20120, 0.00146, -36, 49.0
2.21260, 0.00000, 20, 49.0
2.22390, 0.00049, 177, 49.0
2.23530, 0.00049, 95, 49.0
2.24660, -0.00049, 72, 49.0
2.25800, 0.00098, 92, 49.0
2.26930, 0.00049, -74, 49.0
2.28070, 0.00000, -44, 49.0
2.29200, 0.00098, 126, 49.0
2.30340, 0.00049, 132, 49.0
2.31470, -0.00049, 134, 49.0
2.32610, 0.00000, 115, 49.0
2.33740, -0.00049, 218, 49.0
2.34880, 0.00000, 13, 49.0
2.36010, -0.00098, -2, 49.0
2.37150, -0.00098, 110, 49.0
2.38280, 0.00098, -30, 49.0
2.39420, -0.00049, 54, 49.0
2.40550, 0.00000, 98, 49.0
2.41690, -0.00098, 0, 49.0
2.42820, -0.00098, 101, 49.0
2.43960, 0.00000, 29, 49.0
2.45090, 0.00049, 107, 49.0
2.46230, -0.00098, -38, 49.0
2.47360, 0.00049, 76, 49.0
2.48500, 0.00000, 84, 49.0
2.49630, 0.00098, 94, 49.0
2.50770, 0.00098, -8, 49.0
2.51900, -0.00049, -10, 49.0
2.53040, 0.00098, 58, 49.0
2.54170, -0.00049, 55, 49.0
2.55310, 0.00049, 104, 49.0
2.56440, 0.00049, -9, 49.0
2.57580, 0.00000, 159, 49.0
2.58710, 0.00098, 134, 49.0
2.59850, 0.00049, 20, 49.0
2.60980, 0.00000, 93, 49.0
2.62120, -0.00049, 88, 49.0
2.63250, -0.00098, -96, 49.0
2.64390, 0.00049, -23, 49.0
2.65520, -0.00049, 80, 49.0
2.66660, 0.00049, 1, 49.0
2.67790, 0.00049, 0, 49.0
2.68930, -0.00098, 107, 49.0
2.70060, 0.00098, 50, 49.0
2.71200, -0.00049, 122, 49.0
2.72330, -0.00049, 8, 49.0
2.73470, -0.00098, 18, 49.0
2.74600, -0.00098, 124, 49.0
2.75740, 0.00000, 208, 49.0
2.76870, 0.00049, 50, 49.0
2.78010, 0.00000, -12, 49.0
2.79140, 0.00000, 125, 49.0
2.80280, -0.00049, 24, 49.0
2.81410, 0.00049, 108, 49.0
2.82550, 0.00049, 38, 49.0
2.83680, 0.00000, 2, 49.0
2.84820, -0.00098, -2, 49.0
2.85950, 0.00000, 106, 49.0
2.87090, -0.00049, 104, 49.0
2.88220, 0.00049, 86, 49.0
2.89360, 0.00098, 115, 49.0
2.90490, 0.00049, -3, 49.0
2.91630, 0.00000, 106, 49.0
2.92760, -0.00098, 74, 49.0
2.93900, -0.00049, -13, 49.0
2.95030, -0.00244, 171, 49.0
2.96170, 0.00098, -44, 49.0
2.97300, -0.00049, 95, 49.0
2.98440, 0.00000, 160, 49.0
2.99570, 0.00098, 54, 49.0
3.00710, 0.00049, 12, 49.0
3.01840, 0.00049, 108, 49.0
3.02980, -0.00049, 73, 49.0
3.04110, -0.00049, 26, 49.0
3.05250, 0.00049, 72, 49.0
3.06380, 0.00000, 153, 49.0
3.07520, -0.00049, -13, 49.0
3.08650, -0.00049, -18, 49.0
3.09790, 0.00000, 134, 49.0
3.10920, -0.00098, -2, 49.0
3.12060, -0.00098, 35, 49.0
3.13190, 0.00049, 12, 49.0
3.14330, 0.00049, 136, 49.0
3.15460, 0.00000, 34, 49.0
3.16600, 0.00049, 22, 49.0
3.17730, 0.00000, 72, 49.0
3.18870, -0.00049, 85, 49.0
3.20000, -0.00098, 170, 49.0
3.21140, -0.00049, 26, 49.0
3.22270, 0.00049, -10, 49.0
3.23410, 0.00146, 26, 49.0
3.24540, -0.00098, 26, 49.0
3.25680, 0.00049, 196, 49.0
3.26810, -0.00098, 86, 49.0
3.27950, 0.00049, -21, 49.0
3.29080, 0.00000, 109, 49.0
3.30220, 0.00000, -14, 49.0
3.31350, -0.00049, 77, 49.0
3.32490, -0.00049, -19, 49.0
3.33620, 0.00049, 2, 49.0
3.34760, -0.00049, -112, 49.0
3.35890, 0.00000, 70, 49.0
3.37030, 0.00098, 117, 49.0
3.38160, 0.00146, 162, 49.0
3.39300, 0.00146, 68, 49.0
3.40430, 0.00049, 152, 49.0
3.41570, 0.00049, 56, 49.0
3.42700, -0.00098, -2, 49.0
3.43840, -0.00049, 4, 49.0
3.44970, -0.00049, 77, 49.0
3.46110, 0.00049, 52, 49.0
3.47240, -0.00049, 104, 49.0
3.48380, -0.00049, 115, 49.0
3.49510, -0.00098, 93, 49.0
3.50650, 0.00000, 80, 49.0
3.51780, -0.00098, 120, 49.0
3.52920, -0.00049, 35, 49.0
3.54050, 0.00000, 29, 49.0
3.55190, -0.00098, 84, 49.0
3.56320, -0.00049, -38, 49.0
3.57460, 0.00000, 145, 49.0
3.58590, 0.00049, 72, 49.0
3.59730, 0.00049, -66, 49.0
3.60860, 0.00195, -17, 49.0
3.62000, -0.00146, 16, 49.0
3.63130, 0.00049, 174, 49.0
3.64270, 0.00000, 101, 49.0
3.65400, 0.00195, 18, 49.0
3.66540, -0.00146, 43, 49.0
3.67670, -0.00049, -84, 49.0
3.68810, -0.00098, 42, 49.0
3.69940, 0.00000, 27, 49.0
3.71080, -0.00049, 92, 49.0
3.72210, -0.00098, 330, 49.0
3.73350, 0.00098, 236, 49.0
3.74480, 0.00098, 23, 49.0
3.75620, 0.00000, -40, 49.0
3.76750, 0.00195, -84, 49.0
3.77890, -0.00049, -50, 49.0
3.79020, 0.00000, 112, 49.0
3.80160, -0.00098, 112, 49.0
3.81290, 0.00049, 152, 49.0
3.82430, -0.00049, -22, 49.0
3.83560, -0.00049, -23, 49.0
3.84700, 0.00049, 66, 49.0
3.85830, 0.00000, 49, 49.0
3.86970, 0.00000, 131, 49.0
3.88100, 0.00146, 50, 49.0
3.89240, -0.00098, 164, 49.0
3.90370, 0.00049, -63, 49.0
3.91510, 0.00000, 26, 49.0
3.92640, -0.00098, 104, 49.0
3.93780, -0.00049, 176, 49.0
3.94910, -0.00098, 6, 49.0
3.96050, 0.00049, 77, 49.0
3.97180, 0.00000, 158, 49.0
3.98320, 0.00098, 35, 49.0
3.99450, 0.00098, 113, 49.0
4.00590, 0.00098, 86, 49.0
4.01720, -0.00049, 18, 49.0
4.02860, 0.00146, 19, 49.0
4.03990, 0.00000, 72, 49.0
4.05130, 0.00049, 38, 49.0
4.06260, 0.00049, 44, 49.0
4.07400, 0.00000, -46, 49.0
4.08530, 0.00000, 90, 49.0
4.09670, 0.00146, 132, 49.0
4.10800, -0.00049, 104, 49.0
4.11940, -0.00098, 30, 49.0
4.13070, 0.00000, 4, 49.0
4.14210, 0.00049, 44, 49.0
4.15340, 0.00000, 81, 49.0
4.16480, 0.00146, 146, 49.0
4.17610, 0.00098, 38, 49.0
4.18750, 0.00000, -38, 49.0
4.19880, 0.00000, 176, 49.0
4.21020, -0.00049, 160, 49.0
4.22150, 0.00000, 2, 49.0
4.23290, 0.00049, 100, 49.0
4.24420, 0.00000, 122, 49.0
4.25560, 0.00049, -20, 49.0
4.26690, 0.00098, 184, 49.0
4.27830, 0.00000, 181, 49.0
4.28960, 0.00000, -6, 49.0
4.30100, -0.00098, -6, 49.0
4.31230, 0.00000, -20, 49.0
4.32370, -0.00049, 35, 49.0
4.33500, 0.00049, 120, 49.0
4.34640, -0.00098, -4, 49.0
4.35770, 0.00098, 90, 49.0
4.36910, -0.00049, 73, 49.0
4.38040, -0.00049, -20, 49.0
4.39180, -0.00098, 64, 49.0
4.40310, 0.00000, 82, 49.0
4.41450, 0.00000, -35, 49.0
4.42580, -0.00049, 104, 49.0
4.43720, -0.00049, 234, 49.0
4.44850, -0.00098, -39, 49.0
4.45990, -0.00049, -54, 49.0
4.47120, 0.00049, 36, 49.0
4.48260, 0.00049, 16, 49.0
4.49390, -0.00049, 128, 49.0
4.50530, -0.00049, 49, 49.0
4.51660, 0.00049, 4, 49.0
4.52800, 0.00000, 111, 49.0
4.53930, -0.00098, 152, 49.0
4.55070, 0.00098, 2, 49.0
4.56200, -0.00098, 98, 49.0
4.57340, 0.00049, 86, 49.0
4.58470, 0.00049, 109, 49.0
4.59610, -0.00049, 40, 49.0
4.60740, 0.00244, 47, 49.0
4.61880, 0.00098, -14, 49.0
4.63010, -0.00049, -50, 49.0
4.64150, -0.00049, 96, 49.0
4.65280, 0.00000, 170, 49.0
4.66420, 0.00000, -26, 49.0
4.67550, 0.00146, 38, 49.0
4.68690, 0.00049, -4, 49.0
4.69820, -0.00049, -24, 49.0
4.70960, 0.00049, 10, 49.0
4.72090, -0.00098, 144, 49.0
4.73230, -0.00098, 43, 49.0
4.74360, -0.00049, -3, 49.0
4.75500, -0.00049, -42, 49.0
4.76630, -0.00098, 104, 49.0
4.77770, 0.00098, 159, 49.0
4.78900, -0.00049, 89, 49.0
4.80040, 0.00000, 18, 49.0
4.81170, 0.00049, 51, 49.0
4.82310, 0.00049, 42, 49.0
4.83440, 0.00049, 57, 49.0
4.84580, -0.00049, 68, 49.0
4.85710, 0.00049, 68, 49.0
4.86850, 0.00098, 169, 49.0
4.87980, 0.00146, -126, 49.0
4.89120, -0.00146, 116, 49.0
4.90250, 0.00098, 235, 49.0
4.91390, 0.00000, 63, 49.0
4.92520, 0.00000, -2, 49.0
4.93660, 0.00049, 86, 49.0
4.94790, 0.00049, 90, 49.0
4.95930, 0.00000, 49, 49.0
4.97060, 0.00000, 16, 49.0
4.98200, -0.00049, 170, 49.0
4.99330, -0.00098, -2, 49.0
5.00470, 0.00000, 176, 49.0
5.01600, -0.00049, 62, 49.0
5.02740, -0.00049, -51, 49.0
5.03870, -0.00049, 44, 49.0
5.05010, 0.00098, 34, 49.0
5.06140, -0.00146, 90, 49.0
5.07280, 0.00195, 137, 49.0
5.08410, -0.00049, 100, 49.0
5.09550, 0.00000, 44, 49.0
5.10680, 0.00049, 142, 49.0
5.11820, 0.00049, -67, 49.0
5.12950, -0.00049, 24, 49.0
5.14090, 0.00000, 62, 49.0
5.15220, -0.00049, 79, 49.0
5.16360, 0.00000, 127, 49.0
5.17490, -0.00146, 94, 49.0
5.18630, 0.00000, 164, 49.0
5.19760, -0.00049, 14, 49.0
5.20900, 0.00000, 56, 49.0
5.22030, -0.00146, -22, 49.0
5.23170, 0.00000, -34, 49.0
5.24300, -0.00049, 54, 49.0
5.25440, 0.00000, 30, 49.0
5.26570, -0.00098, -2, 49.0
5.27710, 0.00195, 75, 49.0
5.28840, 0.00000, 177, 49.0
5.29980, 0.00098, 58, 49.0
5.31110, 0.00000, 52, 49.0
5.32250, 0.00000, 12, 49.0
5.33380, 0.00049, 166, 49.0
5.34520, 0.00000, 14, 49.0
5.35650, 0.00000, 74, 49.0
5.36790, -0.00049, 40, 49.0
5.37920, 0.00000, 67, 49.0
5.39060, 0.00049, 42, 49.0
5.40190, 0.00146, 82, 49.0
5.41330, 0.00049, 79, 49.0
5.42460, 0.00000, 182, 49.0
5.43600, 0.00049, 160, 49.0
5.44730, 0.00049, 19, 49.0
5.45870, 0.00000, -27, 49.0
5.47000, 0.00049, 100, 49.0
5.48140, 0.00098, 101, 49.0
5.49270, 0.00000, -8, 49.0
5.50410, -0.00049, 152, 49.0
5.51540, 0.00098, 14, 49.0
5.52680, -0.00098, 54, 49.0
5.53810, 0.00049, 71, 49.0
5.54950, 0.00049, 84, 49.0
5.56080, 0.00049, 116, 49.0
5.57220, 0.00049, -10, 49.0
5.58350, 0.00000, -22, 49.0
5.59490, 0.00000, 0, 49.0
5.60620, 0.00000, 176, 49.0
5.61760, 0.00049, 165, 49.0
5.62890, 0.00049, -46, 49.0
5.64030, 0.00049, -24, 49.0
5.65160, -0.00049, 110, 49.0
5.66300, 0.00098, 117, 49.0
5.67430, 0.00049, 27, 49.0
5.68570, 0.00049, 114, 49.0
5.69700, 0.00000, 212, 49.0
5.70840, 0.00098, 22, 49.0
5.71970, 0.00049, 116, 49.0
5.73110, 0.00000, 0, 49.0
5.74240, 0.00000, 86, 49.0
5.75380, -0.00049, 32, 49.0
5.76510, -0.00049, 72, 49.0
5.77650, 0.00000, 92, 49.0
5.78780, -0.00049, 3, 49.0
5.79920, 0.00000, 93, 49.0
5.81050, -0.00049, 182, 49.0
5.82190, 0.00000, 111, 49.0
5.83320, -0.00098, 28, 49.0
5.84460, 0.00098, 34, 49.0
5.85590, -0.00049, 124, 49.0
5.86730, 0.00000, 107, 49.0
5.87860, 0.00049, 44, 49.0
5.89000, -0.00098, 140, 49.0
5.90130, 0.00049, 103, 49.0
5.91270, 0.00049, 58, 49.0
5.92400, 0.00049, 71, 49.0
5.93540, -0.00049, -2, 49.0
5.94670, 0.00098, 106, 49.0
5.95810, 0.00049, 143, 49.0
5.96940, -0.00098, 198, 49.0
5.98080, 0.00000, 106, 49.0
5.99210, 0.00049, 78, 49.0
6.00350, 0.00000, 38, 49.0
6.01480, 0.00049, 108, 49.0
6.02620, 0.00000, 113, 49.0
6.03750, -0.00049, -24, 49.0
6.04890, -0.00049, 114, 49.0
6.06020, -0.00049, 154, 49.0
6.07160, -0.00098, 20, 49.0
6.08290, 0.00000, 29, 49.0
6.09430, 0.00049, 36, 49.0
6.10560, 0.00000, 10, 49.0
6.11700, 0.00049, 15, 49.0
6.12830, 0.00098, 169, 49.0
6.13970, 0.00098, 106, 49.0
6.15100, 0.00000, 52, 49.0
6.16240, -0.00098, 140, 49.0
6.17370, -0.00049, 80, 49.0
6.18510, 0.00098, 96, 49.0
6.19640, -0.00049, -20, 49.0
6.20780, -0.00098, 13, 49.0
6.21910, -0.00098, 129, 49.0
6.23050, -0.00098, 60, 49.0
6.24180, -0.00195, 132, 49.0
6.25320, 0.00049, 125, 49.0
6.26450, 0.00049, 92, 49.0
6.27590, 0.00098, 124, 49.0
6.28720, 0.00049, 79, 49.0
6.29860, 0.00000, 68, 49.0
6.30990, 0.00000, 48, 49.0
6.32130, 0.00049, 5, 49.0
6.33260, 0.00098, 118, 49.0
6.34400, 0.00000, -32, 49.0
6.35530, -0.00146, 126, 49.0
6.36670, -0.00195, -79, 49.0
6.37800, -0.00049, 70, 49.0
6.38940, -0.00049, 136, 49.0
6.40070, -0.00098, 128, 49.0
6.41210, -0.00098, 113, 49.0
6.42340, 0.00000, 7, 49.0
6.43480, 0.00049, 102, 49.0
6.44610, 0.00049, 101, 49.0
6.45750, 0.00000, -139, 49.0
6.46880, 0.00049, -7, 49.0
6.48020, -0.00098, 120, 49.0
6.49150, 0.00049, 40, 49.0
6.50290, 0.00049, 22, 49.0
6.51420, -0.00098, 192, 49.0
6.52560, -0.00049, 124, 49.0
6.53690, 0.00000, 115, 49.0
6.54830, 0.00049, 54, 49.0
6.55960, -0.00049, -28, 49.0
6.57100, 0.00049, -14, 49.0
6.58230, 0.00000, 184, 49.0
6.59370, 0.00000, 92, 49.0
6.60500, -0.00049, 138, 49.0
6.61640, 0.00098, 129, 49.0
6.62770, 0.00000, 17, 49.0
6.63910, 0.00000, -16, 49.0
6.65040, -0.00098, 81, 49.0
6.66180, -0.00098, 218, 49.0
6.67310, 0.00049, 69, 49.0
6.68450, -0.00098, 14, 49.0
6.69580, -0.00146, -60, 49.0
6.70720, -0.00098, 20, 49.0
6.71850, 0.00000, 134, 49.0
6.72990, 0.00000, 88, 49.0
6.74120, 0.00098, 61, 49.0
6.75260, -0.00049, 59, 49.0
6.76390, -0.00098, 44, 49.0
6.77530, -0.00049, 36, 49.0
6.78660, 0.00000, 40, 49.0
6.79800, 0.00000, 131, 49.0
6.80930, 0.00049, 66, 49.0
6.82070, -0.00049, -26, 49.0
6.83200, 0.00049, 104, 49.0
6.84340, 0.00049, 112, 49.0
6.85470, 0.00000, -12, 49.0
6.86610, 0.00098, 22, 49.0
6.87740, -0.00049, 45, 49.0
6.88880, 0.00098, 272, 49.0
6.90010, -0.00049, 12, 49.0
6.91150, -0.00049, -2, 49.0
6.92280, 0.00049, 134, 49.0
6.93420, -0.00049, 38, 49.0
6.94550, 0.00000, 10, 49.0
6.95690, -0.00049, 142, 49.0
6.96820, -0.00049, -8, 49.0
6.97960, 0.00049, 74, 49.0
6.99090, -0.00049, -17, 49.0
7.00230, 0.00000, -6, 49.0
7.01360, 0.00098, 16, 49.0
7.02500, 0.00000, 172, 49.0
7.03630, 0.00049, 74, 49.0
7.04770, -0.00049, 13, 49.0
7.05900, 0.00000, 132, 49.0
7.07040, 0.00000, 70, 49.0
7.08170, -0.00049, -16, 49.0
7.09310, 0.00049, 46, 49.0
7.10440, 0.00049, 114, 49.0
7.11580, 0.00049, -7, 49.0
7.12710, -0.00049, 63, 49.0
7.13850, -0.00049, 96, 49.0
7.14980, 0.00000, 60, 49.0
7.16120, -0.00049, -53, 49.0
7.17250, 0.00098, 119, 49.0
7.18390, 0.00000, 6, 49.0
7.19520, -0.00146, 112, 49.0
7.20660, 0.00000, 85, 49.0
7.21790, 0.00000, 103, 49.0
7.22930, 0.00098, -20, 49.0
7.24060, -0.00049, 154, 49.0
7.25200, -0.00098, -47, 49.0
7.26330, -0.00195, 24, 49.0
7.27470, 0.00098, 110, 49.0
7.28600, -0.00049, -97, 49.0
7.29740, -0.00098, 31, 49.0
7.30870, -0.00049, 142, 49.0
7.32010, 0.00049, 158, 49.0
7.33140, -0.00049, -19, 49.0
7.34280, 0.00049, 182, 49.0
7.35410, -0.00098, -10, 49.0
7.36550, -0.00049, -100, 49.0
7.37680, -0.00098, 116, 49.0
7.38820, 0.00000, 162, 49.0
7.39950, 0.00000, 88, 49.0
7.41090, 0.00049, 141, 49.0
7.42220, -0.00049, 68, 49.0
7.43360, 0.00000, 104, 49.0
7.44490, 0.00000, 154, 49.0
7.45630, 0.00049, -36, 49.0
7.46760, 0.00000, 106, 49.0
7.47900, -0.00098, -4, 49.0
7.49030, -0.00098, 100, 49.0
7.50170, 0.00000, 96, 49.0
7.51300, -0.00098, 240, 49.0
7.52440, 0.00000, 174, 49.0
7.53570, 0.00049, 137, 49.0
7.54710, 0.00000, 53, 49.0
7.55840, 0.00098, -22, 49.0
7.56980, -0.00049, 42, 49.0
7.58110, 0.00049, 163, 49.0
7.59250, 0.00000, 132, 49.0
7.60380, 0.00000, 66, 49.0
7.61520, -0.00049, 28, 49.0
7.62650, -0.00098, 54, 49.0
7.63790, 0.00049, 4, 49.0
7.64920, 0.00000, 30, 49.0
7.66060, -0.00049, 125, 49.0
7.67190, -0.00049, -66, 49.0
7.68330, 0.00000, 54, 49.0
7.69460, 0.00049, 136, 49.0
7.70600, -0.00098, 152, 49.0
7.71730, -0.00098, 60, 49.0
7.72870, 0.00000, 0, 49.0
7.74000, -0.00049, -19, 49.0
7.75140, -0.00049, 60, 49.0
7.76270, -0.00098, -39, 49.0
7.77410, 0.00098, 86, 49.0
7.78540, 0.00000, 114, 49.0
7.79680, -0.00049, 166, 49.0
7.80810, 0.00098, 18, 49.0
7.81950, 0.00049, 40, 49.0
7.83080, -0.00146, -60, 49.0
7.84220, 0.00049, 85, 49.0
7.85350, 0.00049, 86, 49.0
7.86490, 0.00049, 114, 49.0
7.87620, 0.00049, 6, 49.0
7.88760, -0.00098, 140, 49.0
7.89890, 0.00000, -38, 49.0
7.91030, 0.00098, 174, 49.0
7.92160, 0.00098, 7, 49.0
7.93300, 0.00098, 2, 49.0
7.94430, 0.00098, 244, 49.0
7.95570, 0.00000, 45, 49.0
7.96700, -0.00049, 249, 49.0
7.97840, 0.00000, 10, 49.0
7.98970, 0.00146, 60, 49.0
8.00110, -0.00146, 64, 49.0
8.01240, 0.00049, 64, 49.0
8.02380, 0.00049, 90, 49.0
8.03510, 0.00000, -42, 49.0
8.04650, 0.00049, 38, 49.0
8.05780, 0.00049, 105, 49.0
8.06920, -0.00098, 52, 49.0
8.08050, 0.00000, 78, 49.0
8.09190, 0.00049, 200, 49.0
8.10320, 0.00049, 76, 49.0
8.11460, 0.00049, 6, 49.0
8.12590, 0.00098, 92, 49.0
8.13730, -0.00049, 110, 49.0
8.14860, 0.00098, -34, 49.0
8.16000, 0.00000, 91, 49.0
8.17130, -0.00049, 87, 49.0
8.18270, 0.00049, -39, 49.0
8.19400, -0.00098, 108, 49.0
8.20540, 0.00098, 41, 49.0
8.21670, 0.00000, 32, 49.0
8.22810, 0.00000, -6, 49.0
8.23940, 0.00000, 8, 49.0
8.25080, 0.00000, 72, 49.0
8.26210, -0.00146, 120, 49.0
8.27350, 0.00000, 122, 49.0
8.28480, -0.00146, 31, 49.0
8.29620, -0.00049, 120, 49.0
8.30750, 0.00098, -100, 49.0
8.31890, 0.00049, -2, 49.0
8.33020, -0.00146, 36, 49.0
8.34160, -0.00049, 115, 49.0
8.35290, 0.00049, 132, 49.0
8.36430, 0.00000, 36, 49.0
8.37560, -0.00049, 98, 49.0
8.38700, 0.00000, -33, 49.0
8.39830, 0.00000, 96, 49.0
8.40970, -0.00049, 1, 49.0
8.42100, 0.00049, 147, 49.0
8.43240, 0.00000, 26, 49.0
8.44370, 0.00049, 126, 49.0
8.45510, -0.00049, 66, 49.0
8.46640, 0.00049, 123, 49.0
8.47780, 0.00049, 30, 49.0
8.48910, -0.00098, 19, 49.0
8.50050, 0.00000, 101, 49.0
8.51180, 0.00098, -6, 49.0
8.52320, -0.00098, 162, 49.0
8.53450, 0.00000, 132, 49.0
8.54590, 0.00049, 89, 49.0
8.55720, 0.00000, 20, 49.0
8.56860, -0.00049, 10, 49.0
8.57990, -0.00098, 28, 49.0
8.59130, 0.00000, -17, 49.0
8.60260, -0.00146, 68, 49.0
8.61400, 0.00000, 12, 49.0
8.62530, 0.00049, 114, 49.0
8.63670, -0.00146, 54, 49.0
8.64800, 0.00000, 58, 49.0
8.65940, 0.00000, 72, 49.0
8.67070, -0.00049, 125, 49.0
8.68210, -0.00049, 32, 49.0
8.69340, 0.00049, 58, 49.0
8.70480, -0.00098, 125, 49.0
8.71610, -0.00049, 6, 49.0
8.72750, 0.00000, 70, 49.0
8.73880, -0.00146, 42, 49.0
8.75020, -0.00098, -67, 49.0
8.76150, 0.00000, 146, 49.0
8.77290, -0.00049, 70, 49.0
8.78420, -0.00049, 102, 49.0
8.79560, 0.00049, 132, 49.0
8.80690, 0.00000, 96, 49.0
8.81830, 0.00000, 6, 49.0
8.82960, 0.00049, 31, 49.0
8.84100, 0.00049, 144, 49.0
8.85230, 0.00049, 30, 49.0
8.86370, 0.00000, 44, 49.0
8.87500, 0.00098, -31, 49.0
8.88640, 0.00049, -5, 49.0
8.89770, 0.00049, 112, 49.0
8.90910, 0.00098, -52, 49.0
8.92040, -0.00098, 60, 49.0
8.93180, -0.00098, 7, 49.0
8.94310, 0.00000, 130, 49.0
8.95450, 0.00049, 121, 49.0
8.96580, -0.00098, 52, 49.0
8.97720, -0.00049, 126, 49.0
8.98850, 0.00098, 18, 49.0
8.99990, 0.00000, 78, 49.0
9.01120, 0.00000, 136, 49.0
9.02260, -0.00049, 120, 49.0
9.03390, -0.00049, 111, 49.0
9.04530, 0.00000, 60, 49.0
9.05660, -0.00098, 184, 49.0
9.06800, -0.00049, 102, 49.0
9.07930, -0.00049, -16, 49.0
9.09070, -0.00049, -42, 49.0
9.10200, -0.00098, 16, 49.0
9.11340, 0.00049, 96, 49.0
9.12470, -0.00098, 164, 49.0
9.13610, 0.00000, 156, 49.0
9.14740, 0.00098, -54, 49.0
9.15880, 0.00146, 64, 49.0
9.17010, -0.00049, 58, 49.0
9.18150, 0.00049, 33, 49.0
9.19280, 0.00049, 60, 49.0
9.20420, 0.00049, 36, 49.0
9.21550, 0.00098, 118, 49.0
9.22690, 0.00049, 124, 49.0
9.23820, -0.00098, 22, 49.0
9.24960, 0.00049, 25, 49.0
9.26090, 0.00049, 146, 49.0
9.27230, -0.00049, 46, 49.0
9.28360, -0.00049, 106, 49.0
9.29500, -0.00049, 120, 49.0
9.30630, 0.00146, -10, 49.0
9.31770, 0.00000, 138, 49.0
9.32900, -0.00146, 134, 49.0
9.34040, 0.00000, 28, 49.0
9.35170, -0.00049, 137, 49.0
9.36310, 0.00049, -14, 49.0
9.37440, 0.00049, -50, 49.0
9.38580, 0.00049, 9, 49.0
9.39710, 0.00049, -44, 49.0
9.40850, 0.00000, 90, 49.0
9.41980, 0.00000, 80, 49.0
9.43120, 0.00000, 56, 49.0
9.44250, 0.00049, 70, 49.0
9.45390, -0.00098, 74, 49.0
9.46520, 0.00000, 136, 49.0
9.47660, -0.00049, 58, 49.0
9.48790, -0.00098, 42, 49.0
9.49930, 0.00000, 48, 49.0
9.51060, -0.00049, 67, 49.0
9.52200, -0.00098, 96, 49.0
9.53330, 0.00049, 322, 49.0
9.54470, 0.00098, 82, 49.0
9.55600, -0.00049, 146, 49.0
9.56740, 0.00049, -28, 49.0
9.57870, 0.00000, -54, 49.0
9.59010, 0.00098, 34, 49.0
9.60140, -0.00049, 151, 49.0
9.61280, 0.00098, -48, 49.0
9.62410, -0.00049, 36, 49.0
9.63550, 0.00098, 89, 49.0
9.64680, 0.00000, 82, 49.0
9.65820, 0.00000, 10, 49.0
9.66950, -0.00049, 136, 49.0
9.68090, 0.00049, 120, 49.0
9.69220, 0.00098, 36, 49.0
9.70360, -0.00146, 33, 49.0
9.71490, 0.00000, -17, 49.0
9.72630, -0.00098, 118, 49.0
9.73760, -0.00098, 154, 49.0
9.74900, -0.00049, -82, 49.0
9.76030, -0.00098, 216, 49.0
9.77170, -0.00049, 52, 49.0
9.78300, 0.00000, 58, 49.0
9.79440, -0.00049, 62, 49.0
9.80570, -0.00098, 152, 49.0
9.81710, 0.00000, 118, 49.0
9.82840, 0.00000, 62, 49.0
9.83980, 0.00098, -4, 49.0
9.85110, -0.00049, 70, 49.0
9.86250, -0.00049, 64, 49.0
9.87380, -0.00098, 52, 49.0
9.88520, -0.00049, 7, 49.0
9.89650, -0.00049, 27, 49.0
9.90790, 0.00049, 98, 49.0
9.91920, -0.00049, -65, 49.0
9.93060, -0.00049, 11, 49.0
9.94190, -0.00049, 106, 49.0
9.95330, 0.00000, -50, 49.0
9.96460, 0.00049, 57, 49.0
9.97600, 0.00049, 108, 49.0
9.98730, 0.00049, 66, 49.0
9.99870, 0.00000, 19, 49.0
10.01000, 0.00000, 112, 49.0
10.02140, -0.00098, -30, 49.0
10.03270, 0.00049, 78, 49.0
10.04410, 0.00000, 84, 49.0
10.05540, 0.00098, -20, 49.0
10.06680, 0.00098, 118, 49.0
10.07810, -0.00049, -8, 49.0
10.08950, 0.00049, 112, 49.0
10.10080, 0.00049, 73, 49.0
10.11220, 0.00049, 24, 49.0
10.12350, -0.00049, 90, 49.0
10.13490, 0.00000, 5, 49.0
10.14620, -0.00049, 32, 49.0
10.15760, -0.00049, 14, 49.0
10.16890, -0.00049, 148, 49.0
10.18030, -0.00049, -15, 49.0
10.19160, 0.00000, 184, 49.0
10.20300, 0.00049, 114, 49.0
10.21430, 0.00049, 105, 49.0
10.22570, 0.00000, 40, 49.0
10.23700, -0.00049, 146, 49.0
10.24840, 0.00000, 133, 49.0
10.25970, 0.00000, -116, 49.0
10.27110, -0.00049, 64, 49.0
10.28240, -0.00098, -10, 49.0
10.29380, 0.00000, 104, 49.0
10.30510, 0.00000, -22, 49.0
10.31650, -0.00098, 8, 49.0
10.32780, 0.00000, 79, 49.0
10.33920, 0.00098, 119, 49.0
10.35050, 0.00049, 116, 49.0
10.36190, 0.00000, 16, 49.0
10.37320, -0.00049, 120, 49.0
10.38460, -0.00195, 81, 49.0
10.39590, -0.00049, 68, 49.0
10.40730, 0.00049, 126, 49.0
10.41860, 0.00049, 82, 49.0
10.43000, 0.00000, -8, 49.0
10.44130, -0.00049, 48, 49.0
10.45270, 0.00000, 100, 49.0
10.46400, 0.00049, 22, 49.0
#2021-12-17 16:23:04
