#2021-12-17 14:57:51
0.16800, 0.00000, 64, 49.5
0.17940, 0.00000, 53, 49.5
0.19070, -0.00098, 66, 49.5
0.20210, 0.00000, 74, 49.5
0.21340, 0.00000, 130, 49.5
0.22480, 0.00049, -62, 49.5
0.23610, 0.00049, 124, 49.5
0.24750, 0.00000, -6, 49.5
0.25880, 0.00098, 16, 49.5
0.27020, 0.00049, 70, 49.5
0.28150, 0.00000, 216, 49.5
0.29290, 0.00000, 60, 49.5
0.30420, 0.00000, 88, 49.5
0.31560, 0.00000, -44, 49.5
0.32690, 0.00000, 70, 49.5
0.33830, 0.00000, 22, 49.5
0.34960, 0.00000, 127, 49.5
0.36100, -0.00049, 18, 49.5
0.37230, 0.00049, 72, 49.5
0.38370, -0.00049, 152, 49.5
0.39500, -0.00098, 124, 49.5
0.40640, 0.00049, 6, 49.5
0.41770, 0.00000, 104, 49.5
0.42910, -0.00049, 58, 49.5
0.44040, 0.00000, 130, 49.5
0.45180, 0.00000, 117, 49.5
0.46310, -0.00049, -22, 49.5
0.47450, 0.00000, 78, 49.5
0.48580, 0.00000, 89, 49.5
0.49720, 0.00000, 16, 49.5
0.50850, 0.00049, 132, 49.5
0.51990, -0.00049, 44, 49.5
0.53120, 0.00000, 113, 49.5
0.54260, 0.00049, 96, 49.5
0.55390, -0.00049, 34, 49.5
0.56530, -0.00098, 77, 49.5
0.57660, -0.00049, 3, 49.5
0.58800, -0.00049, 74, 49.5
0.59930, 0.00000, 43, 49.5
0.61070, 0.00049, 119, 49.5
0.62200, 0.00000, 59, 49.5
0.63340, 0.00049, 35, 49.5
0.64470, -0.00049, 94, 49.5
0.65610, 0.00000, -41, 49.5
0.66740, 0.00049, 154, 49.5
0.67880, -0.00049, 22, 49.5
0.69010, 0.00000, 154, 49.5
0.70150, -0.00049, 90, 49.5
0.71280, -0.00049, 10, 49.5
0.72420, 0.00098, 40, 49.5
0.73550, -0.00049, 65, 49.5
0.74690, 0.00000, 0, 49.5
0.75820, -0.00049, 37, 49.5
0.76960, -0.00049, 99, 49.5
0.78090, -0.00049, -20, 49.5
0.79230, 0.00000, 110, 49.5
0.80360, 0.00049, 140, 49.5
0.81500, 0.00000, 148, 49.5
0.82630, -0.00049, -8, 49.5
0.83770, -0.00049, 61, 49.5
0.84900, 0.00049, 164, 49.5
0.86040, 0.00098, 38, 49.5
0.87170, 0.00049, -20, 49.5
0.88310, -0.00146, 113, 49.5
0.89440, 0.00000, 30, 49.5
0.90580, 0.00000, 122, 49.5
0.91710, -0.00049, 130, 49.5
0.92850, 0.00049, 121, 49.5
0.93980, 0.00000, 138, 49.5
0.95120, -0.00049, 78, 49.5
0.96250, 0.00000, 140, 49.5
0.97390, 0.00049, 94, 49.5
0.98520, 0.00000, 46, 49.5
0.99660, 0.00000, -10, 49.5
1.00790, 0.00000, -18, 49.5
1.01930, 0.00000, 81, 49.5
1.03060, 0.00000, 76, 49.5
1.04200, 0.00000, 90, 49.5
1.05330, 0.00000, 67, 49.5
1.06470, 0.00000, 120, 49.5
1.07600, -0.00049, 32, 49.5
1.08740, 0.00000, 104, 49.5
1.09880, -0.00049, 34, 49.5
1.11010, 0.00000, 72, 49.5
1.12150, 0.00098, 24, 49.5
1.13280, 0.00000, 93, 49.5
1.14420, -0.00049, 77, 49.5
1.15550, 0.00000, 70, 49.5
1.16690, 0.00049, 98, 49.5
1.17820, -0.00098, 14, 49.5
1.18960, 0.00000, 44, 49.5
1.20090, 0.00000, 112, 49.5
1.21230, -0.00049, -4, 49.5
1.22360, 0.00000, 68, 49.5
1.23500, 0.00049, 30, 49.5
1.24630, 0.00000, -106, 49.5
1.25770, -0.00098, 46, 49.5
1.26900, 0.00049, 60, 49.5
1.28040, -0.00049, 16, 49.5
1.29170, 0.00000, 52, 49.5
1.30310, 0.00000, -66, 49.5
1.31440, 0.00000, 154, 49.5
1.32580, 0.00000, 29, 49.5
1.33710, -0.00049, -26, 49.5
1.34850, 0.00049, 42, 49.5
1.35980, 0.00000, 42, 49.5
1.37120, 0.00000, 14, 49.5
1.38250, 0.00000, 50, 49.5
1.39390, 0.00000, -54, 49.5
1.40520, -0.00049, 61, 49.5
1.41660, 0.00000, 124, 49.5
1.42790, 0.00000, 69, 49.5
1.43930, 0.00000, 71, 49.5
1.45060, 0.00000, 51, 49.5
1.46200, 0.00000, 36, 49.5
1.47330, 0.00049, 108, 49.5
1.48470, 0.00000, 22, 49.5
1.49600, 0.00049, 122, 49.5
1.50740, -0.00049, 176, 49.5
1.51870, 0.00049, 125, 49.5
1.53010, -0.00049, 33, 49.5
1.54140, 0.00049, 123, 49.5
1.55280, 0.00049, 14, 49.5
1.56410, 0.00049, 55, 49.5
1.57550, 0.00098, -82, 49.5
1.58680, 0.00000, -32, 49.5
1.59820, 0.00049, 108, 49.5
1.60950, 0.00049, 6, 49.5
1.62090, 0.00000, 66, 49.5
1.63220, 0.00000, 94, 49.5
1.64360, 0.00000, -93, 49.5
1.65490, 0.00000, 65, 49.5
1.66630, -0.00049, 126, 49.5
1.67760, 0.00000, -8, 49.5
1.68900, 0.00098, 148, 49.5
1.70030, -0.00098, 49, 49.5
1.71170, -0.00049, 16, 49.5
1.72300, 0.00000, 16, 49.5
1.73440, -0.00049, -58, 49.5
1.74570, 0.00049, -78, 49.5
1.75710, 0.00000, 90, 49.5
1.76840, 0.00098, -20, 49.5
1.77980, -0.00098, 38, 49.5
1.79110, -0.00049, 110, 49.5
1.80250, 0.00000, -24, 49.5
1.81380, 0.00049, 118, 49.5
1.82520, -0.00049, 83, 49.5
1.83650, 0.00000, 86, 49.5
1.84790, -0.00049, -5, 49.5
1.85920, 0.00049, 96, 49.5
1.87060, 0.00049, 98, 49.5
1.88190, -0.00049, 108, 49.5
1.89330, 0.00000, 76, 49.5
1.90460, 0.00000, 76, 49.5
1.91600, 0.00000, 131, 49.5
1.92730, 0.00049, 67, 49.5
1.93870, 0.00000, -104, 49.5
1.95000, 0.00000, 34, 49.5
1.96140, -0.00049, 3, 49.5
1.97270, 0.00049, -7, 49.5
1.98410, -0.00049, 88, 49.5
1.99540, 0.00000, 86, 49.5
2.00680, 0.00000, 132, 49.5
2.01810, 0.00000, 10, 49.5
2.02950, -0.00049, 132, 49.5
2.04080, -0.00098, 64, 49.5
2.05220, -0.00049, 12, 49.5
2.06350, 0.00000, 98, 49.5
2.07490, 0.00000, 88, 49.5
2.08620, 0.00000, 39, 49.5
2.09760, 0.00049, 133, 49.5
2.10890, -0.00049, 148, 49.5
2.12030, -0.00049, -10, 49.5
2.13160, 0.00049, 62, 49.5
2.14300, 0.00049, 98, 49.5
2.15430, 0.00049, 106, 49.5
2.16570, -0.00049, 120, 49.5
2.17700, -0.00049, 8, 49.5
2.18840, 0.00000, 68, 49.5
2.19970, 0.00000, 117, 49.5
2.21110, -0.00049, 132, 49.5
2.22250, 0.00000, 130, 49.5
2.23380, -0.00049, -94, 49.5
2.24520, 0.00000, 142, 49.5
2.25650, -0.00049, 154, 49.5
2.26790, 0.00049, 104, 49.5
2.27920, -0.00049, -14, 49.5
2.29060, 0.00000, 28, 49.5
2.30190, 0.00049, 138, 49.5
2.31330, 0.00049, 126, 49.5
2.32460, 0.00000, 41, 49.5
2.33600, -0.00049, 80, 49.5
2.34730, -0.00049, 132, 49.5
2.35870, 0.00000, 91, 49.5
2.37000, 0.00049, 116, 49.5
2.38140, -0.00098, 100, 49.5
2.39270, -0.00098, 6, 49.5
2.40410, 0.00049, 111, 49.5
2.41540, -0.00049, 22, 49.5
2.42680, 0.00049, 134, 49.5
2.43810, 0.00049, 8, 49.5
2.44950, 0.00000, 72, 49.5
2.46080, -0.00049, 132, 49.5
2.47220, 0.00000, 110, 49.5
2.48350, -0.00049, 26, 49.5
2.49490, 0.00049, 132, 49.5
2.50620, 0.00049, 23, 49.5
2.51760, 0.00000, 35, 49.5
2.52890, 0.00049, 68, 49.5
2.54030, 0.00049, 122, 49.5
2.55160, 0.00000, 116, 49.5
2.56300, 0.00000, 78, 49.5
2.57430, 0.00000, 14, 49.5
2.58570, -0.00049, -48, 49.5
2.59700, -0.00049, 102, 49.5
2.60840, -0.00049, 68, 49.5
2.61970, 0.00049, 111, 49.5
2.63110, 0.00000, 100, 49.5
2.64240, 0.00049, 133, 49.5
2.65380, 0.00098, 93, 49.5
2.66510, 0.00000, 124, 49.5
2.67650, 0.00049, 142, 49.5
2.68780, 0.00000, 121, 49.5
2.69920, 0.00049, 138, 49.5
2.71050, 0.00000, 38, 49.5
2.72190, 0.00000, 136, 49.5
2.73320, -0.00049, 18, 49.5
2.74460, -0.00049, -12, 49.5
2.75590, 0.00000, 74, 49.5
2.76730, 0.00000, 110, 49.5
2.77860, 0.00000, 122, 49.5
2.79000, -0.00049, 42, 49.5
2.80130, 0.00000, -22, 49.5
2.81270, -0.00098, 118, 49.5
2.82400, 0.00000, 106, 49.5
2.83540, -0.00049, 144, 49.5
2.84670, -0.00049, 104, 49.5
2.85810, 0.00049, 132, 49.5
2.86940, 0.00049, -2, 49.5
2.88080, 0.00049, 92, 49.5
2.89210, 0.00000, 108, 49.5
2.90350, 0.00000, -22, 49.5
2.91480, 0.00000, 23, 49.5
2.92620, 0.00000, 104, 49.5
2.93750, 0.00049, 56, 49.5
2.94890, 0.00049, 102, 49.5
2.96020, 0.00000, 126, 49.5
2.97160, -0.00049, -66, 49.5
2.98290, -0.00049, 138, 49.5
2.99430, -0.00049, 77, 49.5
3.00560, 0.00000, 82, 49.5
3.01700, 0.00049, 17, 49.5
3.02830, 0.00049, 4, 49.5
3.03970, -0.00049, 119, 49.5
3.05100, -0.00098, 127, 49.5
3.06240, 0.00098, 34, 49.5
3.07370, 0.00000, -14, 49.5
3.08510, -0.00049, 114, 49.5
3.09640, -0.00049, 56, 49.5
3.10780, 0.00000, 118, 49.5
3.11910, 0.00049, 54, 49.5
3.13050, 0.00049, 32, 49.5
3.14180, 0.00000, 76, 49.5
3.15320, 0.00000, 132, 49.5
3.16450, 0.00000, -3, 49.5
3.17590, -0.00049, 5, 49.5
3.18720, -0.00098, 61, 49.5
3.19860, -0.00049, 98, 49.5
3.20990, -0.00049, -41, 49.5
3.22130, 0.00000, 122, 49.5
3.23260, 0.00000, 110, 49.5
3.24400, -0.00049, 112, 49.5
3.25530, 0.00000, 86, 49.5
3.26670, -0.00049, -144, 49.5
3.27800, 0.00098, 97, 49.5
3.28940, -0.00049, 79, 49.5
3.30070, 0.00049, 25, 49.5
3.31210, -0.00439, 52, 49.5
3.32340, -0.00049, 49, 49.5
3.33480, 0.00000, 158, 49.5
3.34620, 0.00000, 72, 49.5
3.35750, 0.00098, 126, 49.5
3.36890, 0.00000, -24, 49.5
3.38020, -0.00098, 60, 49.5
3.39160, -0.00049, 116, 49.5
3.40290, 0.00098, 110, 49.5
3.41430, 0.00000, 133, 49.5
3.42560, 0.00000, -128, 49.5
3.43700, -0.00049, 79, 49.5
3.44830, -0.00049, 139, 49.5
3.45970, -0.00049, 94, 49.5
3.47100, 0.00000, 6, 49.5
3.48240, 0.00000, 27, 49.5
3.49370, -0.00049, 60, 49.5
3.50510, 0.00049, 36, 49.5
3.51640, -0.00049, -72, 49.5
3.52780, 0.00049, 142, 49.5
3.53910, -0.00049, 66, 49.5
3.55050, 0.00098, 142, 49.5
3.56180, 0.00049, -55, 49.5
3.57320, -0.00049, 129, 49.5
3.58450, 0.00000, 124, 49.5
3.59590, 0.00000, -79, 49.5
3.60720, 0.00000, 37, 49.5
3.61860, 0.00000, 186, 49.5
3.62990, 0.00000, 60, 49.5
3.64130, 0.00049, 112, 49.5
3.65260, 0.00049, 68, 49.5
3.66400, 0.00049, 88, 49.5
3.67530, 0.00000, 69, 49.5
3.68670, 0.00000, 6, 49.5
3.69800, -0.00049, 30, 49.5
3.70940, 0.00049, 57, 49.5
3.72070, 0.00000, 19, 49.5
3.73210, -0.00049, 101, 49.5
3.74340, -0.00049, 130, 49.5
3.75480, 0.00000, 6, 49.5
3.76610, -0.00098, 155, 49.5
3.77750, -0.00049, 0, 49.5
3.78880, -0.00049, 106, 49.5
3.80020, -0.00098, 38, 49.5
3.81150, -0.00049, -71, 49.5
3.82290, -0.00049, 48, 49.5
3.83420, 0.00049, 150, 49.5
3.84560, 0.00049, 132, 49.5
3.85690, -0.00049, 131, 49.5
3.86830, -0.00049, 57, 49.5
3.87960, -0.00098, 127, 49.5
3.89100, -0.00098, 68, 49.5
3.90230, 0.00049, 4, 49.5
3.91370, -0.00098, -60, 49.5
3.92500, -0.00049, 8, 49.5
3.93640, 0.00000, 70, 49.5
3.94770, 0.00000, 124, 49.5
3.95910, 0.00000, 22, 49.5
3.97040, 0.00000, 147, 49.5
3.98180, -0.00098, 26, 49.5
3.99310, 0.00000, 126, 49.5
4.00450, 0.00000, 91, 49.5
4.01580, -0.00049, 118, 49.5
4.02720, 0.00000, 118, 49.5
4.03850, -0.00049, -2, 49.5
4.04990, 0.00000, 0, 49.5
4.06120, 0.00049, 76, 49.5
4.07260, -0.00049, 36, 49.5
4.08390, -0.00049, 19, 49.5
4.09530, 0.00049, 60, 49.5
4.10660, 0.00049, 56, 49.5
4.11800, 0.00000, 44, 49.5
4.12930, 0.00000, 135, 49.5
4.14070, 0.00000, -30, 49.5
4.15200, -0.00049, 50, 49.5
4.16340, 0.00000, 181, 49.5
4.17470, 0.00049, 122, 49.5
4.18610, -0.00049, -56, 49.5
4.19740, -0.00098, 22, 49.5
4.20880, 0.00049, 20, 49.5
4.22010, 0.00000, 200, 49.5
4.23150, 0.00000, 136, 49.5
4.24280, -0.00049, 96, 49.5
4.25420, 0.00000, 61, 49.5
4.26550, -0.00049, 117, 49.5
4.27690, 0.00000, 69, 49.5
4.28820, 0.00000, 89, 49.5
4.29960, -0.00049, 136, 49.5
4.31090, 0.00000, 112, 49.5
4.32230, -0.00146, -46, 49.5
4.33360, 0.00049, 110, 49.5
4.34500, 0.00000, 2, 49.5
4.35630, 0.00000, 56, 49.5
4.36770, 0.00000, 126, 49.5
4.37900, -0.00098, 30, 49.5
4.39040, -0.00049, 102, 49.5
4.40170, -0.00049, 29, 49.5
4.41310, -0.00098, -56, 49.5
4.42440, 0.00098, 30, 49.5
4.43580, -0.00049, 82, 49.5
4.44720, 0.00000, 136, 49.5
4.45850, 0.00000, 56, 49.5
4.46990, 0.00000, 88, 49.5
4.48120, 0.00049, 79, 49.5
4.49260, -0.00049, 94, 49.5
4.50390, 0.00000, 142, 49.5
4.51530, 0.00049, 103, 49.5
4.52660, -0.00049, 64, 49.5
4.53800, 0.00049, 104, 49.5
4.54930, 0.00049, 20, 49.5
4.56070, -0.00049, 59, 49.5
4.57200, -0.00098, -30, 49.5
4.58340, 0.00049, 64, 49.5
4.59470, 0.00000, 94, 49.5
4.60610, -0.00049, 100, 49.5
4.61740, -0.00049, 76, 49.5
4.62880, 0.00000, 94, 49.5
4.64010, -0.00049, 57, 49.5
4.65150, -0.00098, 4, 49.5
4.66280, 0.00049, 118, 49.5
4.67420, 0.00098, 6, 49.5
4.68550, 0.00000, 64, 49.5
4.69690, 0.00049, 16, 49.5
4.70820, 0.00000, 136, 49.5
4.71960, 0.00098, 26, 49.5
4.73090, -0.00049, 82, 49.5
4.74230, 0.00049, 2, 49.5
4.75360, -0.00049, 84, 49.5
4.76500, 0.00049, -42, 49.5
4.77630, 0.00000, 90, 49.5
4.78770, 0.00049, 38, 49.5
4.79900, 0.00000, 90, 49.5
4.81040, 0.00098, -1, 49.5
4.82170, -0.00049, 82, 49.5
4.83310, -0.00049, 0, 49.5
4.84440, -0.00049, 102, 49.5
4.85580, -0.00049, 20, 49.5
4.86710, 0.00049, 84, 49.5
4.87850, 0.00000, 126, 49.5
4.88980, -0.00049, -26, 49.5
4.90120, 0.00000, 176, 49.5
4.91250, 0.00049, -39, 49.5
4.92390, 0.00000, 129, 49.5
4.93520, -0.00049, 137, 49.5
4.94660, -0.00049, 126, 49.5
4.95790, 0.00000, 29, 49.5
4.96930, 0.00000, -11, 49.5
4.98060, 0.00098, -78, 49.5
4.99200, 0.00000, 28, 49.5
5.00330, 0.00049, 124, 49.5
5.01470, 0.00000, -24, 49.5
5.02600, 0.00000, 126, 49.5
5.03740, 0.00000, 32, 49.5
5.04870, 0.00049, -63, 49.5
5.06010, 0.00049, 121, 49.5
5.07140, 0.00000, 134, 49.5
5.08280, 0.00000, 90, 49.5
5.09410, 0.00098, 62, 49.5
5.10550, 0.00000, 46, 49.5
5.11680, 0.00000, 92, 49.5
5.12820, -0.00049, -2, 49.5
5.13950, -0.00049, 116, 49.5
5.15090, 0.00000, 60, 49.5
5.16220, 0.00000, 124, 49.5
5.17360, -0.00098, 54, 49.5
5.18490, 0.00000, 114, 49.5
5.19630, 0.00049, 127, 49.5
5.20760, -0.00049, 83, 49.5
5.21900, 0.00000, 82, 49.5
5.23030, 0.00000, -20, 49.5
5.24170, -0.00049, 127, 49.5
5.25300, 0.00000, -62, 49.5
5.26440, 0.00049, 14, 49.5
5.27570, 0.00000, 152, 49.5
5.28710, 0.00049, -78, 49.5
5.29840, 0.00098, 92, 49.5
5.30980, 0.00000, 29, 49.5
5.32110, 0.00000, 72, 49.5
5.33250, 0.00000, 126, 49.5
5.34380, 0.00000, 123, 49.5
5.35520, -0.00049, 75, 49.5
5.36650, 0.00049, -61, 49.5
5.37790, 0.00000, 92, 49.5
5.38920, -0.00049, -68, 49.5
5.40060, 0.00049, -24, 49.5
5.41190, 0.00000, 84, 49.5
5.42330, 0.00000, -40, 49.5
5.43460, -0.00049, 45, 49.5
5.44600, 0.00000, 112, 49.5
5.45730, -0.00098, -5, 49.5
5.46870, 0.00049, 65, 49.5
5.48000, 0.00000, 49, 49.5
5.49140, -0.00049, -26, 49.5
5.50270, 0.00000, 66, 49.5
5.51410, 0.00000, 122, 49.5
5.52540, 0.00098, 36, 49.5
5.53680, 0.00049, 92, 49.5
5.54810, 0.00000, 60, 49.5
5.55950, 0.00000, 41, 49.5
5.57080, -0.00098, 119, 49.5
5.58220, -0.00049, 124, 49.5
5.59360, 0.00000, 69, 49.5
5.60490, -0.00098, 123, 49.5
5.61630, 0.00000, 114, 49.5
5.62760, 0.00000, 110, 49.5
5.63900, -0.00049, 51, 49.5
5.65030, -0.00049, 130, 49.5
5.66170, 0.00049, 166, 49.5
5.67300, -0.00049, 84, 49.5
5.68440, 0.00000, 62, 49.5
5.69570, -0.00049, 2, 49.5
5.70710, 0.00000, -14, 49.5
5.71840, -0.00049, 29, 49.5
5.72980, 0.00049, 164, 49.5
5.74110, 0.00000, 22, 49.5
5.75250, 0.00000, 77, 49.5
5.76380, 0.00098, 109, 49.5
5.77520, 0.00000, 86, 49.5
5.78650, 0.00049, 86, 49.5
5.79790, 0.00049, -36, 49.5
5.80920, 0.00000, 36, 49.5
5.82060, 0.00000, 126, 49.5
5.83190, 0.00049, -115, 49.5
5.84330, 0.00049, 88, 49.5
5.85460, -0.00049, 87, 49.5
5.86600, 0.00049, 39, 49.5
5.87730, -0.00049, 40, 49.5
5.88870, -0.00049, 67, 49.5
5.90000, 0.00000, 42, 49.5
5.91140, 0.00049, 6, 49.5
5.92270, 0.00000, 120, 49.5
5.93410, 0.00000, 2, 49.5
5.94540, -0.00098, -38, 49.5
5.95680, 0.00049, 32, 49.5
5.96810, -0.00049, 118, 49.5
5.97950, 0.00000, 74, 49.5
5.99080, 0.00000, 107, 49.5
6.00220, 0.00000, 6, 49.5
6.01350, 0.00000, 84, 49.5
6.02490, 0.00049, -5, 49.5
6.03620, 0.00000, -68, 49.5
6.04760, -0.00049, 122, 49.5
6.05890, 0.00000, -16, 49.5
6.07030, 0.00000, 108, 49.5
6.08160, -0.00049, 130, 49.5
6.09300, -0.00049, -38, 49.5
6.10430, 0.00000, 122, 49.5
6.11570, 0.00000, 34, 49.5
6.12700, 0.00049, 84, 49.5
6.13840, 0.00000, 177, 49.5
6.14970, -0.00049, 103, 49.5
6.16110, 0.00098, 24, 49.5
6.17240, 0.00049, 104, 49.5
6.18380, 0.00049, 26, 49.5
6.19510, 0.00000, -16, 49.5
6.20650, 0.00049, 128, 49.5
6.21780, -0.00049, 66, 49.5
6.22920, 0.00000, 72, 49.5
6.24050, -0.00049, 121, 49.5
6.25190, 0.00000, 99, 49.5
6.26320, 0.00049, 122, 49.5
6.27460, -0.00049, 222, 49.5
6.28590, 0.00049, 53, 49.5
6.29730, 0.00000, 120, 49.5
6.30860, 0.00000, 156, 49.5
6.32000, 0.00000, 62, 49.5
6.33130, 0.00000, -86, 49.5
6.34270, 0.00000, 100, 49.5
6.35400, 0.00000, 48, 49.5
6.36540, 0.00000, 70, 49.5
6.37670, 0.00000, 52, 49.5
6.38810, 0.00098, -6, 49.5
6.39940, -0.00098, 33, 49.5
6.41080, 0.00000, 115, 49.5
6.42210, 0.00000, 8, 49.5
6.43350, 0.00000, 177, 49.5
6.44480, 0.00000, 0, 49.5
6.45620, 0.00049, -62, 49.5
6.46750, -0.00049, 126, 49.5
6.47890, 0.00000, 94, 49.5
6.49020, 0.00000, -2, 49.5
6.50160, 0.00049, 152, 49.5
6.51290, 0.00098, 145, 49.5
6.52430, -0.00049, 85, 49.5
6.53560, 0.00098, 3, 49.5
6.54700, 0.00000, 60, 49.5
6.55830, 0.00000, 134, 49.5
6.56970, -0.00049, -4, 49.5
6.58100, 0.00000, 140, 49.5
6.59240, 0.00049, 78, 49.5
6.60370, -0.00049, 83, 49.5
6.61510, 0.00000, 30, 49.5
6.62640, 0.00000, -20, 49.5
6.63780, 0.00000, 62, 49.5
6.64910, -0.00098, -9, 49.5
6.66050, 0.00000, -12, 49.5
6.67180, -0.00049, -16, 49.5
6.68320, -0.00049, 32, 49.5
6.69450, 0.00000, 114, 49.5
6.70590, 0.00000, 15, 49.5
6.71730, 0.00000, 95, 49.5
6.72860, -0.00049, 104, 49.5
6.74000, 0.00000, 12, 49.5
6.75130, 0.00049, 16, 49.5
6.76270, 0.00049, 22, 49.5
6.77400, 0.00000, 110, 49.5
6.78540, 0.00000, 42, 49.5
6.79670, 0.00000, 15, 49.5
6.80810, 0.00000, 64, 49.5
6.81940, 0.00049, 108, 49.5
6.83080, 0.00000, 54, 49.5
6.84210, -0.00049, 8, 49.5
6.85350, 0.00049, 122, 49.5
6.86480, -0.00049, 90, 49.5
6.87620, 0.00049, 24, 49.5
6.88750, 0.00000, 96, 49.5
6.89890, 0.00049, -4, 49.5
6.91020, -0.00049, 128, 49.5
6.92160, 0.00049, 148, 49.5
6.93290, 0.00000, 89, 49.5
6.94430, 0.00000, 102, 49.5
6.95560, 0.00049, 18, 49.5
6.96700, 0.00098, 147, 49.5
6.97830, -0.00049, 124, 49.5
6.98970, 0.00049, 52, 49.5
7.00100, 0.00000, -3, 49.5
7.01240, 0.00000, 136, 49.5
7.02370, 0.00000, 152, 49.5
7.03510, -0.00049, 48, 49.5
7.04640, 0.00000, 116, 49.5
7.05780, -0.00049, 70, 49.5
7.06910, 0.00000, -75, 49.5
7.08050, 0.00049, -23, 49.5
7.09180, -0.00098, 59, 49.5
7.10320, 0.00000, 78, 49.5
7.11450, -0.00049, 115, 49.5
7.12590, -0.00049, 79, 49.5
7.13720, 0.00000, 72, 49.5
7.14860, -0.00049, 148, 49.5
7.15990, 0.00000, 38, 49.5
7.17130, -0.00049, -68, 49.5
7.18260, 0.00000, 166, 49.5
7.19400, 0.00000, -25, 49.5
7.20530, 0.00049, -62, 49.5
7.21670, 0.00049, 122, 49.5
7.22800, 0.00049, 156, 49.5
7.23940, -0.00098, 111, 49.5
7.25070, 0.00000, 68, 49.5
7.26210, 0.00049, 60, 49.5
7.27340, -0.00049, 60, 49.5
7.28480, 0.00000, -38, 49.5
7.29610, -0.00049, 152, 49.5
7.30750, 0.00000, 92, 49.5
7.31880, 0.00000, -16, 49.5
7.33020, 0.00000, 127, 49.5
7.34150, 0.00049, -8, 49.5
7.35290, -0.00049, 31, 49.5
7.36420, 0.00000, 149, 49.5
7.37560, 0.00049, -50, 49.5
7.38690, 0.00049, 56, 49.5
7.39830, 0.00049, 90, 49.5
7.40960, 0.00098, -20, 49.5
7.42100, 0.00000, 140, 49.5
7.43230, -0.00049, 124, 49.5
7.44370, 0.00000, 10, 49.5
7.45500, 0.00049, 42, 49.5
7.46640, 0.00049, 130, 49.5
7.47770, -0.00049, 72, 49.5
7.48910, 0.00049, 35, 49.5
7.50040, -0.00049, -9, 49.5
7.51180, 0.00000, 121, 49.5
7.52310, 0.00000, 109, 49.5
7.53450, -0.00049, 124, 49.5
7.54580, 0.00049, 32, 49.5
7.55720, 0.00000, 120, 49.5
7.56850, 0.00000, 86, 49.5
7.57990, -0.00049, 56, 49.5
7.59120, 0.00049, 154, 49.5
7.60260, -0.00049, 106, 49.5
7.61390, 0.00000, 30, 49.5
7.62530, 0.00000, -3, 49.5
7.63660, -0.00049, 106, 49.5
7.64800, 0.00000, 32, 49.5
7.65930, 0.00000, -42, 49.5
7.67070, 0.00049, 148, 49.5
7.68200, -0.00049, 137, 49.5
7.69340, -0.00049, 56, 49.5
7.70470, -0.00146, -56, 49.5
7.71610, 0.00049, 140, 49.5
7.72740, -0.00098, 122, 49.5
7.73880, 0.00000, 66, 49.5
7.75010, 0.00000, 43, 49.5
7.76150, -0.00049, 72, 49.5
7.77280, 0.00000, 129, 49.5
7.78420, 0.00000, 44, 49.5
7.79550, 0.00049, 79, 49.5
7.80690, 0.00000, 66, 49.5
7.81820, 0.00049, 2, 49.5
7.82960, -0.00098, 150, 49.5
7.84100, -0.00049, 58, 49.5
7.85230, 0.00000, 120, 49.5
7.86370, 0.00049, 36, 49.5
7.87500, -0.00049, 47, 49.5
7.88640, -0.00049, 21, 49.5
7.89770, 0.00000, 110, 49.5
7.90910, 0.00000, -18, 49.5
7.92040, 0.00049, 134, 49.5
7.93180, -0.00049, -4, 49.5
7.94310, 0.00000, 32, 49.5
7.95450, 0.00000, 20, 49.5
7.96580, 0.00000, -8, 49.5
7.97720, 0.00000, 50, 49.5
7.98850, 0.00000, 69, 49.5
7.99990, -0.00049, 103, 49.5
8.01120, 0.00049, -118, 49.5
8.02260, 0.00000, 120, 49.5
8.03390, 0.00049, 57, 49.5
8.04530, 0.00000, 65, 49.5
8.05660, -0.00049, -22, 49.5
8.06800, -0.00049, 86, 49.5
8.07930, 0.00000, 106, 49.5
8.09070, 0.00049, 104, 49.5
8.10200, 0.00000, 114, 49.5
8.11340, 0.00000, 44, 49.5
8.12470, -0.00049, 26, 49.5
8.13610, -0.00049, 128, 49.5
8.14740, 0.00098, 115, 49.5
8.15880, -0.00049, 21, 49.5
8.17010, 0.00049, 3, 49.5
8.18150, 0.00000, 110, 49.5
8.19280, -0.00049, -82, 49.5
8.20420, 0.00000, 125, 49.5
8.21550, 0.00049, 110, 49.5
8.22690, -0.00049, 72, 49.5
8.23820, 0.00049, -64, 49.5
8.24960, -0.00049, 64, 49.5
8.26090, -0.00049, -68, 49.5
8.27230, 0.00000, 100, 49.5
8.28360, 0.00000, -58, 49.5
8.29500, 0.00098, 18, 49.5
8.30630, 0.00000, 53, 49.5
8.31770, -0.00049, -61, 49.5
8.32900, 0.00000, 130, 49.5
8.34040, 0.00098, 92, 49.5
8.35170, -0.00049, 48, 49.5
8.36310, 0.00000, 134, 49.5
8.37440, 0.00000, 120, 49.5
8.38580, -0.00049, 114, 49.5
8.39710, 0.00098, -44, 49.5
8.40850, 0.00000, 69, 49.5
8.41980, 0.00000, 106, 49.5
8.43120, 0.00000, 43, 49.5
8.44250, -0.00049, 138, 49.5
8.45390, 0.00000, 66, 49.5
8.46520, 0.00000, -44, 49.5
8.47660, 0.00098, 84, 49.5
8.48790, 0.00000, 80, 49.5
8.49930, -0.00049, 116, 49.5
8.51060, -0.00049, 42, 49.5
8.52200, -0.00049, -70, 49.5
8.53330, 0.00000, 110, 49.5
8.54470, 0.00000, 86, 49.5
8.55600, 0.00000, -48, 49.5
8.56740, 0.00000, 97, 49.5
8.57870, -0.00049, -82, 49.5
8.59010, 0.00000, -11, 49.5
8.60140, 0.00000, 132, 49.5
8.61280, 0.00000, 92, 49.5
8.62410, 0.00000, 16, 49.5
8.63550, -0.00049, 104, 49.5
8.64680, 0.00049, 118, 49.5
8.65820, 0.00049, 58, 49.5
8.66950, 0.00000, 108, 49.5
8.68090, 0.00000, 73, 49.5
8.69220, -0.00049, 75, 49.5
8.70360, 0.00000, 56, 49.5
8.71490, 0.00000, 81, 49.5
8.72630, -0.00049, 136, 49.5
8.73760, -0.00049, 78, 49.5
8.74900, -0.00049, 122, 49.5
8.76030, 0.00049, 50, 49.5
8.77170, 0.00049, -2, 49.5
8.78300, 0.00049, 20, 49.5
8.79440, 0.00000, 132, 49.5
8.80570, -0.00049, 123, 49.5
8.81710, 0.00000, 136, 49.5
8.82840, -0.00049, -18, 49.5
8.83980, 0.00000, 98, 49.5
8.85110, 0.00000, 50, 49.5
8.86250, 0.00000, 79, 49.5
8.87380, -0.00049, 9, 49.5
8.88520, 0.00000, 108, 49.5
8.89650, 0.00049, 86, 49.5
8.90790, 0.00049, 24, 49.5
8.91920, 0.00000, -12, 49.5
8.93060, 0.00000, -4, 49.5
8.94200, -0.00049, 144, 49.5
8.95330, 0.00000, 97, 49.5
8.96470, -0.00049, 76, 49.5
8.97600, 0.00000, -10, 49.5
8.98740, 0.00049, 70, 49.5
8.99870, 0.00098, 63, 49.5
9.01010, 0.00049, 30, 49.5
9.02140, 0.00000, -20, 49.5
9.03280, -0.00098, 128, 49.5
9.04410, 0.00049, -82, 49.5
9.05550, -0.00049, 40, 49.5
9.06680, -0.00049, 119, 49.5
9.07820, 0.00000, 120, 49.5
9.08950, -0.00049, 137, 49.5
9.10090, 0.00000, 61, 49.5
9.11220, 0.00000, 72, 49.5
9.12360, 0.00049, 108, 49.5
9.13490, 0.00000, 6, 49.5
9.14630, 0.00049, 100, 49.5
9.15760, 0.00000, 2, 49.5
9.16900, 0.00049, 108, 49.5
9.18030, 0.00000, 140, 49.5
9.19170, 0.00049, 96, 49.5
9.20300, -0.00049, 88, 49.5
9.21440, -0.00049, 42, 49.5
9.22570, 0.00000, 123, 49.5
9.23710, 0.00049, -3, 49.5
9.24840, -0.00049, -7, 49.5
9.25980, -0.00049, 99, 49.5
9.27110, -0.00098, 90, 49.5
9.28250, 0.00000, 2, 49.5
9.29380, 0.00049, 148, 49.5
9.30520, 0.00000, 90, 49.5
9.31650, 0.00000, 86, 49.5
9.32790, 0.00000, 128, 49.5
9.33920, 0.00000, 68, 49.5
9.35060, 0.00000, 34, 49.5
9.36190, 0.00049, 112, 49.5
9.37330, 0.00000, -54, 49.5
9.38460, -0.00049, 135, 49.5
9.39600, -0.00049, 111, 49.5
9.40730, 0.00049, 106, 49.5
9.41870, 0.00049, 114, 49.5
9.43000, 0.00000, 130, 49.5
9.44140, -0.00049, 46, 49.5
9.45270, 0.00000, -42, 49.5
9.46410, -0.00049, 138, 49.5
9.47540, 0.00000, -68, 49.5
9.48680, -0.00049, 132, 49.5
9.49810, 0.00049, 114, 49.5
9.50950, -0.00049, -8, 49.5
9.52080, 0.00000, 21, 49.5
9.53220, 0.00049, 122, 49.5
9.54350, -0.00098, -56, 49.5
9.55490, -0.00049, 119, 49.5
9.56620, 0.00000, 28, 49.5
9.57760, 0.00000, 68, 49.5
9.58890, 0.00000, 124, 49.5
9.60030, 0.00049, -8, 49.5
9.61160, 0.00000, 122, 49.5
9.62300, 0.00000, 124, 49.5
9.63430, -0.00049, 14, 49.5
9.64570, 0.00000, -61, 49.5
9.65700, -0.00098, 6, 49.5
9.66840, 0.00049, -62, 49.5
9.67970, 0.00049, 118, 49.5
9.69110, 0.00000, 78, 49.5
9.70240, -0.00049, 12, 49.5
9.71380, -0.00049, -44, 49.5
9.72510, -0.00049, 34, 49.5
9.73650, 0.00000, -26, 49.5
9.74780, 0.00049, 8, 49.5
9.75920, -0.00049, -30, 49.5
9.77050, 0.00000, 125, 49.5
9.78190, 0.00000, 91, 49.5
9.79320, 0.00000, -27, 49.5
9.80460, -0.00049, 166, 49.5
9.81590, 0.00000, 72, 49.5
9.82730, -0.00049, 48, 49.5
9.83860, -0.00049, 2, 49.5
9.85000, 0.00098, 44, 49.5
9.86130, 0.00000, 98, 49.5
9.87270, 0.00000, 111, 49.5
9.88400, 0.00000, 0, 49.5
9.89540, 0.00000, 122, 49.5
9.90670, 0.00049, -65, 49.5
9.91810, 0.00000, 122, 49.5
9.92940, -0.00049, 87, 49.5
9.94080, -0.00049, 61, 49.5
9.95210, 0.00049, 15, 49.5
9.96350, -0.00049, 108, 49.5
9.97480, 0.00049, -62, 49.5
9.98620, 0.00049, 180, 49.5
9.99750, 0.00049, 46, 49.5
10.00890, -0.00049, 98, 49.5
10.02020, 0.00000, 98, 49.5
10.03160, -0.00049, -12, 49.5
10.04290, -0.00049, 123, 49.5
10.05430, 0.00049, 101, 49.5
10.06570, 0.00049, 68, 49.5
10.07700, 0.00049, 74, 49.5
10.08840, -0.00049, 112, 49.5
10.09970, 0.00049, 8, 49.5
10.11110, 0.00000, 112, 49.5
10.12240, 0.00049, 124, 49.5
10.13380, 0.00000, -6, 49.5
10.14510, 0.00000, 108, 49.5
10.15650, 0.00000, 50, 49.5
10.16780, 0.00049, 14, 49.5
10.17920, 0.00000, -20, 49.5
10.19050, 0.00049, 126, 49.5
10.20190, 0.00000, 117, 49.5
10.21320, 0.00049, 76, 49.5
10.22460, 0.00000, 112, 49.5
10.23590, -0.00049, 34, 49.5
10.24730, 0.00000, 106, 49.5
10.25860, -0.00049, 50, 49.5
10.27000, -0.00049, 2, 49.5
10.28130, -0.00049, -4, 49.5
10.29270, 0.00000, 128, 49.5
10.30400, 0.00049, 8, 49.5
10.31540, 0.00000, 86, 49.5
10.32670, 0.00049, 136, 49.5
10.33810, 0.00000, 62, 49.5
10.34940, -0.00049, 36, 49.5
10.36080, 0.00000, 70, 49.5
10.37210, 0.00000, 58, 49.5
10.38350, -0.00098, 16, 49.5
10.39480, 0.00049, 118, 49.5
10.40620, -0.00049, 42, 49.5
10.41750, -0.00049, 118, 49.5
10.42890, -0.00049, 92, 49.5
10.44020, 0.00049, 69, 49.5
10.45160, 0.00049, 19, 49.5
10.46290, 0.00000, 134, 49.5
10.47430, 0.00000, 102, 49.5
10.48560, 0.00049, -40, 49.5
10.49700, -0.00049, 68, 49.5
10.50830, -0.00049, 148, 49.5
10.51970, 0.00000, 40, 49.5
10.53100, -0.00098, 64, 49.5
10.54240, 0.00000, 80, 49.5
10.55370, 0.00000, -30, 49.5
10.56510, 0.00000, 112, 49.5
10.57640, 0.00098, 102, 49.5
10.58780, 0.00000, -3, 49.5
10.59910, -0.00049, 26, 49.5
10.61050, 0.00098, 124, 49.5
10.62180, 0.00000, 28, 49.5
10.63320, 0.00000, 5, 49.5
10.64450, 0.00049, 126, 49.5
10.65590, -0.00049, 6, 49.5
10.66720, -0.00098, 154, 49.5
10.67860, 0.00049, 72, 49.5
10.68990, 0.00000, 86, 49.5
10.70130, 0.00000, 116, 49.5
10.71260, -0.00049, 2, 49.5
10.72400, 0.00049, 98, 49.5
10.73530, 0.00049, 120, 49.5
10.74670, -0.00049, 9, 49.5
10.75800, 0.00000, 89, 49.5
10.76940, 0.00049, 134, 49.5
10.78070, -0.00049, 92, 49.5
10.79210, -0.00049, 94, 49.5
10.80340, 0.00098, 24, 49.5
10.81480, 0.00000, 64, 49.5
10.82610, 0.00000, 51, 49.5
10.83750, 0.00000, 47, 49.5
10.84880, -0.00049, 80, 49.5
10.86020, 0.00049, 58, 49.5
10.87150, 0.00000, 68, 49.5
10.88290, -0.00049, 50, 49.5
10.89420, -0.00049, -36, 49.5
10.90560, 0.00000, 104, 49.5
10.91690, -0.00049, 129, 49.5
10.92830, 0.00000, -52, 49.5
10.93960, 0.00049, 138, 49.5
10.95100, 0.00000, 13, 49.5
10.96230, 0.00049, 71, 49.5
10.97370, -0.00049, 138, 49.5
10.98500, 0.00000, 140, 49.5
10.99640, -0.00049, 83, 49.5
11.00770, -0.00049, -75, 49.5
11.01910, -0.00098, 52, 49.5
11.03040, 0.00049, 4, 49.5
11.04180, -0.00049, 4, 49.5
11.05310, 0.00049, 138, 49.5
11.06450, 0.00000, 48, 49.5
11.07580, 0.00049, 94, 49.5
11.08720, -0.00049, 60, 49.5
11.09850, 0.00000, 100, 49.5
11.10990, 0.00000, 43, 49.5
11.12120, -0.00049, 120, 49.5
11.13260, 0.00000, 87, 49.5
11.14390, 0.00000, 130, 49.5
11.15530, 0.00049, 36, 49.5
11.16660, 0.00000, 80, 49.5
11.17800, 0.00000, -88, 49.5
11.18940, -0.00049, 120, 49.5
11.20070, 0.00000, 48, 49.5
11.21210, 0.00000, -82, 49.5
11.22340, 0.00049, 148, 49.5
11.23480, 0.00000, 99, 49.5
11.24610, -0.00049, 54, 49.5
11.25750, 0.00000, 116, 49.5
11.26880, 0.00049, -24, 49.5
11.28020, 0.00000, 78, 49.5
11.29150, 0.00000, 100, 49.5
11.30290, -0.00049, 112, 49.5
11.31420, -0.00098, 77, 49.5
11.32560, 0.00000, 68, 49.5
11.33690, 0.00049, 94, 49.5
11.34830, -0.00049, 106, 49.5
11.35960, 0.00098, 78, 49.5
11.37100, -0.00049, -44, 49.5
11.38230, 0.00049, 104, 49.5
11.39370, 0.00049, 42, 49.5
11.40500, 0.00000, 87, 49.5
11.41640, 0.00000, 60, 49.5
11.42770, -0.00049, 45, 49.5
11.43910, 0.00000, 43, 49.5
11.45040, 0.00049, 86, 49.5
11.46180, -0.00049, 94, 49.5
11.47310, -0.00049, 44, 49.5
11.48450, 0.00000, 32, 49.5
11.49580, 0.00000, 52, 49.5
11.50720, 0.00049, 82, 49.5
11.51850, 0.00000, 84, 49.5
11.52990, 0.00049, 86, 49.5
11.54120, -0.00098, 4, 49.5
11.55260, 0.00000, 105, 49.5
11.56390, 0.00000, -44, 49.5
#2021-12-17 14:58:02
