#2021-12-17 16:23:09
0.56770, 0.00000, 28, 49.0
0.57910, 0.00000, 226, 49.0
0.59040, 0.00000, 68, 49.0
0.60180, 0.00000, 10, 49.0
0.61310, 0.00049, 128, 49.0
0.62450, 0.00049, 152, 49.0
0.63580, -0.00049, 100, 49.0
0.64720, 0.00049, 2, 49.0
0.65850, 0.00000, 5, 49.0
0.66990, 0.00098, 132, 49.0
0.68120, 0.00098, 82, 49.0
0.69260, -0.00098, 10, 49.0
0.70390, 0.00000, 31, 49.0
0.71530, -0.00098, 126, 49.0
0.72660, 0.00049, 30, 49.0
0.73800, 0.00195, 14, 49.0
0.74930, 0.00000, 126, 49.0
0.76070, 0.00000, 44, 49.0
0.77200, 0.00000, -18, 49.0
0.78340, -0.00049, -136, 49.0
0.79470, 0.00049, 193, 49.0
0.80610, -0.00098, 80, 49.0
0.81740, -0.00049, 123, 49.0
0.82880, 0.00049, 42, 49.0
0.84010, 0.00049, 104, 49.0
0.85150, -0.00049, 150, 49.0
0.86280, -0.00049, -7, 49.0
0.87420, -0.00049, 93, 49.0
0.88550, -0.00049, 2, 49.0
0.89690, 0.00049, 67, 49.0
0.90820, 0.00000, 57, 49.0
0.91960, 0.00000, 47, 49.0
0.93090, 0.00000, -14, 49.0
0.94230, 0.00000, -60, 49.0
0.95360, -0.00049, 131, 49.0
0.96500, 0.00098, 220, 49.0
0.97630, 0.00049, 4, 49.0
0.98770, 0.00049, 115, 49.0
0.99900, 0.00049, 134, 49.0
1.01040, -0.00098, -48, 49.0
1.02170, -0.00049, 22, 49.0
1.03310, -0.00098, 73, 49.0
1.04440, 0.00049, 11, 49.0
1.05580, 0.00146, 130, 49.0
1.06710, 0.00000, 34, 49.0
1.07850, 0.00000, 46, 49.0
1.08980, -0.00049, 44, 49.0
1.10120, -0.00049, -54, 49.0
1.11250, 0.00098, 8, 49.0
1.12390, -0.00049, 121, 49.0
1.13520, 0.00146, 174, 49.0
1.14660, 0.00049, -48, 49.0
1.15790, 0.00098, 40, 49.0
1.16930, 0.00195, 82, 49.0
1.18060, -0.00049, 92, 49.0
1.19200, 0.00000, 84, 49.0
1.20330, 0.00049, 124, 49.0
1.21470, 0.00000, 168, 49.0
1.22600, -0.00049, 80, 49.0
1.23740, 0.00000, 49, 49.0
1.24870, 0.00049, 75, 49.0
1.26010, 0.00049, -22, 49.0
1.27140, 0.00000, 106, 49.0
1.28280, 0.00000, 3, 49.0
1.29410, -0.00098, 154, 49.0
1.30550, -0.00049, 114, 49.0
1.31680, 0.00049, 4, 49.0
1.32820, -0.00049, -55, 49.0
1.33950, 0.00098, -6, 49.0
1.35090, 0.00000, -18, 49.0
1.36220, -0.00098, 98, 49.0
1.37360, 0.00049, 27, 49.0
1.38490, 0.00049, 46, 49.0
1.39630, -0.00098, 42, 49.0
1.40760, 0.00000, 85, 49.0
1.41900, 0.00049, 0, 49.0
1.43030, -0.00049, 38, 49.0
1.44170, 0.00000, 128, 49.0
1.45300, 0.00000, 111, 49.0
1.46440, -0.00049, -47, 49.0
1.47570, -0.00049, 4, 49.0
1.48710, -0.00146, 86, 49.0
1.49840, 0.00146, 118, 49.0
1.50980, 0.00000, 26, 49.0
1.52110, -0.00049, 132, 49.0
1.53250, -0.00049, 44, 49.0
1.54380, 0.00000, 60, 49.0
1.55520, 0.00000, 90, 49.0
1.56650, 0.00000, 17, 49.0
1.57790, 0.00049, 93, 49.0
1.58920, -0.00146, 102, 49.0
1.60060, 0.00049, -2, 49.0
1.61190, 0.00049, 44, 49.0
1.62330, 0.00000, 29, 49.0
1.63460, -0.00049, 96, 49.0
1.64600, 0.00000, 65, 49.0
1.65730, 0.00244, 100, 49.0
1.66870, 0.00000, 143, 49.0
1.68000, 0.00000, 14, 49.0
1.69140, -0.00098, -114, 49.0
1.70270, 0.00000, 132, 49.0
1.71410, 0.00000, 46, 49.0
1.72540, 0.00098, 54, 49.0
1.73680, -0.00049, -48, 49.0
1.74810, 0.00000, 92, 49.0
1.75950, -0.00049, 99, 49.0
1.77080, 0.00000, -12, 49.0
1.78220, 0.00049, 48, 49.0
1.79350, 0.00000, 177, 49.0
1.80490, -0.00098, -14, 49.0
1.81620, 0.00000, 122, 49.0
1.82760, -0.00098, -24, 49.0
1.83890, 0.00049, 92, 49.0
1.85030, 0.00000, 12, 49.0
1.86160, 0.00000, -68, 49.0
1.87300, -0.00098, 103, 49.0
1.88430, 0.00049, 57, 49.0
1.89570, 0.00049, 100, 49.0
1.90700, 0.00000, 132, 49.0
1.91840, -0.00049, 86, 49.0
1.92970, 0.00000, -12, 49.0
1.94110, 0.00049, 8, 49.0
1.95240, 0.00000, 34, 49.0
1.96380, -0.00049, 98, 49.0
1.97510, 0.00000, 100, 49.0
1.98650, -0.00098, 105, 49.0
1.99780, 0.00049, -167, 49.0
2.00920, 0.00098, 123, 49.0
2.02050, -0.00049, 198, 49.0
2.03190, -0.00098, -11, 49.0
2.04320, 0.00000, 37, 49.0
2.05460, -0.00146, -20, 49.0
2.06590, -0.00049, 94, 49.0
2.07730, -0.00049, 30, 49.0
2.08860, -0.00098, 136, 49.0
2.10000, 0.00000, 8, 49.0
2.11130, 0.00000, -35, 49.0
2.12270, -0.00049, 163, 49.0
2.13400, 0.00098, 44, 49.0
2.14540, -0.00098, -12, 49.0
2.15670, 0.00049, -72, 49.0
2.16810, 0.00000, 14, 49.0
2.17940, -0.00098, 30, 49.0
2.19080, -0.00049, 104, 49.0
2.20210, -0.00098, 2, 49.0
2.21350, 0.00000, 41, 49.0
2.22480, 0.00000, 82, 49.0
2.23620, 0.00049, 22, 49.0
2.24750, -0.00146, 99, 49.0
2.25890, 0.00049, 152, 49.0
2.27020, 0.00098, -58, 49.0
2.28160, -0.00049, 141, 49.0
2.29290, -0.00098, 63, 49.0
2.30430, 0.00000, -66, 49.0
2.31560, -0.00049, 122, 49.0
2.32700, 0.00000, 56, 49.0
2.33830, 0.00049, 59, 49.0
2.34970, 0.00000, 18, 49.0
2.36100, -0.00049, 90, 49.0
2.37240, 0.00000, 95, 49.0
2.38370, 0.00000, -44, 49.0
2.39510, 0.00146, 52, 49.0
2.40640, 0.00049, 30, 49.0
2.41780, 0.00049, 113, 49.0
2.42910, -0.00098, 34, 49.0
2.44050, 0.00000, -14, 49.0
2.45180, 0.00000, 128, 49.0
2.46320, -0.00049, 34, 49.0
2.47450, -0.00146, 112, 49.0
2.48590, 0.00049, 108, 49.0
2.49720, 0.00000, 13, 49.0
2.50860, 0.00000, 44, 49.0
2.51990, 0.00000, 140, 49.0
2.53130, 0.00000, 58, 49.0
2.54260, 0.00000, 159, 49.0
2.55400, -0.00049, -10, 49.0
2.56530, -0.00049, 126, 49.0
2.57670, 0.00098, 117, 49.0
2.58800, -0.00049, 121, 49.0
2.59940, 0.00098, -48, 49.0
2.61070, -0.00098, 22, 49.0
2.62210, 0.00000, 127, 49.0
2.63340, 0.00146, 142, 49.0
2.64480, 0.00000, 168, 49.0
2.65610, -0.00049, 97, 49.0
2.66750, -0.00098, 2, 49.0
2.67880, -0.00049, -48, 49.0
2.69020, -0.00049, 138, 49.0
2.70150, -0.00049, 120, 49.0
2.71290, -0.00049, 73, 49.0
2.72420, 0.00049, -52, 49.0
2.73560, -0.00098, 24, 49.0
2.74690, -0.00049, 10, 49.0
2.75830, 0.00049, 114, 49.0
2.76960, -0.00049, 0, 49.0
2.78100, -0.00098, 6, 49.0
2.79230, 0.00195, 101, 49.0
2.80370, 0.00098, 92, 49.0
2.81500, 0.00098, 14, 49.0
2.82640, -0.00049, 6, 49.0
2.83770, 0.00000, 144, 49.0
2.84910, 0.00000, 2, 49.0
2.86040, -0.00049, 137, 49.0
2.87180, -0.00098, 110, 49.0
2.88310, -0.00049, 128, 49.0
2.89450, -0.00098, 20, 49.0
2.90580, -0.00049, -68, 49.0
2.91720, 0.00000, 86, 49.0
2.92850, 0.00000, 156, 49.0
2.93990, -0.00049, 146, 49.0
2.95120, 0.00000, 82, 49.0
2.96260, 0.00000, 14, 49.0
2.97390, 0.00146, 118, 49.0
2.98530, -0.00049, -8, 49.0
2.99660, -0.00146, 115, 49.0
3.00800, -0.00049, -48, 49.0
3.01930, 0.00049, 52, 49.0
3.03070, 0.00000, 74, 49.0
3.04200, 0.00098, -19, 49.0
3.05340, -0.00049, 49, 49.0
3.06470, 0.00098, 160, 49.0
3.07610, 0.00049, 146, 49.0
3.08740, 0.00000, -35, 49.0
3.09880, -0.00049, 40, 49.0
3.11010, 0.00000, -58, 49.0
3.12150, 0.00049, -15, 49.0
3.13280, 0.00000, 148, 49.0
3.14420, -0.00098, 100, 49.0
3.15550, -0.00049, 242, 49.0
3.16690, -0.00049, 47, 49.0
3.17820, -0.00049, 5, 49.0
3.18960, -0.00049, 56, 49.0
3.20090, 0.00049, 8, 49.0
3.21230, 0.00098, 8, 49.0
3.22360, -0.00098, 82, 49.0
3.23500, -0.00146, 104, 49.0
3.24630, 0.00000, 166, 49.0
3.25770, -0.00049, 202, 49.0
3.26900, -0.00098, 64, 49.0
3.28040, 0.00049, 50, 49.0
3.29170, 0.00049, 26, 49.0
3.30310, 0.00000, 137, 49.0
3.31440, -0.00049, 114, 49.0
3.32580, 0.00049, 8, 49.0
3.33710, -0.00049, 131, 49.0
3.34850, 0.00000, 202, 49.0
3.35980, 0.00146, 26, 49.0
3.37120, 0.00098, 46, 49.0
3.38250, 0.00000, 77, 49.0
3.39390, -0.00098, 116, 49.0
3.40520, 0.00098, 0, 49.0
3.41660, 0.00049, -29, 49.0
3.42790, 0.00000, 144, 49.0
3.43930, -0.00049, 100, 49.0
3.45060, -0.00098, 32, 49.0
3.46200, 0.00000, 51, 49.0
3.47330, 0.00098, 80, 49.0
3.48470, 0.00049, 22, 49.0
3.49600, 0.00000, 0, 49.0
3.50740, -0.00049, 158, 49.0
3.51870, 0.00000, -92, 49.0
3.53010, 0.00000, 146, 49.0
3.54140, 0.00049, -3, 49.0
3.55280, 0.00000, 74, 49.0
3.56410, -0.00098, 6, 49.0
3.57550, -0.00098, 106, 49.0
3.58680, -0.00049, -49, 49.0
3.59820, -0.00098, 157, 49.0
3.60950, 0.00049, 192, 49.0
3.62090, -0.00049, 77, 49.0
3.63220, -0.00049, -38, 49.0
3.64360, 0.00146, 4, 49.0
3.65490, -0.00098, 110, 49.0
3.66630, 0.00049, 130, 49.0
3.67760, 0.00049, -6, 49.0
3.68900, -0.00049, 132, 49.0
3.70030, 0.00000, 132, 49.0
3.71170, -0.00049, 122, 49.0
3.72300, -0.00098, 162, 49.0
3.73440, -0.00098, 154, 49.0
3.74570, 0.00049, 29, 49.0
3.75710, -0.00049, 68, 49.0
3.76840, 0.00000, 68, 49.0
3.77980, 0.00000, 58, 49.0
3.79110, 0.00049, 140, 49.0
3.80250, -0.00098, 46, 49.0
3.81380, 0.00098, 146, 49.0
3.82520, -0.00049, 91, 49.0
3.83650, -0.00049, 47, 49.0
3.84790, -0.00049, 103, 49.0
3.85920, 0.00000, 118, 49.0
3.87060, 0.00000, 23, 49.0
3.88190, 0.00049, 48, 49.0
3.89330, 0.00049, 152, 49.0
3.90460, 0.00049, 6, 49.0
3.91600, -0.00098, 73, 49.0
3.92730, 0.00049, 77, 49.0
3.93870, 0.00000, 108, 49.0
3.95000, 0.00098, 81, 49.0
3.96140, -0.00049, 149, 49.0
3.97270, -0.00049, 78, 49.0
3.98410, 0.00000, -30, 49.0
3.99540, -0.00049, 127, 49.0
4.00680, 0.00000, -4, 49.0
4.01810, 0.00000, 38, 49.0
4.02950, 0.00049, 138, 49.0
4.04080, 0.00195, 21, 49.0
4.05220, -0.00146, -55, 49.0
4.06350, 0.00000, 174, 49.0
4.07490, -0.00146, 130, 49.0
4.08620, -0.00098, 129, 49.0
4.09760, 0.00000, 138, 49.0
4.10890, 0.00098, 86, 49.0
4.12030, 0.00000, 69, 49.0
4.13160, 0.00146, -10, 49.0
4.14300, 0.00049, 64, 49.0
4.15430, 0.00000, 22, 49.0
4.16570, 0.00049, 129, 49.0
4.17700, 0.00000, -7, 49.0
4.18840, -0.00049, 80, 49.0
4.19970, -0.00049, -12, 49.0
4.21110, 0.00049, 46, 49.0
4.22240, 0.00000, 88, 49.0
4.23380, -0.00049, -42, 49.0
4.24510, 0.00098, 114, 49.0
4.25650, 0.00098, 38, 49.0
4.26780, 0.00000, 136, 49.0
4.27920, -0.00098, 6, 49.0
4.29050, 0.00049, 43, 49.0
4.30190, -0.00049, 104, 49.0
4.31320, 0.00146, 26, 49.0
4.32460, -0.00195, -16, 49.0
4.33590, -0.00049, 115, 49.0
4.34730, 0.00049, 49, 49.0
4.35860, 0.00000, 114, 49.0
4.37000, 0.00049, -7, 49.0
4.38130, -0.00098, 10, 49.0
4.39270, 0.00000, 118, 49.0
4.40400, 0.00049, 100, 49.0
4.41540, -0.00049, -29, 49.0
4.42670, -0.00049, 126, 49.0
4.43810, 0.00000, 105, 49.5
4.44940, 0.00049, 85, 49.5
4.46080, 0.00000, 24, 49.5
4.47210, -0.00049, 110, 49.5
4.48350, -0.00049, 46, 49.5
4.49480, 0.00000, -20, 49.5
4.50620, 0.00000, 186, 49.5
4.51750, 0.00000, 2, 49.5
4.52890, -0.00049, 111, 49.5
4.54020, 0.00098, -5, 49.5
4.55160, 0.00000, 72, 49.0
4.56290, 0.00000, 66, 49.0
4.57430, -0.00049, -50, 49.0
4.58560, 0.00049, 54, 49.0
4.59700, 0.00000, 144, 49.0
4.60830, 0.00049, -16, 49.0
4.61970, -0.00098, 1, 49.0
4.63100, 0.00098, 117, 49.0
4.64240, 0.00000, 142, 49.0
4.65370, -0.00098, 92, 49.0
4.66510, -0.00049, 208, 49.0
4.67640, 0.00195, 74, 49.0
4.68780, -0.00049, -178, 49.0
4.69910, -0.00049, 132, 49.0
4.71050, -0.00049, 106, 49.0
4.72180, -0.00049, 28, 49.0
4.73320, 0.00049, 68, 49.0
4.74450, -0.00049, 120, 49.0
4.75590, -0.00049, 36, 49.0
4.76720, 0.00000, 34, 49.0
4.77860, -0.00049, 128, 49.0
4.78990, -0.00098, 56, 49.0
4.80130, -0.00049, 65, 49.0
4.81260, 0.00000, 108, 49.0
4.82400, 0.00098, 108, 49.0
4.83530, 0.00049, 99, 49.0
4.84670, 0.00049, 12, 49.0
4.85800, -0.00098, -16, 49.0
4.86940, -0.00049, 50, 49.0
4.88070, -0.00049, -20, 49.0
4.89210, 0.00049, 90, 49.0
4.90340, 0.00000, 126, 49.0
4.91480, 0.00000, 130, 49.0
4.92610, 0.00049, 114, 49.0
4.93750, -0.00049, -4, 49.0
4.94880, -0.00049, 7, 49.0
4.96020, 0.00098, 4, 49.0
4.97150, 0.00000, 116, 49.0
4.98290, 0.00049, 50, 49.0
4.99420, -0.00098, -14, 49.0
5.00560, -0.00098, 145, 49.0
5.01690, 0.00000, -32, 49.0
5.02830, -0.00098, 84, 49.0
5.03960, 0.00000, 155, 49.0
5.05100, 0.00049, 161, 49.0
5.06230, 0.00049, 142, 49.0
5.07370, 0.00049, 130, 49.0
5.08500, 0.00000, -25, 49.0
5.09640, -0.00049, 46, 49.0
5.10770, -0.00049, 62, 49.0
5.11910, -0.00049, 71, 49.0
5.13040, -0.00098, -70, 49.0
5.14180, -0.00049, 18, 49.0
5.15310, -0.00098, 110, 49.0
5.16450, 0.00000, 115, 49.0
5.17580, 0.00098, 0, 49.0
5.18720, 0.00098, 72, 49.0
5.19850, -0.00146, 56, 49.0
5.20990, -0.00049, 31, 49.0
5.22120, 0.00049, 76, 49.0
5.23260, -0.00049, -72, 49.0
5.24390, 0.00000, 46, 49.0
5.25530, 0.00098, 148, 49.0
5.26660, -0.00049, 10, 49.0
5.27800, -0.00098, 74, 49.0
5.28930, 0.00098, 109, 49.0
5.30070, -0.00098, 32, 49.0
5.31200, -0.00098, 30, 49.0
5.32340, -0.00098, 84, 49.0
5.33470, -0.00049, 136, 49.0
5.34610, -0.00049, 40, 49.0
5.35740, 0.00000, 36, 49.0
5.36880, 0.00098, 15, 49.0
5.38010, 0.00049, 106, 49.0
5.39150, 0.00000, 36, 49.0
5.40280, 0.00000, 80, 49.0
5.41420, -0.00049, 29, 49.0
5.42550, 0.00000, 64, 49.0
5.43690, 0.00098, 26, 49.0
5.44820, 0.00049, 160, 49.0
5.45960, -0.00049, 86, 49.0
5.47090, 0.00000, 30, 49.0
5.48230, 0.00049, 30, 49.0
5.49360, 0.00049, 65, 49.0
5.50500, 0.00000, 35, 49.0
5.51630, 0.00146, 20, 49.0
5.52770, 0.00049, 28, 49.0
5.53900, 0.00049, 88, 49.0
5.55040, 0.00049, 62, 49.0
5.56170, -0.00098, -46, 49.0
5.57310, 0.00000, 44, 49.0
5.58440, 0.00000, 19, 49.0
5.59580, 0.00000, 26, 49.0
5.60710, 0.00000, 4, 49.0
5.61850, 0.00098, 18, 49.0
5.62980, 0.00000, 100, 49.0
5.64120, 0.00049, 170, 49.0
5.65250, 0.00000, -12, 49.0
5.66390, 0.00049, 162, 49.0
5.67520, 0.00000, 16, 49.0
5.68660, 0.00049, 88, 49.0
5.69790, 0.00049, 38, 49.0
5.70930, -0.00049, 59, 49.0
5.72060, 0.00000, 58, 49.0
5.73200, -0.00049, 78, 49.0
5.74330, 0.00000, 64, 49.0
5.75470, -0.00098, 57, 49.0
5.76600, -0.00098, -46, 49.0
5.77740, 0.00000, 130, 49.0
5.78870, 0.00049, -75, 49.0
5.80010, 0.00049, 66, 49.0
5.81140, -0.00098, -16, 49.0
5.82280, -0.00049, 160, 49.0
5.83410, 0.00000, 58, 49.0
5.84550, -0.00049, 66, 49.0
5.85680, -0.00049, 90, 49.0
5.86820, 0.00000, 226, 49.0
5.87950, 0.00098, 34, 49.0
5.89090, 0.00049, -18, 49.0
5.90220, -0.00049, 152, 49.0
5.91360, 0.00000, 82, 49.0
5.92490, -0.00049, -78, 49.0
5.93630, 0.00098, 174, 49.0
5.94760, -0.00098, 78, 49.0
5.95900, -0.00049, 98, 49.0
5.97030, -0.00049, 90, 49.0
5.98170, 0.00049, 118, 49.0
5.99300, 0.00049, 20, 49.0
6.00440, -0.00098, -12, 49.0
6.01570, -0.00098, 22, 49.0
6.02710, -0.00049, 112, 49.0
6.03840, 0.00000, 134, 49.0
6.04980, 0.00000, 124, 49.0
6.06110, 0.00000, -4, 49.0
6.07250, 0.00000, 96, 49.0
6.08380, 0.00000, -49, 49.0
6.09520, -0.00098, 26, 49.0
6.10650, 0.00049, 146, 49.0
6.11790, -0.00049, 81, 49.0
6.12920, 0.00049, 48, 49.0
6.14060, -0.00049, 47, 49.0
6.15190, 0.00049, 104, 49.0
6.16330, 0.00000, 104, 49.0
6.17460, 0.00000, -12, 49.0
6.18600, 0.00049, 2, 49.0
6.19730, 0.00049, 42, 49.0
6.20870, 0.00146, 128, 49.0
6.22000, 0.00098, -8, 49.0
6.23140, 0.00049, 84, 49.0
6.24270, 0.00049, 126, 49.0
6.25410, 0.00049, 199, 49.0
6.26540, -0.00049, -16, 49.0
6.27680, -0.00098, 34, 49.0
6.28810, 0.00146, 72, 49.0
6.29950, -0.00049, 68, 49.0
6.31080, 0.00098, 80, 49.0
6.32220, 0.00049, 17, 49.0
6.33350, -0.00049, 21, 49.0
6.34490, -0.00098, -17, 49.0
6.35620, -0.00146, 96, 49.0
6.36760, -0.00098, 6, 49.0
6.37890, -0.00146, -30, 49.0
6.39030, 0.00049, 12, 49.0
6.40160, 0.00000, 90, 49.0
6.41300, 0.00098, 26, 49.0
6.42430, 0.00049, 95, 49.0
6.43570, 0.00049, 114, 49.0
6.44700, 0.00049, -18, 49.0
6.45840, 0.00049, 24, 49.0
6.46970, 0.00049, 141, 49.0
6.48110, 0.00000, 128, 49.0
6.49240, 0.00049, 206, 49.0
6.50380, -0.00098, 9, 49.0
6.51510, -0.00049, -46, 49.0
6.52650, 0.00049, 168, 49.0
6.53780, -0.00049, 118, 49.0
6.54920, 0.00098, 146, 49.0
6.56050, -0.00049, 56, 49.0
6.57190, 0.00049, 104, 49.0
6.58320, -0.00049, 7, 49.0
6.59460, 0.00000, 94, 49.0
6.60590, -0.00146, 54, 49.0
6.61730, 0.00049, 42, 49.0
6.62860, 0.00049, 31, 49.0
6.64000, 0.00000, 112, 49.0
6.65130, -0.00049, 140, 49.0
6.66270, -0.00049, 39, 49.0
6.67400, 0.00049, 39, 49.0
6.68540, 0.00000, 28, 49.0
6.69670, -0.00098, 126, 49.0
6.70810, -0.00049, 32, 49.0
6.71940, 0.00000, 121, 49.0
6.73080, 0.00000, 30, 49.0
6.74210, -0.00049, 30, 49.0
6.75350, -0.00049, 79, 49.0
6.76480, 0.00049, -1, 49.0
6.77620, 0.00000, -60, 49.0
6.78750, 0.00098, 202, 49.0
6.79890, -0.00098, 20, 49.0
6.81020, -0.00146, -10, 49.0
6.82160, -0.00098, -26, 49.0
6.83290, -0.00049, 165, 49.0
6.84430, 0.00049, 70, 49.0
6.85560, 0.00098, 102, 49.0
6.86700, 0.00098, 188, 49.0
6.87830, -0.00049, 96, 49.0
6.88970, 0.00049, 76, 49.0
6.90100, 0.00000, -52, 49.0
6.91240, 0.00049, 92, 49.0
6.92370, 0.00098, 116, 49.0
6.93510, -0.00098, -40, 49.0
6.94640, 0.00000, 116, 49.0
6.95780, 0.00000, 36, 49.0
6.96910, 0.00098, 106, 49.0
6.98050, -0.00049, 12, 49.0
6.99180, 0.00049, 152, 49.0
7.00320, -0.00049, 50, 49.0
7.01450, 0.00000, -83, 49.0
7.02590, 0.00000, 56, 49.0
7.03720, -0.00049, 114, 49.0
7.04860, 0.00098, 47, 49.0
7.05990, 0.00098, 190, 49.0
7.07130, -0.00049, 56, 49.0
7.08260, 0.00000, 18, 49.0
7.09400, 0.00000, 30, 49.0
7.10530, 0.00098, -14, 49.0
7.11670, 0.00049, 198, 49.0
7.12800, 0.00146, 47, 49.0
7.13940, 0.00098, 46, 49.0
7.15070, 0.00195, -50, 49.0
7.16210, -0.00049, -52, 49.0
7.17340, 0.00000, 63, 49.0
7.18480, 0.00000, 40, 49.0
7.19610, 0.00000, 120, 49.0
7.20750, -0.00049, -29, 49.0
7.21880, -0.00049, 125, 49.0
7.23020, 0.00000, 28, 49.0
7.24150, -0.00049, 90, 49.0
7.25290, -0.00098, 47, 49.0
7.26420, -0.00049, 120, 49.0
7.27560, -0.00049, 272, 49.0
7.28690, -0.00146, 12, 49.0
7.29830, -0.00049, -71, 49.0
7.30960, 0.00049, 106, 49.0
7.32100, 0.00000, 14, 49.0
7.33230, 0.00000, 128, 49.0
7.34370, 0.00146, 76, 49.0
7.35500, 0.00049, -34, 49.0
7.36640, 0.00098, 194, 49.0
7.37770, 0.00000, 165, 49.0
7.38910, 0.00000, -10, 49.0
7.40040, 0.00049, -72, 49.0
7.41180, -0.00049, 19, 49.0
7.42310, 0.00049, 56, 49.0
7.43450, 0.00000, 166, 49.0
7.44580, 0.00049, -10, 49.0
7.45720, 0.00000, 102, 49.0
7.46850, -0.00049, 12, 49.0
7.47990, 0.00098, 108, 49.0
7.49120, -0.00098, 134, 49.0
7.50260, -0.00098, 65, 49.0
7.51390, 0.00000, 68, 49.0
7.52530, -0.00049, 68, 49.0
7.53660, -0.00098, 10, 49.0
7.54800, -0.00049, 23, 49.0
7.55930, -0.00049, 40, 49.0
7.57070, 0.00000, 52, 49.0
7.58200, 0.00000, 96, 49.0
7.59340, 0.00049, 118, 49.0
7.60470, 0.00098, 68, 49.0
7.61610, -0.00049, 80, 49.0
7.62740, 0.00000, 121, 49.0
7.63880, 0.00000, 125, 49.0
7.65010, 0.00049, -68, 49.0
7.66150, 0.00049, 196, 49.0
7.67280, -0.00195, 75, 49.0
7.68420, 0.00049, -6, 49.0
7.69550, 0.00098, 114, 49.0
7.70690, 0.00049, 60, 49.0
7.71820, -0.00098, 151, 49.0
7.72960, 0.00000, 42, 49.0
7.74090, -0.00049, 174, 49.0
7.75230, -0.00146, 32, 49.0
7.76360, 0.00000, 25, 49.0
7.77500, -0.00098, 120, 49.0
7.78630, 0.00000, -16, 49.0
7.79770, 0.00098, 3, 49.0
7.80900, -0.00098, 136, 49.0
7.82040, 0.00049, 146, 49.0
7.83170, 0.00146, 64, 49.0
7.84310, 0.00000, 104, 49.0
7.85440, 0.00049, 45, 49.0
7.86580, 0.00098, 6, 49.0
7.87710, 0.00098, 88, 49.0
7.88850, 0.00000, 147, 49.0
7.89980, -0.00146, 122, 49.0
7.91120, 0.00000, 224, 49.0
7.92250, -0.00146, -38, 49.0
7.93390, 0.00049, 65, 49.0
7.94520, 0.00000, 70, 49.0
7.95660, 0.00049, 127, 49.0
7.96790, 0.00049, 8, 49.0
7.97930, 0.00098, 112, 49.0
7.99060, -0.00098, 30, 49.0
8.00200, 0.00098, 10, 49.0
8.01330, 0.00000, 77, 49.0
8.02470, -0.00049, 94, 49.0
8.03600, -0.00146, 128, 49.0
8.04740, -0.00049, 67, 49.0
8.05870, 0.00098, 37, 49.0
8.07010, 0.00000, 84, 49.0
8.08140, -0.00049, 13, 49.0
8.09280, 0.00146, 147, 49.0
8.10410, -0.00049, -4, 49.0
8.11550, 0.00146, 110, 49.0
8.12680, 0.00000, 52, 49.0
8.13820, 0.00049, 46, 49.0
8.14950, 0.00049, -34, 49.0
8.16090, 0.00000, -2, 49.0
8.17220, -0.00049, 132, 49.0
8.18360, -0.00098, 62, 49.0
8.19490, 0.00146, 72, 49.0
8.20630, 0.00000, 24, 49.0
8.21760, 0.00049, 41, 49.0
8.22900, -0.00049, 46, 49.0
8.24030, -0.00049, -26, 49.0
8.25170, -0.00049, 82, 49.0
8.26300, 0.00146, 107, 49.0
8.27440, 0.00049, 120, 49.0
8.28570, -0.00049, 92, 49.0
8.29710, 0.00049, 134, 49.0
8.30840, 0.00146, 57, 49.0
8.31980, -0.00049, 6, 49.0
8.33110, 0.00049, 142, 49.0
8.34250, 0.00000, 26, 49.0
8.35380, 0.00000, 32, 49.0
8.36520, -0.00098, 34, 49.0
8.37650, -0.00049, 6, 49.0
8.38790, 0.00000, -23, 49.0
8.39920, 0.00098, 60, 49.0
8.41060, 0.00000, 134, 49.0
8.42190, -0.00049, 103, 49.0
8.43330, 0.00098, -48, 49.0
8.44460, 0.00000, 116, 49.0
8.45600, -0.00098, 118, 49.0
8.46730, -0.00049, 84, 49.0
8.47870, -0.00146, 106, 49.0
8.49000, -0.00049, -4, 49.0
8.50140, 0.00000, 145, 49.0
8.51270, -0.00049, -11, 49.0
8.52410, -0.00049, 126, 49.0
8.53540, 0.00049, 124, 49.0
8.54680, 0.00000, 78, 49.0
8.55810, -0.00049, -8, 49.0
8.56950, 0.00049, 58, 49.0
8.58080, 0.00049, 106, 49.0
8.59220, 0.00098, 16, 49.0
8.60350, -0.00049, 57, 49.0
8.61490, -0.00049, 184, 49.0
8.62620, 0.00000, 86, 49.0
8.63760, -0.00049, -26, 49.0
8.64890, 0.00000, 140, 49.0
8.66030, -0.00146, -16, 49.0
8.67160, 0.00000, -2, 49.0
8.68300, 0.00049, 112, 49.0
8.69430, 0.00000, 96, 49.0
8.70570, 0.00049, 130, 49.0
8.71700, 0.00098, 37, 49.0
8.72840, 0.00049, 5, 49.0
8.73970, 0.00049, 120, 49.0
8.75110, 0.00146, -46, 49.0
8.76240, 0.00049, 137, 49.0
8.77380, 0.00000, -20, 49.0
8.78510, 0.00000, 36, 49.0
8.79650, 0.00146, 162, 49.0
8.80780, 0.00049, 36, 49.0
8.81920, -0.00049, 68, 49.0
8.83050, 0.00000, 22, 49.0
8.84190, 0.00000, 152, 49.0
8.85320, 0.00098, 11, 49.0
8.86460, -0.00049, 182, 49.0
8.87590, 0.00000, 60, 49.0
8.88730, 0.00000, 123, 49.0
8.89860, 0.00049, 114, 49.0
8.91000, 0.00098, 46, 49.0
8.92130, -0.00049, -80, 49.0
8.93270, -0.00049, 61, 49.0
8.94400, 0.00000, 60, 49.0
8.95540, -0.00098, 38, 49.0
8.96670, 0.00098, 65, 49.0
8.97810, 0.00049, 226, 49.0
8.98940, 0.00098, 184, 49.0
9.00080, 0.00098, 148, 49.0
9.01210, 0.00049, 16, 49.0
9.02350, 0.00049, 96, 49.0
9.03480, 0.00049, 84, 49.0
9.04620, -0.00049, 137, 49.0
9.05750, 0.00000, 15, 49.0
9.06890, 0.00000, 28, 49.0
9.08020, 0.00000, 120, 49.0
9.09160, 0.00049, 23, 49.0
9.10290, -0.00049, 52, 49.0
9.11430, -0.00049, 148, 49.0
9.12560, -0.00049, 72, 49.0
9.13700, 0.00098, 49, 49.0
9.14830, -0.00049, -2, 49.0
9.15970, -0.00049, 20, 49.0
9.17100, 0.00098, 62, 49.0
9.18240, -0.00098, 62, 49.0
9.19370, 0.00049, 140, 49.0
9.20510, 0.00098, 140, 49.0
9.21640, 0.00098, 86, 49.0
9.22780, -0.00049, -60, 49.0
9.23910, 0.00000, -8, 49.0
9.25050, 0.00098, 109, 49.0
9.26180, 0.00146, 158, 49.0
9.27320, 0.00049, -105, 49.0
9.28450, 0.00000, 108, 49.0
9.29590, 0.00000, 94, 49.0
9.30720, -0.00195, 74, 49.0
9.31860, -0.00049, 104, 49.0
9.32990, 0.00000, 138, 49.0
9.34130, 0.00049, -5, 49.0
9.35260, 0.00000, 136, 49.0
9.36400, 0.00000, 120, 49.0
9.37530, -0.00049, 19, 49.0
9.38670, 0.00098, 92, 49.0
9.39800, 0.00049, 87, 49.0
9.40940, 0.00000, -8, 49.0
9.42070, 0.00000, 162, 49.5
9.43210, -0.00049, 166, 49.5
9.44340, 0.00049, -18, 49.5
9.45480, 0.00098, 36, 49.5
9.46610, -0.00049, 66, 49.5
9.47750, -0.00146, -6, 49.5
9.48880, 0.00049, 30, 49.5
9.50020, 0.00000, 188, 49.5
9.51150, 0.00098, 100, 49.5
9.52290, 0.00000, 128, 49.5
9.53420, -0.00049, 48, 49.0
9.54560, -0.00049, 95, 49.0
9.55690, 0.00000, 54, 49.0
9.56830, 0.00000, 104, 49.0
9.57960, 0.00049, -2, 49.0
9.59100, 0.00000, -44, 49.0
9.60230, -0.00049, 221, 49.0
9.61370, -0.00049, 152, 49.0
9.62500, 0.00049, 10, 49.0
9.63640, 0.00098, -15, 49.0
9.64770, 0.00000, 60, 49.0
9.65910, 0.00000, 144, 49.0
9.67040, -0.00049, -37, 49.0
9.68180, -0.00049, 37, 49.0
9.69310, -0.00049, 94, 49.0
9.70450, 0.00049, 106, 49.0
9.71580, 0.00000, 80, 49.0
9.72720, 0.00049, 105, 49.0
9.73850, -0.00098, 206, 49.0
9.74990, -0.00098, 0, 49.0
9.76120, 0.00098, 42, 49.0
9.77260, -0.00049, -92, 49.0
9.78390, -0.00049, 184, 49.0
9.79530, 0.00000, 9, 49.0
9.80660, 0.00000, 60, 49.0
9.81800, -0.00146, 56, 49.0
9.82930, 0.00098, 99, 49.0
9.84070, 0.00049, 131, 49.0
9.85200, 0.00049, 57, 49.0
9.86340, 0.00098, -18, 49.0
9.87470, -0.00195, 104, 49.0
9.88610, 0.00049, 65, 49.0
9.89740, 0.00049, 20, 49.0
9.90880, 0.00098, 144, 49.0
9.92010, 0.00049, 147, 49.0
9.93150, 0.00146, 79, 49.0
9.94280, 0.00049, 112, 49.0
9.95420, 0.00000, 168, 49.0
9.96550, -0.00049, -66, 49.0
9.97690, 0.00098, 10, 49.0
9.98820, 0.00000, -22, 49.5
9.99960, 0.00049, 142, 49.5
10.01090, 0.00049, 82, 49.5
10.02230, -0.00098, 6, 49.5
10.03360, -0.00049, 92, 49.5
10.04500, -0.00049, 122, 49.5
10.05630, 0.00000, -64, 49.5
10.06770, -0.00049, 92, 49.5
10.07900, 0.00098, 98, 49.5
10.09040, 0.00000, 31, 49.5
10.10170, -0.00049, -32, 49.0
10.11310, -0.00049, 164, 49.0
10.12440, -0.00098, 187, 49.0
10.13580, 0.00098, 25, 49.0
10.14710, -0.00049, 0, 49.0
10.15850, 0.00000, 4, 49.0
10.16980, -0.00098, 90, 49.0
10.18120, -0.00049, -19, 49.0
10.19250, 0.00049, 104, 49.0
10.20390, -0.00098, 138, 49.0
10.21520, -0.00098, 126, 49.0
10.22660, 0.00000, 96, 49.0
10.23790, 0.00098, 134, 49.0
10.24930, 0.00000, -54, 49.0
10.26060, -0.00049, -32, 49.0
10.27200, -0.00098, 64, 49.0
10.28330, -0.00146, 45, 49.0
10.29470, 0.00000, 52, 49.0
10.30600, 0.00000, 181, 49.0
10.31740, 0.00000, -10, 49.0
10.32870, 0.00049, -9, 49.5
10.34010, 0.00000, 138, 49.5
10.35140, 0.00098, 124, 49.5
10.36280, -0.00098, 50, 49.5
10.37410, -0.00049, 62, 49.5
10.38550, 0.00098, 98, 49.5
10.39690, 0.00000, -58, 49.5
10.40820, -0.00098, 134, 49.5
10.41960, 0.00098, 42, 49.5
10.43090, 0.00000, 104, 49.5
#2021-12-17 16:23:20
