#2021-03-02 16:56:54
0.00000, 0.00122, 0.00000
0.00000, -0.00732, 0.00000
0.01040, -0.01465, 0.00000
0.02080, -0.01038, 0.00000
0.03120, -0.03937, 0.00000
0.04160, 0.00305, 0.00000
0.05200, -0.01007, 0.00000
0.06240, 0.00519, 0.00000
0.07280, -0.00732, 0.00000
0.08320, 0.01556, 0.00000
0.09360, 0.01007, 0.00000
0.10400, 0.00153, 0.00000
0.11440, -0.00061, 0.00000
0.12490, 0.00000, 0.00000
0.13530, -0.05219, 0.00000
0.14570, -0.01892, 0.00000
0.15610, -0.01190, 0.00000
0.16650, 0.00214, 0.00000
0.17690, 0.00427, 0.00000
0.18730, -0.00519, 0.00000
0.19770, -0.01190, 0.00000
0.20810, -0.00214, 0.00000
0.21850, -0.00549, 0.00000
0.22890, -0.01343, 0.00000
0.23940, -0.00092, 0.00000
0.24980, -0.00610, 0.00000
0.26020, -0.00397, 0.00000
0.27060, -0.01434, 0.00000
0.28100, 0.00824, 0.00000
0.29140, -0.01465, 0.00000
0.30180, -0.00275, 0.00000
0.31220, -0.00702, 0.00000
0.32260, 0.00977, 0.00000
0.33300, -0.01129, 0.00000
0.34340, -0.00153, 0.00000
0.35390, -0.00549, 0.00000
0.36430, -0.00275, 0.00000
0.37470, -0.00305, 0.00000
0.38510, 0.03448, 0.00000
0.39550, -0.00488, 0.00000
0.40590, 0.00366, 0.00000
0.41630, 0.01038, 0.00000
0.42670, -0.01373, 0.00000
0.43710, 0.01251, 0.00000
0.44750, -0.00031, 0.00000
0.45790, 0.05585, 0.00000
0.46840, 0.00092, 0.00000
0.47880, 0.00580, 0.00000
0.48920, -0.00092, 0.00000
0.49960, -0.00458, 0.00000
0.51000, 0.00488, 0.00000
0.52040, 0.00183, 0.00000
0.53080, 0.04211, 0.00000
0.54120, -0.00702, 0.00000
0.55160, -0.00519, 0.00000
0.56200, 0.00580, 0.00000
0.57240, 0.00092, 0.00000
0.58280, -0.00763, 0.00000
0.59330, 0.00366, 0.00000
0.60370, -0.03601, 0.00000
0.61410, 0.00824, 0.00000
0.62450, -0.01740, 0.00000
0.63490, -0.00031, 0.00000
0.64530, 0.00183, 0.00000
0.65570, 0.00244, 0.00000
0.66610, -0.00397, 0.00000
0.67650, 0.04059, 0.00000
0.68690, -0.00153, 0.00000
0.69730, -0.00427, 0.00000
0.70780, -0.00610, 0.00000
0.71820, 0.00000, 0.00000
0.72860, 0.01953, 0.00000
0.73900, -0.01190, 0.00000
0.74940, 0.02655, 0.00000
0.75980, 0.00458, 0.00000
0.77020, 0.01007, 0.00000
0.78060, -0.00061, 0.00000
0.79100, 0.01160, 0.00000
0.80140, 0.01770, 0.00000
0.81180, 0.00214, 0.00000
0.82230, 0.03448, 0.00000
0.83270, 0.01160, 0.00000
0.84310, 0.00671, 0.00000
0.85350, 0.00305, 0.00000
0.86390, 0.00214, 0.00000
0.87430, 0.00000, 0.00000
0.88470, 0.02411, 0.00000
0.89510, -0.00824, 0.00000
0.90550, -0.00977, 0.00000
0.91590, -0.00061, 0.00000
0.92630, -0.00580, 0.00000
0.93680, -0.00244, 0.00000
0.94720, -0.01221, 0.00000
0.95760, -0.00854, 0.00000
0.96800, -0.00305, 0.00000
0.97840, 0.00031, 0.00000
0.98880, 0.00854, 0.00000
0.99920, 0.00153, 0.00000
1.00960, 0.01129, 0.00000
1.02000, -0.00153, 0.00000
1.03040, -0.00397, 0.00000
1.04080, -0.01831, 0.00000
1.05120, -0.01099, 0.00000
1.06170, -0.01831, 0.00000
1.07210, -0.01190, 0.00000
1.08250, 0.00641, 0.00000
1.09290, 0.00153, 0.00000
1.10330, 0.02014, 0.00000
1.11370, -0.01862, 0.00000
1.12410, -0.00092, 0.00000
1.13450, 0.00031, 0.00000
1.14490, 0.00732, 0.00000
1.15530, -0.00793, 0.00000
1.16570, 0.00702, 0.00000
1.17620, -0.00275, 0.00000
1.18660, -0.00305, 0.00000
1.19700, 0.00275, 0.00000
1.20740, 0.00366, 0.00000
1.21780, 0.00183, 0.00000
1.22820, -0.00458, 0.00000
1.23860, -0.00275, 0.00000
1.24900, 0.01434, 0.00000
1.25940, 0.00214, 0.00000
1.26980, -0.00610, 0.00000
1.28020, -0.00610, 0.00000
1.29070, -0.00488, 0.00000
1.30110, -0.00031, 0.00000
1.31150, 0.00427, 0.00000
1.32190, 0.00305, 0.00000
1.33230, -0.00366, 0.00000
1.34270, -0.00763, 0.00000
1.35310, 0.00122, 0.00000
1.36350, -0.01190, 0.00000
1.37390, 0.00000, 0.00000
1.38430, -0.01678, 0.00000
1.39470, 0.01129, 0.00000
1.40520, 0.00549, 0.00000
1.41560, -0.00671, 0.00000
1.42600, 0.00366, 0.00000
1.43640, -0.01007, 0.00000
1.44680, 0.00793, 0.00000
1.45720, 0.00580, 0.00000
1.46760, -0.00275, 0.00000
1.47800, 0.01404, 0.00000
1.48840, -0.00305, 0.00000
1.49880, -0.00549, 0.00000
1.50920, -0.00275, 0.00000
1.51960, -0.00183, 0.00000
1.53010, -0.00244, 0.00000
1.54050, 0.00641, 0.00000
1.55090, -0.00092, 0.00000
1.56130, 0.00702, 0.00000
1.57170, 0.02136, 0.00000
1.58210, 0.01587, 0.00000
1.59250, 0.07568, 0.00000
1.60290, 0.09308, 0.00000
1.61330, 0.10437, 0.00000
1.62370, 0.10162, 0.00000
1.63410, 0.10651, 0.00000
1.64460, 0.12817, 0.00000
1.65500, 0.10834, 0.00000
1.66540, 0.11292, 0.00000
1.67580, 0.07599, 0.00000
1.68620, 0.09735, 0.00000
1.69660, 0.08148, 0.00000
1.70700, 0.06989, 0.00000
1.71740, 0.03967, 0.00000
1.72780, 0.01801, 0.00000
1.73820, 0.00092, 0.00000
1.74860, 0.02594, 0.00000
1.75910, 0.00092, 0.00000
1.76950, -0.00061, 0.00000
1.77990, -0.01495, 0.00000
1.79030, 0.00336, 0.00000
1.80070, 0.00916, 0.00000
1.81110, 0.00275, 0.00000
1.82150, 0.00397, 0.00000
1.83190, -0.00519, 0.00000
1.84230, 0.00671, 0.00000
1.85270, -0.01526, 0.00000
1.86310, -0.00702, 0.00000
1.87360, 0.00153, 0.00000
1.88400, -0.00488, 0.00000
1.89440, 0.00275, 0.00000
1.90480, -0.00397, 0.00000
1.91520, -0.00519, 0.00000
1.92560, -0.02228, 0.00000
1.93600, -0.05524, 0.00000
1.94640, -0.06714, 0.00000
1.95680, -0.10803, 0.00000
1.96720, -0.15442, 0.00000
1.97760, -0.14618, 0.00000
1.98800, -0.17151, 0.00000
1.99850, -0.15381, 0.00000
2.00890, -0.16022, 0.00000
2.01930, -0.16876, 0.00000
2.02970, -0.16724, 0.00000
2.04010, -0.16235, 0.00000
2.05050, -0.13275, 0.00000
2.06090, -0.10742, 0.00000
2.07130, -0.06714, 0.00000
2.08170, -0.03845, 0.00000
2.09210, -0.00336, 0.00000
2.10250, -0.00153, 0.00000
2.11300, 0.00305, 0.00000
2.12340, -0.01495, 0.00000
2.13380, 0.00031, 0.00000
2.14420, 0.01282, 0.00000
2.15460, 0.00946, 0.00000
2.16500, -0.00488, 0.00000
2.17540, 0.00488, 0.00000
2.18580, -0.00031, 0.00000
2.19620, 0.01740, 0.00000
2.20660, 0.09125, 0.00000
2.21700, 0.11353, 0.00000
2.22750, 0.15289, 0.00000
2.23790, 0.14252, 0.00000
2.24830, 0.16205, 0.00000
2.25870, 0.18341, 0.00000
2.26910, 0.17700, 0.00000
2.27950, 0.18066, 0.00000
2.28990, 0.16510, 0.00000
2.30030, 0.17792, 0.00000
2.31070, 0.12939, 0.00000
2.32110, 0.06592, 0.00000
2.33150, 0.06287, 0.00000
2.34200, 0.04547, 0.00000
2.35240, -0.00763, 0.00000
2.36280, -0.01129, 0.00000
2.37320, -0.00519, 0.00000
2.38360, 0.01251, 0.00000
2.39400, -0.00671, 0.00000
2.40440, 0.02167, 0.00000
2.41480, 0.00549, 0.00000
2.42520, -0.07568, 0.00000
2.43560, -0.10254, 0.00000
2.44600, -0.13977, 0.00000
2.45640, -0.14526, 0.00000
2.46690, -0.16510, 0.00000
2.47730, -0.15442, 0.00000
2.48770, -0.15503, 0.00000
2.49810, -0.15167, 0.00000
2.50850, -0.12787, 0.00000
2.51890, -0.10345, 0.00000
2.52930, -0.04669, 0.00000
2.53970, -0.04333, 0.00000
2.55010, -0.00153, 0.00000
2.56050, -0.01831, 0.00000
2.57090, 0.00549, 0.00000
2.58140, 0.00885, 0.00000
2.59180, -0.00244, 0.00000
2.60220, 0.00122, 0.00000
2.61260, 0.03845, 0.00000
2.62300, 0.08026, 0.00000
2.63340, 0.10498, 0.00000
2.64380, 0.12939, 0.00000
2.65420, 0.13641, 0.00000
2.66460, 0.13092, 0.00000
2.67500, 0.13855, 0.00000
2.68540, 0.13733, 0.00000
2.69590, 0.13702, 0.00000
2.70630, 0.12115, 0.00000
2.71670, 0.10895, 0.00000
2.72710, 0.09186, 0.00000
2.73750, 0.09857, 0.00000
2.74790, 0.06836, 0.00000
2.75830, 0.06104, 0.00000
2.76870, 0.04578, 0.00000
2.77910, 0.02869, 0.00000
2.78950, 0.01678, 0.00000
2.79990, 0.02167, 0.00000
2.81040, -0.00214, 0.00000
2.82080, 0.01434, 0.00000
2.83120, -0.00275, 0.00000
2.84160, -0.03235, 0.00000
2.85200, -0.00336, 0.00000
2.86240, 0.03174, 0.00000
2.87280, -0.00183, 0.00000
2.88320, 0.03876, 0.00000
2.89360, -0.00153, 0.00000
2.90400, -0.01038, 0.00000
2.91440, -0.01038, 0.00000
2.92480, -0.00244, 0.00000
2.93530, -0.00336, 0.00000
2.94570, 0.01740, 0.00000
2.95610, -0.00885, 0.00000
2.96650, 0.00671, 0.00000
2.97690, -0.00427, 0.00000
2.98730, 0.00427, 0.00000
2.99770, -0.00488, 0.00000
3.00810, 0.00122, 0.00000
3.01850, -0.01007, 0.00000
3.02890, -0.00519, 0.00000
3.03930, -0.01465, 0.00000
3.04980, 0.00916, 0.00000
3.06020, -0.00885, 0.00000
3.07060, 0.00244, 0.00000
3.08100, 0.00183, 0.00000
3.09140, -0.00549, 0.00000
3.10180, 0.00702, 0.00000
3.11220, 0.00702, 0.00000
3.12260, -0.00275, 0.00000
3.13300, -0.00519, 0.00000
3.14340, 0.00488, 0.00000
3.15380, 0.01190, 0.00000
3.16430, 0.00397, 0.00000
3.17470, 0.02167, 0.00000
3.18510, 0.00732, 0.00000
3.19550, 0.00000, 0.00000
3.20590, -0.01526, 0.00000
3.21630, -0.04395, 0.00000
3.22670, -0.07141, 0.00000
3.23710, -0.16083, 0.00000
3.24750, -0.12512, 0.00000
3.25790, -0.16388, 0.00000
3.26830, -0.16205, 0.00000
3.27880, -0.16083, 0.00000
3.28920, -0.17639, 0.00000
3.29960, -0.16510, 0.00000
3.31000, -0.15686, 0.00000
3.32040, -0.12360, 0.00000
3.33080, -0.07782, 0.00000
3.34120, -0.07263, 0.00000
3.35160, -0.04913, 0.00000
3.36200, -0.00732, 0.00000
3.37240, -0.00610, 0.00000
3.38280, -0.00549, 0.00000
3.39320, 0.01434, 0.00000
3.40370, -0.00671, 0.00000
3.41410, 0.00092, 0.00000
3.42450, -0.00763, 0.00000
3.43490, -0.01587, 0.00000
3.44530, -0.00244, 0.00000
3.45570, 0.00488, 0.00000
3.46610, -0.00214, 0.00000
3.47650, 0.00122, 0.00000
3.48690, 0.00153, 0.00000
3.49730, 0.03448, 0.00000
3.50770, 0.04913, 0.00000
3.51820, 0.06531, 0.00000
3.52860, 0.11078, 0.00000
3.53900, 0.12299, 0.00000
3.54940, 0.15198, 0.00000
3.55980, 0.16113, 0.00000
3.57020, 0.16571, 0.00000
3.58060, 0.15625, 0.00000
3.59100, 0.12726, 0.00000
3.60140, 0.12787, 0.00000
3.61180, 0.09949, 0.00000
3.62220, 0.06866, 0.00000
3.63270, 0.05463, 0.00000
3.64310, 0.04517, 0.00000
3.65350, 0.01007, 0.00000
3.66390, 0.04181, 0.00000
3.67430, 0.00031, 0.00000
3.68470, 0.00458, 0.00000
3.69510, -0.01343, 0.00000
3.70550, 0.00000, 0.00000
3.71590, 0.03113, 0.00000
3.72630, 0.00183, 0.00000
3.73670, -0.01526, 0.00000
3.74720, 0.02899, 0.00000
3.75760, -0.02014, 0.00000
3.76800, -0.00488, 0.00000
3.77840, -0.01099, 0.00000
3.78880, 0.00031, 0.00000
3.79920, -0.00061, 0.00000
3.80960, -0.01801, 0.00000
3.82000, 0.01434, 0.00000
3.83040, -0.00488, 0.00000
3.84080, -0.00153, 0.00000
3.85120, -0.01282, 0.00000
3.86160, -0.03174, 0.00000
3.87210, -0.05615, 0.00000
3.88250, -0.07874, 0.00000
3.89290, -0.10498, 0.00000
3.90330, -0.12024, 0.00000
3.91370, -0.13336, 0.00000
3.92410, -0.10040, 0.00000
3.93450, -0.14618, 0.00000
3.94490, -0.13336, 0.00000
3.95530, -0.12054, 0.00000
3.96570, -0.12665, 0.00000
3.97610, -0.09796, 0.00000
3.98660, -0.10956, 0.00000
3.99700, -0.07080, 0.00000
4.00740, -0.04761, 0.00000
4.01780, -0.05463, 0.00000
4.02820, -0.03448, 0.00000
4.03860, 0.01678, 0.00000
4.04900, 0.00275, 0.00000
4.05940, -0.01099, 0.00000
4.06980, -0.04028, 0.00000
4.08020, 0.00000, 0.00000
4.09060, -0.01099, 0.00000
4.10110, 0.04486, 0.00000
4.11150, 0.05737, 0.00000
4.12190, 0.05524, 0.00000
4.13230, 0.05585, 0.00000
4.14270, 0.04944, 0.00000
4.15310, 0.00793, 0.00000
4.16350, 0.04303, 0.00000
4.17390, 0.00793, 0.00000
4.18430, -0.01129, 0.00000
4.19470, 0.02106, 0.00000
4.20510, 0.00549, 0.00000
4.21560, -0.01495, 0.00000
4.22600, 0.01495, 0.00000
4.23640, 0.01923, 0.00000
4.24680, 0.00305, 0.00000
4.25720, 0.00031, 0.00000
4.26760, -0.00122, 0.00000
4.27800, 0.00732, 0.00000
4.28840, 0.00183, 0.00000
4.29880, 0.00671, 0.00000
4.30920, 0.01617, 0.00000
4.31960, -0.00610, 0.00000
4.33000, -0.00671, 0.00000
4.34050, 0.00458, 0.00000
4.35090, -0.00519, 0.00000
4.36130, -0.00366, 0.00000
4.37170, -0.01312, 0.00000
4.38210, 0.01801, 0.00000
4.39250, 0.00488, 0.00000
4.40290, 0.00214, 0.00000
4.41330, -0.00031, 0.00000
4.42370, 0.00824, 0.00000
4.43410, 0.01740, 0.00000
4.44450, -0.00427, 0.00000
4.45500, -0.00885, 0.00000
4.46540, -0.00763, 0.00000
4.47580, -0.00458, 0.00000
4.48620, 0.00275, 0.00000
4.49660, -0.00122, 0.00000
4.50700, -0.02319, 0.00000
4.51740, 0.00214, 0.00000
4.52780, -0.01740, 0.00000
4.53820, 0.00458, 0.00000
4.54860, 0.00275, 0.00000
4.55900, 0.00061, 0.00000
4.56950, 0.00336, 0.00000
4.57990, 0.03326, 0.00000
4.59030, -0.00366, 0.00000
4.60070, -0.00977, 0.00000
4.61110, -0.00397, 0.00000
4.62150, -0.00488, 0.00000
4.63190, -0.00366, 0.00000
4.64230, -0.01709, 0.00000
4.65270, 0.00305, 0.00000
4.66310, -0.00519, 0.00000
4.67350, -0.00793, 0.00000
4.68400, -0.01740, 0.00000
4.69440, -0.00214, 0.00000
4.70480, -0.00244, 0.00000
4.71520, -0.01770, 0.00000
4.72560, -0.00519, 0.00000
4.73600, 0.00519, 0.00000
4.74640, -0.00519, 0.00000
4.75680, -0.04333, 0.00000
4.76720, -0.00183, 0.00000
4.77760, -0.01526, 0.00000
4.78800, -0.01923, 0.00000
4.79840, 0.01862, 0.00000
4.80890, -0.00031, 0.00000
4.81930, -0.00549, 0.00000
4.82970, 0.01587, 0.00000
4.84010, -0.00580, 0.00000
4.85050, -0.02655, 0.00000
4.86090, -0.00458, 0.00000
4.87130, 0.00183, 0.00000
4.88170, -0.00031, 0.00000
4.89210, 0.00763, 0.00000
4.90250, -0.00916, 0.00000
4.91290, -0.02655, 0.00000
4.92340, -0.01038, 0.00000
4.93380, -0.00427, 0.00000
4.94420, -0.00214, 0.00000
4.95460, -0.00977, 0.00000
4.96500, 0.00336, 0.00000
4.97540, 0.00824, 0.00000
4.98580, -0.01007, 0.00000
4.99620, 0.00885, 0.00000
5.00660, 0.01221, 0.00000
5.01700, 0.01984, 0.00000
5.02740, -0.01007, 0.00000
5.03790, 0.00092, 0.00000
5.04830, 0.00275, 0.00000
5.05870, 0.00336, 0.00000
5.06910, -0.00305, 0.00000
5.07950, -0.00031, 0.00000
5.08990, -0.04028, 0.00000
5.10030, -0.00671, 0.00000
5.11070, -0.00214, 0.00000
5.12110, -0.00092, 0.00000
5.13150, -0.00397, 0.00000
5.14190, -0.00214, 0.00000
5.15240, -0.00305, 0.00000
5.16280, 0.00214, 0.00000
5.17320, -0.01648, 0.00000
5.18360, 0.01404, 0.00000
5.19400, -0.00183, 0.00000
5.20440, 0.06134, 0.00000
5.21480, -0.00214, 0.00000
5.22520, -0.00336, 0.00000
5.23560, -0.01007, 0.00000
5.24600, 0.00549, 0.00000
5.25640, 0.00885, 0.00000
5.26680, -0.00153, 0.00000
5.27730, 0.01862, 0.00000
5.28770, -0.00427, 0.00000
5.29810, -0.01129, 0.00000
5.30850, 0.01343, 0.00000
5.31890, 0.00000, 0.00000
5.32930, 0.00336, 0.00000
5.33970, -0.00702, 0.00000
5.35010, -0.00488, 0.00000
5.36050, -0.00641, 0.00000
5.37090, -0.00519, 0.00000
5.38130, -0.00397, 0.00000
5.39180, -0.04578, 0.00000
5.40220, 0.00763, 0.00000
5.41260, -0.00305, 0.00000
5.42300, 0.00153, 0.00000
5.43340, 0.00336, 0.00000
5.44380, -0.01801, 0.00000
5.45420, 0.01007, 0.00000
5.46460, -0.00702, 0.00000
5.47500, -0.00061, 0.00000
5.48540, -0.02380, 0.00000
5.49580, -0.00366, 0.00000
5.50630, -0.00183, 0.00000
5.51670, -0.00580, 0.00000
5.52710, -0.00397, 0.00000
5.53750, -0.00763, 0.00000
5.54790, -0.00732, 0.00000
5.55830, -0.02808, 0.00000
5.56870, -0.00824, 0.00000
5.57910, 0.03876, 0.00000
5.58950, -0.00519, 0.00000
5.59990, 0.00549, 0.00000
5.61030, 0.00031, 0.00000
5.62080, -0.00732, 0.00000
5.63120, 0.00641, 0.00000
5.64160, 0.00244, 0.00000
5.65200, 0.00244, 0.00000
5.66240, -0.01404, 0.00000
5.67280, 0.02045, 0.00000
5.68320, -0.00671, 0.00000
5.69360, -0.00610, 0.00000
5.70400, 0.00641, 0.00000
5.71440, -0.00793, 0.00000
5.72480, -0.00580, 0.00000
5.73520, 0.00214, 0.00000
5.74570, 0.00488, 0.00000
5.75610, 0.00275, 0.00000
5.76650, 0.00305, 0.00000
5.77690, -0.00275, 0.00000
5.78730, 0.00031, 0.00000
5.79770, -0.00977, 0.00000
5.80810, -0.02106, 0.00000
5.81850, 0.01434, 0.00000
5.82890, -0.01373, 0.00000
5.83930, -0.02045, 0.00000
5.84970, -0.00610, 0.00000
5.86020, -0.00183, 0.00000
5.87060, 0.02625, 0.00000
5.88100, -0.00488, 0.00000
5.89140, -0.00671, 0.00000
5.90180, 0.01007, 0.00000
5.91220, -0.02869, 0.00000
5.92260, -0.00610, 0.00000
5.93300, 0.00702, 0.00000
5.94340, -0.00275, 0.00000
5.95380, -0.00305, 0.00000
5.96420, 0.00488, 0.00000
5.97470, -0.00549, 0.00000
5.98510, -0.01923, 0.00000
5.99550, 0.00305, 0.00000
6.00590, -0.00885, 0.00000
6.01630, -0.00549, 0.00000
6.02670, -0.00488, 0.00000
6.03710, 0.00397, 0.00000
6.04750, -0.01221, 0.00000
6.05790, -0.00549, 0.00000
6.06830, -0.00610, 0.00000
6.07870, -0.00488, 0.00000
6.08920, 0.03296, 0.00000
6.09960, -0.00458, 0.00000
6.11000, 0.00488, 0.00000
6.12040, 0.00488, 0.00000
6.13080, -0.01129, 0.00000
6.14120, -0.01007, 0.00000
6.15160, -0.01099, 0.00000
6.16200, -0.00183, 0.00000
6.17240, -0.00244, 0.00000
6.18280, 0.01068, 0.00000
6.19320, -0.00946, 0.00000
6.20360, -0.02808, 0.00000
6.21410, -0.00305, 0.00000
6.22450, 0.02502, 0.00000
6.23490, -0.00305, 0.00000
6.24530, -0.00244, 0.00000
6.25570, -0.01373, 0.00000
6.26610, -0.00336, 0.00000
6.27650, 0.00519, 0.00000
6.28690, 0.01862, 0.00000
6.29730, 0.00916, 0.00000
6.30770, -0.00183, 0.00000
6.31810, -0.00488, 0.00000
6.32860, -0.00336, 0.00000
6.33900, 0.00275, 0.00000
6.34940, -0.00397, 0.00000
6.35980, -0.00671, 0.00000
6.37020, 0.00336, 0.00000
6.38060, -0.00824, 0.00000
6.39100, 0.00305, 0.00000
6.40140, -0.02380, 0.00000
6.41180, 0.00031, 0.00000
6.42220, -0.00275, 0.00000
6.43260, 0.00275, 0.00000
6.44310, 0.00000, 0.00000
6.45350, -0.00610, 0.00000
6.46390, -0.00610, 0.00000
6.47430, -0.00031, 0.00000
6.48470, -0.00763, 0.00000
6.49510, 0.00153, 0.00000
6.50550, 0.02319, 0.00000
6.51590, 0.01740, 0.00000
6.52630, 0.00885, 0.00000
6.53670, -0.00092, 0.00000
6.54710, 0.00242, 0.00000
6.55760, -0.01184, 0.00000
6.56800, -0.01251, 0.00000
6.57840, -0.00880, 0.00000
6.58880, -0.00577, 0.00000
6.59920, 0.00082, 0.00000
6.60960, 0.00398, 0.00000
6.62000, 0.00356, 0.00000
6.63040, 0.00120, 0.00000
6.64080, -0.00316, 0.00000
6.65120, -0.00124, 0.00000
6.66160, -0.00412, 0.00000
6.67200, -0.00251, 0.00000
6.68250, -0.00464, 0.00000
6.69290, -0.00165, 0.00000
6.70330, 0.00102, 0.00000
6.71370, 0.00000, 0.00000
6.72410, -0.00569, 0.00000
6.73450, -0.00333, 0.00000
6.74490, -0.00094, 0.00000
6.75530, 0.00888, 0.00000
6.76570, 0.00400, 0.00000
6.77610, 0.00243, 0.00000
6.78650, 0.00210, 0.00000
6.79700, 0.00112, 0.00000
6.80740, 0.00098, 0.00000
6.81780, -0.00093, 0.00000
6.82820, 0.01119, 0.00000
6.83860, 0.00363, 0.00000
6.84900, 0.00414, 0.00000
6.85940, 0.00673, 0.00000
6.86980, 0.01093, 0.00000
6.88020, 0.00864, 0.00000
6.89060, 0.00408, 0.00000
6.90100, 0.00594, 0.00000
6.91150, 0.00228, 0.00000
6.92190, 0.00100, 0.00000
6.93230, -0.00100, 0.00000
6.94270, -0.00559, 0.00000
6.95310, -0.00260, 0.00000
6.96350, -0.00280, 0.00000
6.97390, 0.00241, 0.00000
6.98430, -0.00006, 0.00000
6.99470, -0.00227, 0.00000
7.00510, -0.00528, 0.00000
7.01550, -0.00658, 0.00000
7.02600, -0.00513, 0.00000
7.03640, -0.00259, 0.00000
7.04680, -0.00296, 0.00000
7.05720, -0.00233, 0.00000
7.06760, 0.00547, 0.00000
7.07800, 0.00408, 0.00000
7.08840, 0.00199, 0.00000
7.09880, 0.00162, 0.00000
7.10920, -0.00146, 0.00000
7.11960, -0.00049, 0.00000
7.13000, -0.00102, 0.00000
7.14040, 0.00017, 0.00000
7.15090, -0.00054, 0.00000
7.16130, 0.00018, 0.00000
7.17170, -0.00044, 0.00000
7.18210, 0.00009, 0.00000
7.19250, 0.00600, 0.00000
7.20290, 0.00454, 0.00000
7.21330, 0.00810, 0.00000
7.22370, 0.00500, 0.00000
7.23410, 0.00101, 0.00000
7.24450, 0.01278, 0.00000
7.25490, 0.00875, 0.00000
7.26540, 0.00375, 0.00000
7.27580, 0.00381, 0.00000
7.28620, -0.00118, 0.00000
7.29660, -0.00185, 0.00000
7.30700, -0.00514, 0.00000
7.31740, -0.00631, 0.00000
7.32780, -0.00584, 0.00000
7.33820, -0.00113, 0.00000
7.34860, -0.00008, 0.00000
7.35900, -0.00179, 0.00000
7.36940, 0.00100, 0.00000
7.37990, 0.00180, 0.00000
7.39030, 0.00140, 0.00000
7.40070, -0.00162, 0.00000
7.41110, -0.00143, 0.00000
7.42150, 0.00052, 0.00000
7.43190, 0.00145, 0.00000
7.44230, 0.00370, 0.00000
7.45270, 0.00394, 0.00000
7.46310, -0.00018, 0.00000
7.47350, 0.00432, 0.00000
7.48390, 0.00299, 0.00000
7.49440, 0.00169, 0.00000
7.50480, -0.00198, 0.00000
7.51520, -0.00112, 0.00000
7.52560, 0.00636, 0.00000
7.53600, 0.00283, 0.00000
7.54640, -0.00206, 0.00000
7.55680, -0.00225, 0.00000
7.56720, 0.00100, 0.00000
7.57760, -0.00018, 0.00000
7.58800, 0.00168, 0.00000
7.59840, -0.00025, 0.00000
7.60880, -0.00291, 0.00000
7.61930, -0.00262, 0.00000
7.62970, -0.00191, 0.00000
7.64010, -0.00692, 0.00000
7.65050, -0.00694, 0.00000
7.66090, -0.00433, 0.00000
7.67130, -0.00670, 0.00000
7.68170, -0.00102, 0.00000
7.69210, 0.00033, 0.00000
7.70250, 0.00469, 0.00000
7.71290, 0.00136, 0.00000
7.72330, 0.00363, 0.00000
7.73380, 0.00447, 0.00000
7.74420, 0.00037, 0.00000
7.75460, 0.00134, 0.00000
7.76500, 0.00766, 0.00000
7.77540, 0.00732, 0.00000
7.78580, 0.00477, 0.00000
7.79620, 0.00216, 0.00000
7.80660, 0.00290, 0.00000
7.81700, 0.00376, 0.00000
7.82740, 0.00143, 0.00000
7.83780, -0.00086, 0.00000
7.84830, 0.00004, 0.00000
7.85870, -0.00055, 0.00000
7.86910, -0.00065, 0.00000
7.87950, 0.00035, 0.00000
7.88990, 0.00240, 0.00000
7.90030, 0.00488, 0.00000
7.91070, 0.00109, 0.00000
7.92110, 0.00121, 0.00000
7.93150, -0.00415, 0.00000
7.94190, 0.00489, 0.00000
7.95230, 0.00596, 0.00000
7.96280, 0.00352, 0.00000
7.97320, 0.00480, 0.00000
7.98360, 0.00540, 0.00000
7.99400, 0.00031, 0.00000
8.00440, 0.00847, 0.00000
8.01480, 0.00800, 0.00000
8.02520, 0.00378, 0.00000
8.03560, 0.00317, 0.00000
8.04600, 0.00132, 0.00000
8.05640, 0.00146, 0.00000
8.06680, 0.00453, 0.00000
8.07720, 0.00314, 0.00000
8.08770, 0.00419, 0.00000
8.09810, -0.00074, 0.00000
8.10850, 0.00020, 0.00000
8.11890, 0.00773, 0.00000
8.12930, 0.00259, 0.00000
8.13970, 0.00222, 0.00000
8.15010, 0.00212, 0.00000
8.16050, 0.00575, 0.00000
8.17090, 0.00312, 0.00000
8.18130, -0.00102, 0.00000
8.19170, -0.00050, 0.00000
8.20220, -0.00242, 0.00000
8.21260, -0.00004, 0.00000
8.22300, -0.00407, 0.00000
8.23340, -0.00223, 0.00000
8.24380, -0.00418, 0.00000
8.25420, -0.00379, 0.00000
8.26460, 0.00366, 0.00000
8.27500, 0.00045, 0.00000
8.28540, 0.00016, 0.00000
8.29580, 0.00135, 0.00000
8.30620, 0.00016, 0.00000
8.31670, 0.00202, 0.00000
8.32710, -0.00133, 0.00000
8.33750, -0.00122, 0.00000
8.34790, -0.00551, 0.00000
8.35830, -0.00336, 0.00000
8.36870, -0.00402, 0.00000
8.37910, 0.00276, 0.00000
8.38950, 0.00506, 0.00000
8.39990, 0.00229, 0.00000
8.41030, 0.00349, 0.00000
8.42070, 0.00287, 0.00000
8.43120, 0.00045, 0.00000
8.44160, -0.00050, 0.00000
8.45200, 0.01720, 0.00000
8.46240, 0.04380, 0.00000
8.47280, 0.07830, 0.00000
8.48320, 0.11164, 0.00000
8.49360, 0.14018, 0.00000
8.50400, 0.15854, 0.00000
8.51440, 0.16592, 0.00000
8.52480, 0.16232, 0.00000
8.53520, 0.14947, 0.00000
8.54560, 0.13712, 0.00000
8.55610, 0.11994, 0.00000
8.56650, 0.10320, 0.00000
8.57690, 0.08431, 0.00000
8.58730, 0.06392, 0.00000
8.59770, 0.04855, 0.00000
8.60810, 0.03560, 0.00000
8.61850, 0.02656, 0.00000
8.62890, 0.01831, 0.00000
8.63930, 0.01691, 0.00000
8.64970, 0.01020, 0.00000
8.66010, 0.00505, 0.00000
8.67060, 0.00146, 0.00000
8.68100, -0.00017, 0.00000
8.69140, -0.00029, 0.00000
8.70180, -0.00104, 0.00000
8.71220, -0.00109, 0.00000
8.72260, -0.00005, 0.00000
8.73300, 0.00038, 0.00000
8.74340, 0.00093, 0.00000
8.75380, -0.00295, 0.00000
8.76420, 0.00057, 0.00000
8.77460, 0.00017, 0.00000
8.78510, -0.00144, 0.00000
8.79550, 0.00175, 0.00000
8.80590, 0.01496, 0.00000
8.81630, 0.01100, 0.00000
8.82670, 0.00333, 0.00000
8.83710, 0.00960, 0.00000
8.84750, 0.00891, 0.00000
8.85790, 0.00765, 0.00000
8.86830, 0.00311, 0.00000
8.87870, -0.01092, 0.00000
8.88910, -0.03081, 0.00000
8.89960, -0.05274, 0.00000
8.91000, -0.08540, 0.00000
8.92040, -0.12004, 0.00000
8.93080, -0.15060, 0.00000
8.94120, -0.17282, 0.00000
8.95160, -0.19044, 0.00000
8.96200, -0.20198, 0.00000
8.97240, -0.20455, 0.00000
8.98280, -0.20725, 0.00000
8.99320, -0.19982, 0.00000
9.00360, -0.17832, 0.00000
9.01400, -0.16370, 0.00000
9.02450, -0.13324, 0.00000
9.03490, -0.09675, 0.00000
9.04530, -0.07441, 0.00000
9.05570, -0.05266, 0.00000
9.06610, -0.03629, 0.00000
9.07650, -0.02830, 0.00000
9.08690, -0.02576, 0.00000
9.09730, -0.02284, 0.00000
9.10770, -0.01395, 0.00000
9.11810, -0.00977, 0.00000
9.12850, -0.00812, 0.00000
9.13900, -0.00502, 0.00000
9.14940, -0.00482, 0.00000
9.15980, -0.01242, 0.00000
9.17020, -0.01451, 0.00000
9.18060, -0.01339, 0.00000
9.19100, -0.01010, 0.00000
9.20140, -0.00671, 0.00000
9.21180, -0.00680, 0.00000
9.22220, -0.00496, 0.00000
9.23260, -0.00519, 0.00000
9.24300, -0.00684, 0.00000
9.25350, 0.00573, 0.00000
9.26390, 0.00393, 0.00000
9.27430, -0.00117, 0.00000
9.28470, 0.00294, 0.00000
9.29510, 0.01385, 0.00000
9.30550, 0.03493, 0.00000
9.31590, 0.06754, 0.00000
9.32630, 0.11154, 0.00000
9.33670, 0.14959, 0.00000
9.34710, 0.18074, 0.00000
9.35750, 0.20603, 0.00000
9.36800, 0.22201, 0.00000
9.37840, 0.22807, 0.00000
9.38880, 0.22293, 0.00000
9.39920, 0.20954, 0.00000
9.40960, 0.17840, 0.00000
9.42000, 0.15560, 0.00000
9.43040, 0.11373, 0.00000
9.44080, 0.08342, 0.00000
9.45120, 0.05956, 0.00000
9.46160, 0.04149, 0.00000
9.47200, 0.03729, 0.00000
9.48240, 0.02664, 0.00000
9.49290, 0.03387, 0.00000
9.50330, 0.02480, 0.00000
9.51370, 0.01447, 0.00000
9.52410, 0.01089, 0.00000
9.53450, 0.00251, 0.00000
9.54490, 0.00414, 0.00000
9.55530, 0.00525, 0.00000
9.56570, 0.00358, 0.00000
9.57610, 0.00072, 0.00000
9.58650, 0.00003, 0.00000
9.59690, -0.00122, 0.00000
9.60740, 0.00010, 0.00000
9.61780, 0.00494, 0.00000
9.62820, 0.00278, 0.00000
9.63860, -0.00770, 0.00000
9.64900, -0.01963, 0.00000
9.65940, -0.04516, 0.00000
9.66980, -0.07724, 0.00000
9.68020, -0.10666, 0.00000
9.69060, -0.13663, 0.00000
9.70100, -0.16592, 0.00000
9.71140, -0.18120, 0.00000
9.72190, -0.20587, 0.00000
9.73230, -0.22140, 0.00000
9.74270, -0.22169, 0.00000
9.75310, -0.21976, 0.00000
9.76350, -0.21926, 0.00000
9.77390, -0.19399, 0.00000
9.78430, -0.16483, 0.00000
9.79470, -0.13506, 0.00000
9.80510, -0.08258, 0.00000
9.81550, -0.06315, 0.00000
9.82590, -0.05030, 0.00000
9.83640, -0.03481, 0.00000
9.84680, -0.02582, 0.00000
9.85720, -0.01942, 0.00000
9.86760, -0.00486, 0.00000
9.87800, 0.01649, 0.00000
9.88840, 0.05210, 0.00000
9.89880, 0.09623, 0.00000
9.90920, 0.14130, 0.00000
9.91960, 0.17453, 0.00000
9.93000, 0.20323, 0.00000
9.94040, 0.21914, 0.00000
9.95080, 0.22186, 0.00000
9.96130, 0.22062, 0.00000
9.97170, 0.19853, 0.00000
9.98210, 0.17169, 0.00000
9.99250, 0.14213, 0.00000
10.00290, 0.10769, 0.00000
10.01330, 0.07851, 0.00000
10.02370, 0.05821, 0.00000
10.03410, 0.04248, 0.00000
10.04450, 0.02985, 0.00000
10.05490, 0.01981, 0.00000
10.06530, 0.01075, 0.00000
10.07580, -0.00617, 0.00000
10.08620, -0.03278, 0.00000
10.09660, -0.06169, 0.00000
10.10700, -0.08831, 0.00000
10.11740, -0.11688, 0.00000
10.12780, -0.14640, 0.00000
10.13820, -0.16967, 0.00000
10.14860, -0.18699, 0.00000
10.15900, -0.19806, 0.00000
10.16940, -0.20358, 0.00000
10.17980, -0.19854, 0.00000
10.19030, -0.18555, 0.00000
10.20070, -0.16700, 0.00000
10.21110, -0.14406, 0.00000
10.22150, -0.12097, 0.00000
10.23190, -0.09579, 0.00000
10.24230, -0.06991, 0.00000
10.25270, -0.05523, 0.00000
10.26310, -0.04056, 0.00000
10.27350, -0.02919, 0.00000
10.28390, -0.02757, 0.00000
10.29430, -0.01905, 0.00000
10.30480, -0.00970, 0.00000
10.31520, -0.01029, 0.00000
10.32560, -0.00133, 0.00000
10.33600, 0.00365, 0.00000
10.34640, 0.02764, 0.00000
10.35680, 0.06577, 0.00000
10.36720, 0.10670, 0.00000
10.37760, 0.14474, 0.00000
10.38800, 0.17703, 0.00000
10.39840, 0.19450, 0.00000
10.40880, 0.20082, 0.00000
10.41920, 0.19290, 0.00000
10.42970, 0.17154, 0.00000
10.44010, 0.14837, 0.00000
10.45050, 0.11389, 0.00000
10.46090, 0.08972, 0.00000
10.47130, 0.06218, 0.00000
10.48170, 0.05041, 0.00000
10.49210, 0.03490, 0.00000
10.50250, 0.02563, 0.00000
10.51290, 0.01846, 0.00000
10.52330, 0.01117, 0.00000
10.53370, 0.00996, 0.00000
10.54420, 0.00422, 0.00000
10.55460, 0.01108, 0.00000
10.56500, 0.00446, 0.00000
10.57540, 0.00465, 0.00000
10.58580, 0.00233, 0.00000
10.59620, 0.00178, 0.00000
10.60660, -0.00183, 0.00000
10.61700, -0.00233, 0.00000
10.62740, 0.00556, 0.00000
10.63780, 0.00406, 0.00000
10.64820, 0.00255, 0.00000
10.65870, 0.00178, 0.00000
10.66910, -0.00250, 0.00000
10.67950, -0.00471, 0.00000
10.68990, -0.00393, 0.00000
10.70030, -0.00419, 0.00000
10.71070, 0.00016, 0.00000
10.72110, -0.00079, 0.00000
10.73150, -0.00190, 0.00000
10.74190, -0.00138, 0.00000
10.75230, 0.00171, 0.00000
10.76270, -0.00081, 0.00000
10.77320, 0.00386, 0.00000
10.78360, 0.00199, 0.00000
10.79400, -0.00069, 0.00000
10.80440, 0.00576, 0.00000
10.81480, 0.00083, 0.00000
10.82520, 0.00176, 0.00000
10.83560, 0.00293, 0.00000
10.84600, 0.00346, 0.00000
10.85640, -0.00127, 0.00000
10.86680, 0.00097, 0.00000
10.87720, -0.00226, 0.00000
10.88760, -0.00396, 0.00000
10.89810, -0.00470, 0.00000
10.90850, -0.00525, 0.00000
10.91890, -0.00597, 0.00000
10.92930, -0.00593, 0.00000
10.93970, -0.00375, 0.00000
10.95010, -0.00224, 0.00000
10.96050, -0.00469, 0.00000
10.97090, -0.00647, 0.00000
10.98130, -0.00761, 0.00000
10.99170, -0.00737, 0.00000
11.00210, -0.00735, 0.00000
11.01260, -0.01155, 0.00000
11.02300, -0.00893, 0.00000
11.03340, -0.00775, 0.00000
11.04380, -0.00236, 0.00000
11.05420, 0.00042, 0.00000
11.06460, 0.00286, 0.00000
11.07500, 0.00341, 0.00000
11.08540, -0.01103, 0.00000
11.09580, -0.01011, 0.00000
11.10620, -0.00779, 0.00000
11.11660, -0.00668, 0.00000
11.12710, -0.00504, 0.00000
11.13750, -0.00425, 0.00000
11.14790, -0.00426, 0.00000
11.15830, 0.00538, 0.00000
11.16870, 0.00459, 0.00000
11.17910, 0.00005, 0.00000
11.18950, 0.00086, 0.00000
11.19990, 0.00318, 0.00000
11.21030, 0.00109, 0.00000
11.22070, 0.00302, 0.00000
11.23110, -0.00019, 0.00000
11.24160, 0.00061, 0.00000
11.25200, 0.00143, 0.00000
11.26240, 0.00080, 0.00000
11.27280, 0.00165, 0.00000
11.28320, 0.00492, 0.00000
11.29360, 0.00351, 0.00000
11.30400, 0.00536, 0.00000
11.31440, 0.00325, 0.00000
11.32480, -0.00010, 0.00000
11.33520, -0.00222, 0.00000
11.34560, -0.00137, 0.00000
11.35600, -0.00430, 0.00000
11.36650, -0.01286, 0.00000
11.37690, -0.01071, 0.00000
11.38730, -0.00872, 0.00000
11.39770, -0.00422, 0.00000
11.40810, -0.00259, 0.00000
11.41850, -0.00436, 0.00000
11.42890, 0.00902, 0.00000
11.43930, 0.00320, 0.00000
11.44970, 0.00432, 0.00000
11.46010, 0.00604, 0.00000
11.47050, 0.00028, 0.00000
11.48100, -0.00045, 0.00000
11.49140, -0.00050, 0.00000
11.50180, -0.00077, 0.00000
11.51220, -0.00221, 0.00000
11.52260, -0.00615, 0.00000
11.53300, -0.00251, 0.00000
11.54340, -0.00076, 0.00000
11.55380, -0.00163, 0.00000
11.56420, -0.00465, 0.00000
11.57460, -0.00348, 0.00000
11.58500, -0.00435, 0.00000
11.59550, -0.00705, 0.00000
11.60590, -0.00341, 0.00000
11.61630, -0.00241, 0.00000
11.62670, -0.00382, 0.00000
11.63710, -0.00287, 0.00000
11.64750, -0.00284, 0.00000
11.65790, -0.00372, 0.00000
11.66830, 0.00009, 0.00000
11.67870, -0.00027, 0.00000
11.68910, 0.00187, 0.00000
11.69950, 0.00375, 0.00000
11.71000, 0.00134, 0.00000
11.72040, -0.00084, 0.00000
11.73080, -0.00094, 0.00000
11.74120, 0.00121, 0.00000
11.75160, -0.00011, 0.00000
11.76200, 0.00075, 0.00000
11.77240, 0.00178, 0.00000
11.78280, 0.00180, 0.00000
11.79320, 0.00032, 0.00000
11.80360, 0.00403, 0.00000
11.81400, 0.00327, 0.00000
11.82440, 0.00074, 0.00000
11.83490, -0.00037, 0.00000
11.84530, -0.00109, 0.00000
11.85570, -0.00335, 0.00000
11.86610, -0.00245, 0.00000
11.87650, -0.00146, 0.00000
11.88690, 0.00050, 0.00000
11.89730, -0.00095, 0.00000
11.90770, -0.00193, 0.00000
11.91810, -0.00108, 0.00000
11.92850, 0.00276, 0.00000
11.93890, 0.00135, 0.00000
11.94940, -0.00289, 0.00000
11.95980, 0.00012, 0.00000
11.97020, 0.00141, 0.00000
11.98060, 0.00020, 0.00000
11.99100, -0.00035, 0.00000
12.00140, -0.00001, 0.00000
12.01180, -0.00182, 0.00000
12.02220, 0.00461, 0.00000
12.03260, 0.00023, 0.00000
12.04300, 0.00000, 0.00000
12.05340, 0.00858, 0.00000
12.06390, -0.00635, 0.00000
12.07430, -0.00390, 0.00000
12.08470, 0.00664, 0.00000
12.09510, 0.00171, 0.00000
12.10550, 0.00166, 0.00000
12.11590, 0.00352, 0.00000
12.12630, 0.00405, 0.00000
12.13670, 0.01054, 0.00000
12.14710, 0.00687, 0.00000
12.15750, 0.00559, 0.00000
12.16790, 0.00754, 0.00000
12.17840, 0.00757, 0.00000
12.18880, 0.00387, 0.00000
12.19920, 0.00340, 0.00000
12.20960, 0.00281, 0.00000
12.22000, 0.00148, 0.00000
12.23040, 0.00067, 0.00000
12.24080, 0.00560, 0.00000
12.25120, 0.00565, 0.00000
12.26160, 0.00586, 0.00000
12.27200, 0.00485, 0.00000
12.28240, 0.00066, 0.00000
12.29280, 0.00130, 0.00000
12.30330, 0.00367, 0.00000
12.31370, -0.00037, 0.00000
12.32410, 0.00055, 0.00000
12.33450, -0.00067, 0.00000
12.34490, -0.00189, 0.00000
12.35530, -0.00171, 0.00000
12.36570, 0.00040, 0.00000
12.37610, -0.00177, 0.00000
12.38650, -0.00442, 0.00000
12.39690, -0.00216, 0.00000
12.40730, 0.00115, 0.00000
12.41780, 0.00174, 0.00000
12.42820, 0.00012, 0.00000
12.43860, 0.00264, 0.00000
12.44900, 0.00176, 0.00000
12.45940, 0.00087, 0.00000
12.46980, 0.00295, 0.00000
12.48020, 0.00289, 0.00000
12.49060, -0.00803, 0.00000
12.50100, -0.00776, 0.00000
12.51140, -0.00871, 0.00000
12.52180, -0.00644, 0.00000
12.53230, -0.00421, 0.00000
12.54270, -0.00241, 0.00000
12.55310, 0.00022, 0.00000
12.56350, -0.00297, 0.00000
12.57390, -0.00646, 0.00000
12.58430, -0.00653, 0.00000
12.59470, -0.00534, 0.00000
12.60510, -0.00382, 0.00000
12.61550, -0.00056, 0.00000
12.62590, -0.00148, 0.00000
12.63630, -0.00355, 0.00000
12.64680, 0.00013, 0.00000
12.65720, 0.00257, 0.00000
12.66760, 0.00229, 0.00000
12.67800, 0.00257, 0.00000
12.68840, 0.00213, 0.00000
12.69880, 0.00221, 0.00000
12.70920, 0.00211, 0.00000
12.71960, 0.00682, 0.00000
12.73000, -0.00030, 0.00000
12.74040, -0.00220, 0.00000
12.75080, 0.00400, 0.00000
12.76120, -0.00030, 0.00000
12.77170, -0.00063, 0.00000
12.78210, 0.00012, 0.00000
12.79250, 0.00149, 0.00000
12.80290, 0.00142, 0.00000
12.81330, 0.00211, 0.00000
12.82370, -0.00267, 0.00000
12.83410, -0.00088, 0.00000
12.84450, -0.00130, 0.00000
12.85490, -0.00466, 0.00000
12.86530, -0.00093, 0.00000
12.87570, 0.00229, 0.00000
12.88620, 0.00241, 0.00000
12.89660, -0.00450, 0.00000
12.90700, -0.00691, 0.00000
12.91740, -0.00843, 0.00000
12.92780, -0.00524, 0.00000
12.93820, -0.00688, 0.00000
12.94860, -0.00782, 0.00000
12.95900, -0.00925, 0.00000
12.96940, -0.00585, 0.00000
12.97980, -0.00105, 0.00000
12.99020, -0.00027, 0.00000
13.00070, -0.00210, 0.00000
13.01110, -0.00112, 0.00000
13.02150, 0.00306, 0.00000
13.03190, 0.00223, 0.00000
13.04230, -0.00068, 0.00000
13.05270, 0.00025, 0.00000
13.06310, -0.00287, 0.00000
13.07350, -0.00020, 0.00000
13.08390, -0.00311, 0.00000
13.09430, -0.00771, 0.00000
13.10470, -0.00720, 0.00000
13.11520, -0.00987, 0.00000
13.12560, -0.00275, 0.00000
13.13600, -0.00028, 0.00000
13.14640, -0.00078, 0.00000
13.15680, -0.00057, 0.00000
13.16720, 0.00198, 0.00000
13.17760, -0.00062, 0.00000
13.18800, -0.00119, 0.00000
13.19840, -0.00211, 0.00000
13.20880, -0.00195, 0.00000
13.21920, -0.00464, 0.00000
13.22960, -0.00776, 0.00000
13.24010, -0.00574, 0.00000
13.25050, -0.00444, 0.00000
13.26090, -0.00456, 0.00000
13.27130, -0.00291, 0.00000
13.28170, 0.00538, 0.00000
13.29210, 0.00813, 0.00000
13.30250, 0.00445, 0.00000
13.31290, 0.00011, 0.00000
13.32330, -0.00429, 0.00000
13.33370, -0.00379, 0.00000
13.34410, -0.00252, 0.00000
13.35460, 0.00344, 0.00000
13.36500, 0.00210, 0.00000
13.37540, -0.00004, 0.00000
13.38580, 0.00228, 0.00000
13.39620, 0.00290, 0.00000
13.40660, 0.00129, 0.00000
13.41700, 0.00045, 0.00000
13.42740, -0.00264, 0.00000
13.43780, -0.00102, 0.00000
13.44820, 0.00560, 0.00000
13.45860, -0.00176, 0.00000
13.46910, -0.00178, 0.00000
13.47950, 0.00224, 0.00000
13.48990, -0.00018, 0.00000
13.50030, 0.00094, 0.00000
13.51070, -0.00220, 0.00000
13.52110, 0.00656, 26.74546
13.53160, -0.00164, 569.55806
13.54200, -0.00227, 971.66990
13.55240, -0.00933, 1200.85154
13.56280, -0.00656, 1501.57551
13.57320, -0.00421, 3147.48183
13.58360, 0.00591, 2832.61968
13.59400, 0.01314, 2623.08120
13.60440, 0.00918, 2493.38428
13.61480, 0.00488, 2420.06813
13.62520, 0.01560, 2308.20506
13.63570, 0.23020, 1545.22852
13.64610, 0.16908, 1788.30737
13.65650, 0.12093, 1856.84401
13.66690, 0.08422, 1980.61770
13.67730, 0.06880, 2734.45681
13.68770, -0.15548, 1842.00743
13.69810, -0.11843, 1889.55292
13.70850, -0.09031, 1945.59604
13.71890, -0.05602, 2028.37297
13.72930, -0.04410, 2086.89611
13.73970, -0.03293, 2194.98666
13.75010, -0.23748, 1438.55287
13.76060, -0.17242, 1639.66989
13.77100, -0.12996, 1775.37749
13.78140, -0.10037, 1848.75800
13.79180, -0.06452, 1867.46415
13.80220, -0.04750, 1918.12813
13.81260, -0.03887, 1943.21804
13.82300, -0.03612, 1982.33179
13.83340, -0.01152, 2081.65964
13.84380, -0.00965, 2220.88204
13.85420, -0.00927, 2239.28453
13.86460, 0.00470, 2234.34485
13.87510, -0.00012, 2211.28841
13.88550, 0.00997, 2168.79597
13.89590, 0.00497, 2153.99250
13.90630, -0.00445, 2125.89828
13.91670, -0.00894, 2163.47747
13.92710, -0.01386, 2174.69504
13.93750, -0.01572, 2211.78883
13.94790, -0.01189, 2253.72009
13.95830, -0.01222, 2330.79023
13.96870, -0.00793, 2289.51300
13.97910, 0.00575, 2244.79864
13.98960, 0.00296, 2274.84037
14.00000, 0.01313, 2291.36303
14.01040, 0.00513, 2272.08386
14.02080, 0.00457, 2220.73153
14.03120, 0.00210, 2235.12234
14.04160, -0.00193, 2239.14163
14.05200, -0.01048, 2092.94886
14.06240, -0.22044, 644.65522
14.07280, -0.14629, 1167.50064
14.08320, 0.10008, 1337.29364
14.09360, 0.07610, 1591.43131
14.10410, 0.05339, 1709.37305
14.11450, -0.16574, 453.31604
14.12490, -0.11627, 963.01543
14.13530, -0.08609, 1246.94544
14.14570, -0.05748, 1415.26750
14.15610, -0.25062, 155.45682
14.16650, -0.18365, 832.61503
14.17690, -0.34328, -236.82941
14.18730, -0.24263, 409.60832
14.19770, -0.17758, 935.43812
14.20810, -0.13340, 1291.65580
14.21850, -0.09010, 1548.93750
14.22900, -0.07005, 1742.65639
14.23940, -0.05409, 1821.90499
14.24980, -0.01689, 1908.92096
14.26020, -0.00342, 2003.22683
14.27060, -0.00563, 2100.69194
14.28100, -0.00592, 2726.18680
14.29140, -0.00754, 2606.72729
14.30180, -0.00558, 2602.20831
14.31220, -0.00993, 2431.95362
14.32260, -0.00568, 2335.79054
14.33300, 0.00393, 2215.89777
14.34350, 0.00526, 2197.55476
14.35390, -0.00234, 2360.30909
14.36430, -0.00509, 2328.88746
14.37470, -0.00899, 2259.48772
14.38510, -0.00928, 2269.89205
14.39550, 0.00345, 2297.47715
14.40590, -0.00276, 2286.81215
14.41630, -0.00713, 2353.59148
14.42670, -0.00875, 2293.45701
14.43710, -0.00770, 2253.62058
14.44750, 0.00559, 2191.58716
14.45800, 0.00515, 2172.51760
14.46840, 0.00434, 2185.07511
14.47880, 0.00300, 2189.10716
14.48920, -0.21044, 1428.85863
14.49960, -0.14311, 1530.47556
14.51000, -0.10569, 1701.89628
14.52040, -0.07524, 1847.53850
14.53080, -0.05772, 1939.51629
14.54120, 0.17899, 1251.82925
14.55160, 0.12396, 1441.25488
14.56200, 0.08981, 1672.70990
14.57250, 0.06464, 1801.38263
14.58290, 0.04067, 2300.52794
14.59330, 0.02729, 2313.08265
14.60370, 0.02717, 2278.21017
14.61410, 0.01620, 2263.02465
14.62450, 0.22635, 1494.96388
14.63490, 0.16462, 1693.26830
14.64530, 0.33657, 1108.57777
14.65570, 0.24440, 1476.10429
14.66610, 0.17335, 1724.34967
14.67650, 0.15207, 1871.76050
14.68690, 0.12146, 2032.56815
14.69740, 0.08708, 2046.73294
14.70780, 0.07180, 2111.37242
14.71820, 0.06502, 2153.95649
14.72860, 0.04094, 2168.28652
14.73900, 0.04760, 2189.01115
14.74940, 0.03219, 2165.77470
14.75980, -0.19029, 1423.17614
14.77020, -0.14638, 1629.52790
14.78060, -0.09744, 1732.31480
14.79100, -0.06279, 1929.44379
14.80140, -0.04896, 2006.85873
14.81190, -0.03713, 1972.58706
14.82230, -0.02883, 2025.37908
14.83270, -0.02220, 2137.93181
14.84310, -0.00532, 2186.03804
14.85350, 0.00585, 2266.53431
14.86390, 0.21582, 2189.66560
14.87430, 0.15999, 2165.44188
14.88470, 0.11743, 2182.88266
14.89510, 0.08554, 2190.20858
14.90550, 0.06037, 2294.43253
14.91590, 0.04604, 2375.36254
14.92640, 0.02940, 2309.61664
14.93680, 0.02483, 2272.43865
14.94720, 0.01969, 2238.82077
14.95760, 0.01091, 2246.16341
14.96800, 0.00260, 2193.70896
14.97840, -0.20751, 759.79841
14.98880, -0.14988, 1283.41561
14.99920, -0.11195, 1504.56127
15.00960, -0.08327, 1748.63085
15.02000, -0.05863, 1890.56259
15.03040, -0.02531, 1950.92560
15.04090, -0.02185, 2082.51177
15.05130, -0.01265, 2190.97631
15.06170, -0.01196, 2199.89787
15.07210, -0.01235, 2299.88326
15.08250, -0.01289, 2357.18791
15.09290, -0.00834, 2270.95731
15.10330, -0.00691, 2273.94056
15.11370, -0.21454, 2201.01444
15.12410, -0.15674, 2249.36850
15.13450, -0.10665, 2217.66067
15.14490, -0.07850, 2259.89671
15.15530, -0.04426, 2272.89212
15.16580, -0.02736, 2349.37547
15.17620, -0.02698, 2321.44794
15.18660, -0.01161, 2201.64773
15.19700, 0.00134, 2254.42336
15.20740, 0.01161, 2279.97382
15.21780, 0.00930, 2299.43214
15.22820, 0.00176, 2280.94477
15.23860, -0.01389, 2263.93985
15.24900, -0.01409, 2283.40735
15.25940, -0.21912, 1510.65054
15.26980, -0.37263, 927.47768
15.28030, -0.26116, 1312.59139
15.29070, -0.19440, 1610.14377
15.30110, -0.13001, 1775.98084
15.31150, 0.12532, 1185.15438
15.32190, 0.08619, 1446.89405
15.33230, 0.07684, 1718.15951
15.34270, -0.15448, 1090.81369
15.35310, -0.11489, 1422.34570
15.36350, -0.07734, 1574.35025
15.37390, -0.06370, 1679.61655
15.38430, -0.05218, 1782.64966
15.39480, -0.04179, 1850.28336
15.40520, -0.03652, 1893.70196
15.41560, -0.00720, 1999.68371
15.42600, -0.00863, 2096.21493
15.43640, 0.01011, 2140.73264
15.44680, 0.00441, 2242.11345
15.45720, 0.21881, 1416.75557
15.46760, 0.15558, 1641.32142
15.47800, 0.10555, 1760.64363
15.48840, 0.07555, 2647.12244
15.49880, 0.05052, 2496.07204
15.50930, 0.03671, 2415.54602
15.51970, 0.03421, 2394.59648
15.53010, 0.01928, 2307.17488
15.54050, 0.02553, 2249.31421
15.55090, 0.02886, 2258.68479
15.56130, 0.24152, 1461.53897
15.57170, 0.18353, 1640.50693
15.58210, 0.15085, 1762.21043
15.59250, 0.10754, 1863.73232
15.60290, 0.29111, 1891.90088
15.61330, 0.21255, 1947.57984
15.62370, 0.15373, 1970.92678
15.63420, 0.10972, 1983.64390
15.64460, 0.07513, 2000.48979
15.65500, 0.05319, 2014.94591
15.66540, 0.04401, 2195.69503
15.67580, 0.02800, 2208.74491
15.68620, 0.03363, 2245.82523
15.69660, 0.02215, 2186.97839
15.70700, 0.01394, 2356.37217
15.71740, 0.00894, 2327.09476
15.72780, 0.00116, 2189.55965
15.73820, -0.00467, 2241.54860
15.74870, 0.00187, 2214.11462
15.75910, 0.01356, 2229.75271
15.76950, 0.01188, 2182.81234
15.77990, 0.00191, 2057.78071
15.79030, 0.00312, 2152.39463
15.80070, -0.00019, 2133.37708
15.81110, -0.00649, 2108.69099
15.82150, -0.00564, 2132.27807
15.83190, -0.00874, 2208.38700
15.84230, 0.20642, 751.05984
15.85270, 0.14562, 1117.64565
15.86320, 0.10447, 1383.57509
15.87360, 0.08078, 1581.44423
15.88400, 0.06250, 1758.27654
15.89440, 0.26410, 433.35577
15.90480, 0.40793, -526.06505
15.91520, 0.29500, 269.83272
15.92560, 0.21201, 747.51410
15.93600, 0.15465, 1159.90374
15.94640, 0.10298, 1412.79596
15.95680, 0.07351, -3606.92149
15.96720, 0.05324, -29567.06357
15.97770, 0.03844, -64032.22512
15.98810, 0.02971, -100460.56823
15.99850, 0.01830, -136038.63704
16.00890, 0.02020, -170235.10839
16.01930, 0.01491, -199414.92171
16.02970, 0.00816, -223419.40291
16.04010, 0.00348, -236358.96614
16.05050, 0.00592, -236234.16312
16.06090, 0.00498, -222756.56595
16.07130, 0.00339, -192178.78222
16.08170, 0.00214, -145941.33523
16.09210, 0.00198, -105948.94000
16.10260, -0.00408, -76656.99878
16.11300, -0.00323, -55280.61869
16.12340, 0.00696, -39710.53859
16.13380, 0.00170, -28281.97485
16.14420, -0.00041, -20061.12812
16.15460, 0.21513, -14743.87895
16.16500, 0.15495, -10182.32401
16.17540, 0.11523, -6862.01663
16.18580, 0.08221, -4449.78732
16.19620, 0.06264, -2574.96067
16.20660, 0.04489, -1261.74195
16.21710, 0.03977, -364.08257
16.22750, 0.02589, 274.58902
16.23790, 0.01527, 781.78326
16.24830, 0.00562, 1201.93472
16.25870, 0.00221, 1524.24872
16.26910, -0.00276, 1692.48885
16.27950, -0.00523, 1813.11661
16.28990, -0.00992, 1850.63682
16.30030, -0.00922, 1917.46352
16.31070, -0.00796, 2017.29609
16.32110, -0.00829, 2132.57281
16.33160, 0.00170, 2220.48898
16.34200, -0.00263, 2168.21673
16.35240, -0.00291, 4707.08626
16.36280, -0.00443, 4016.27352
16.37320, -0.00785, 3599.61875
16.38360, -0.00656, 3260.40555
16.39400, -0.01443, 2866.94854
16.40440, -0.01614, 2679.20388
16.41480, -0.01755, 2539.47804
16.42520, -0.01495, 2439.12094
16.43560, -0.01001, 11123.25970
16.44610, -0.00681, 47284.94928
16.45650, -0.00348, 115630.97255
16.46690, -0.00460, 212222.90212
16.47730, -0.00328, 315209.44824
16.48770, -0.00173, 406226.30571
16.49810, 0.00278, 468489.12527
16.50850, 0.00186, 499156.95444
16.51890, -0.00243, 499440.90093
16.52930, -0.00260, 470952.68500
16.53970, -0.00157, 419948.62808
16.55010, -0.00675, 355008.84850
16.56050, -0.00715, 285684.37406
16.57100, -0.00819, 219728.33544
16.58140, -0.00350, 163045.68938
16.59180, -0.00330, 119561.96974
16.60220, 0.00575, 87817.54240
16.61260, 0.00164, 64731.73709
16.62300, -0.00061, 47889.72956
16.63340, -0.00399, 35572.84061
16.64380, -0.01075, 26520.21917
16.65420, -0.00182, 19873.77683
16.66460, -0.00405, 15065.05655
16.67500, -0.00263, 12051.98904
16.68550, 0.00113, 9408.78363
16.69590, -0.00602, 7452.64095
16.70630, 0.00253, 6027.12362
16.71670, -0.00186, 4968.88834
16.72710, -0.00004, 4295.41907
16.73750, -0.00126, 3827.66545
16.74790, 0.00229, 3433.86808
16.75830, 0.00184, 3139.43345
16.76870, -0.00410, 2887.80091
16.77910, -0.00744, 2719.81753
16.78950, -0.21732, 2503.20155
16.80000, -0.15745, 2389.41133
16.81040, -0.10313, 2258.54460
16.82080, -0.07972, 2331.87996
16.83120, -0.06181, 2302.73552
16.84160, -0.04709, 2293.35150
16.85200, -0.24856, 1493.86431
16.86240, 0.03476, 937.37917
16.87280, 0.03749, 1292.80231
16.88320, 0.24164, 772.53485
16.89360, 0.16828, 1093.33594
16.90400, 0.12282, 1473.35497
16.91450, 0.08774, 1702.35154
16.92490, 0.05299, 1794.65000
16.93530, 0.04980, 1911.45204
16.94570, 0.04690, 2075.85505
16.95610, 0.03951, 2127.76420
16.96650, -0.17250, 1404.34957
16.97690, -0.12812, 1593.63463
16.98730, -0.09656, 1754.47629
16.99770, -0.07418, 1856.19651
17.00810, -0.26570, 1143.47133
17.01850, -0.18559, 1466.45083
17.02890, -0.13784, 1705.41728
17.03940, -0.10217, 1917.10702
17.04980, -0.07704, 1956.25076
17.06020, -0.05153, 2008.32316
17.07060, -0.03077, 2044.70695
17.08100, -0.02336, 2082.60799
17.09140, -0.02175, 2134.04357
17.10180, -0.02057, 2091.61728
17.11220, -0.01444, 2156.82832
17.12260, 0.00142, 2139.58470
17.13300, -0.21365, 1392.98513
17.14340, -0.14423, 1676.38301
17.15390, -0.10460, 1860.52608
17.16430, -0.07016, 1975.74066
17.17470, -0.05285, 3132.07931
17.18510, -0.03437, 2930.79150
17.19550, -0.02921, 2743.08926
17.20590, -0.01992, 2518.56534
17.21630, -0.00481, 2414.13231
17.22670, 0.00490, 2375.19407
17.23710, 0.00201, 2289.50212
17.24750, 0.00180, 2260.45976
17.25790, -0.00273, 2256.01305
17.26840, 0.00287, 2291.67014
17.27880, -0.00005, 1771.97871
17.28920, 0.00269, -4861.97148
17.29960, -0.00307, -3172.96255
17.31000, -0.00463, -2951.17442
17.32040, -0.01484, -2794.70685
17.33080, -0.00555, -1868.42040
17.34120, -0.00298, -842.25353
17.35160, 0.00327, -173.27826
17.36200, 0.00106, -23772.69897
17.37240, -0.00269, -43813.77856
17.38290, 0.00315, -61282.13904
17.39330, 0.00453, -75083.84203
17.40370, 0.01616, -86381.27718
17.41410, -0.00461, -93797.26047
17.42450, -0.00114, -96668.68048
17.43490, -0.00108, -96614.46540
17.44530, -0.00285, -94815.09930
17.45570, -0.00150, -92772.96167
17.46610, 0.00311, -91458.66205
17.47650, 0.00021, -90604.24925
17.48690, -0.00100, -90316.19539
17.49730, -0.00395, -89936.84329
17.50780, -0.00445, -88857.07124
17.51820, -0.00572, -88681.18030
17.52860, -0.00607, -87765.03188
17.53900, -0.00657, -86878.10042
17.54940, -0.00290, -85410.04444
17.55980, -0.00278, -87100.12969
17.57020, -0.00516, -88337.41011
17.58060, -0.00649, -89661.87522
17.59100, 0.00846, -90955.41687
17.60140, 0.01565, -91654.46853
17.61180, -0.00168, -91843.18114
17.62230, -0.00346, -89869.37092
17.63270, -0.00186, -89355.70376
17.64310, -0.00218, -87815.35307
17.65350, 0.01176, -86705.72612
17.66390, 0.01584, -84912.50318
17.67430, 0.00381, -82144.34669
17.68470, 0.00385, -75429.52039
17.69510, 0.00413, -69236.58896
17.70550, 0.01126, -62062.16148
17.71590, 0.00640, -55392.50130
17.72630, 0.00542, -49419.48218
17.73680, 0.00898, -43390.54589
17.74720, 0.00829, -38045.35776
17.75760, 0.01429, -33217.29945
17.76800, -0.00325, -22558.20521
17.77840, -0.00130, -15949.85867
17.78880, -0.00598, -11135.44300
17.79920, -0.00560, -7585.47070
17.80960, 0.00045, -6147.57218
17.82000, 0.00181, -4348.98770
17.83040, 0.00932, -2886.90560
17.84080, 0.00812, -1646.64394
17.85130, -0.01576, -1683.48137
17.86170, -0.00515, -998.77549
17.87210, 0.00407, -302.37343
17.88250, -0.00371, -8094.92847
17.89290, -0.01713, -27444.07600
17.90330, -0.01119, -45147.93235
17.91370, -0.01402, -61787.14187
17.92410, 0.00395, -74229.68819
17.93450, 0.00725, -81877.62463
17.94490, 0.00496, -86152.67794
17.95530, 0.00371, -86262.98868
17.96580, 0.00312, -82615.88288
17.97620, 0.00664, -77166.59357
17.98660, 0.00254, -72415.46607
17.99700, 0.00655, -68470.24900
18.00740, 0.00445, -65322.86186
18.01780, 0.00350, -62959.30248
18.02820, 0.00659, -59571.19171
18.03860, 0.00292, -51182.51938
18.04900, 0.00641, -46656.18190
18.05940, 0.00443, -41592.32472
18.06980, -0.00344, -39289.96576
18.08020, -0.00499, -36208.57326
18.09070, -0.00372, -35459.54537
18.10110, -0.00618, -31691.52935
18.11150, -0.00731, -32644.22730
18.12190, -0.01094, -32469.64498
18.13230, -0.00700, -33529.83387
18.14270, -0.00956, -33663.87623
18.15310, -0.00689, -32946.91508
18.16350, -0.00643, -34420.64016
18.17390, 0.00033, -36944.26655
18.18430, -0.00330, -41231.03331
18.19470, -0.00398, -44617.97274
18.20520, -0.00224, -46535.54889
18.21560, 0.00001, -47274.27785
18.22600, -0.00131, -45353.39212
18.23640, -0.00632, -45377.87040
18.24680, -0.00585, -43829.37001
18.25720, -0.00534, -44849.10975
18.26760, 0.00748, -43892.99726
18.27800, 0.00414, -44607.02087
18.28840, 0.00261, -44217.72013
18.29880, 0.00158, -47109.54783
18.30920, 0.00989, -49476.77872
18.31970, 0.00779, -49859.10954
18.33010, 0.00429, -50950.78120
18.34050, 0.00321, -54471.24590
18.35090, -0.00565, -57921.34445
18.36130, -0.00231, -60931.60207
18.37170, -0.00870, -63975.82977
18.38210, -0.00569, -67345.26403
18.39250, -0.00423, -68945.86826
18.40290, 0.00268, -72065.66778
18.41330, 0.00080, -74514.45344
18.42370, -0.00213, -75328.85192
18.43420, 0.00042, -73762.79636
18.44460, -0.00217, -72509.59671
18.45500, -0.00274, -70816.90684
18.46540, -0.00381, -68445.23062
18.47580, -0.00196, -64434.69935
18.48620, -0.00357, -60186.57414
18.49660, -0.00442, -56138.93867
18.50700, -0.00471, -52003.67410
18.51740, 0.00143, -48680.57058
18.52780, 0.00459, -46054.76821
18.53820, 0.00623, -44188.59172
18.54860, 0.00438, -44408.87933
18.55910, 0.00031, -47010.51625
18.56950, -0.00101, -49266.99162
18.57990, 0.00223, -51974.22928
18.59030, 0.00270, -54096.78470
18.60070, 0.00238, -56281.86630
18.61110, 0.00528, -59008.58907
18.62150, 0.00361, -62360.25805
18.63190, 0.00198, -66079.15875
18.64230, 0.00556, -71691.07085
18.65270, 0.00505, -77889.78599
18.66310, 0.01111, -85330.48619
18.67360, 0.00538, -90574.35707
18.68400, 0.04466, -94034.96168
18.69440, 0.03474, -97655.87574
18.70480, 0.02560, -103475.34427
18.71520, 0.01761, -106675.52175
18.72560, 0.01755, -107645.78191
18.73600, 0.00960, -105004.52354
18.74640, 0.00742, -103113.55878
18.75680, 0.00558, -99511.41505
18.76720, -0.00096, -95782.06657
18.77760, -0.00062, -91745.64463
18.78810, 0.00153, -85099.35751
18.79850, 0.00672, -80074.08523
18.80890, 0.00449, -75310.66788
18.81930, 0.00031, -70077.02131
18.82970, 0.00089, -66390.73404
18.84010, -0.00009, -60533.54906
18.85050, 0.00364, -49507.51525
18.86090, -0.00443, -35550.83599
18.87130, 0.01498, -25252.79566
18.88170, 0.00764, -17908.11393
18.89210, 0.00384, -12540.07922
18.90260, 0.01402, -8574.70494
18.91300, 0.00611, -5688.70584
18.92340, 0.00190, -3513.21734
18.93380, -0.00034, -2010.81993
18.94420, -0.00248, -820.83046
18.95460, -0.00148, 2.83003
18.96500, -0.00273, 271.68138
18.97540, 0.00279, 775.33863
18.98580, 0.00105, 1139.14757
18.99620, 0.01214, 1426.28375
19.00660, 0.00936, 1712.57268
19.01700, -0.00034, 1762.12671
19.02750, -0.00363, 1945.79870
19.03790, 0.00782, 1931.26465
19.04830, 0.01255, 1919.03612
19.05870, 0.22146, 585.80546
19.06910, 0.15800, 991.09233
19.07950, 0.11573, 1283.10625
19.08990, 0.07919, 1508.65799
19.10030, 0.05573, 1672.19489
19.11070, 0.04010, 1716.98817
19.12110, 0.02943, 1919.33837
19.13150, 0.02115, 1968.14523
19.14200, 0.01684, 1957.29975
19.15240, 0.01163, 2119.58265
19.16280, -0.01237, 6471.91197
19.17320, -0.00878, 5369.69841
19.18360, -0.00896, 4520.40876
19.19400, -0.01388, 3904.88248
19.20440, -0.01005, 4888.82315
19.21480, -0.00766, 9155.98829
19.22520, -0.00312, 17352.53092
19.23560, -0.00294, 25470.04135
19.24600, -0.00495, 32951.73631
19.25650, -0.00369, 40585.07131
19.26690, -0.00566, 48049.19802
19.27730, -0.00850, 57231.75417
19.28770, -0.00893, 65820.35671
19.29810, -0.00569, 74006.53388
19.30850, -0.00415, 81830.11354
19.31890, 0.00200, 87900.76311
19.32930, -0.00027, 89530.40937
19.33970, -0.00234, 89084.54103
19.35010, -0.00352, 87884.90129
19.36050, -0.00249, 86159.71039
19.37100, -0.00198, 84706.34821
19.38140, 0.00111, 83795.01723
19.39180, -0.00191, 83266.04672
19.40220, -0.00296, 80767.35929
19.41260, -0.01024, 77107.99634
19.42300, -0.01094, 75144.50198
19.43340, -0.00246, 75596.33771
19.44380, -0.00328, 76043.62516
19.45420, -0.00165, 76483.27058
19.46460, -0.00195, 75805.10539
19.47500, -0.00282, 75933.13096
19.48540, -0.00478, 74954.04947
19.49590, -0.00019, 73027.82232
19.50630, -0.00220, 72123.65748
19.51670, -0.00037, 72761.58883
19.52710, 0.00121, 73012.40487
19.53750, 0.00418, 75073.58739
19.54790, 0.00511, 78239.65951
19.55830, 0.00332, 83477.81029
19.56870, 0.00729, 87603.41705
19.57910, -0.00317, 92312.66747
19.58950, -0.00001, 96969.98024
19.59990, -0.00075, 99610.49239
19.61040, -0.00120, 99362.35597
19.62080, 0.00300, 99097.50671
19.63120, -0.00020, 98357.95227
19.64160, 0.00331, 97580.99590
19.65200, 0.00085, 97807.65807
19.66240, 0.00211, 95158.59863
19.67280, 0.00079, 92179.69451
19.68320, 0.00058, 90079.04234
19.69360, -0.00040, 88329.22912
19.70400, -0.00062, 83373.15151
19.71440, 0.00260, 79187.58039
19.72490, 0.00396, 77739.65645
19.73530, -0.00107, 77905.08487
19.74570, -0.00705, 79603.53404
19.75610, -0.00448, 79104.41125
19.76650, -0.00228, 78323.54869
19.77690, -0.00167, 79641.49262
19.78730, -0.00072, 81661.31753
19.79770, -0.00020, 84096.69000
19.80810, -0.00130, 87355.66813
19.81850, 0.00062, 91346.50535
19.82890, 0.00820, 95618.61916
19.83940, 0.00541, 96452.15396
19.84980, 0.00378, 94192.52581
19.86020, 0.00334, 91598.34381
19.87060, 0.00202, 87673.96180
19.88100, -0.00174, 82244.37257
19.89140, -0.00152, 77263.67200
19.90180, -0.00003, 73171.97462
19.91220, -0.00184, 68339.96747
19.92260, -0.00159, 63258.87823
19.93300, 0.00181, 60061.07205
19.94340, 0.00923, 57737.43900
19.95380, 0.00394, 55479.62494
19.96430, 0.00386, 55028.56539
19.97470, -0.00996, 55777.82598
19.98510, -0.00562, 58660.43977
19.99550, -0.00641, 61255.44154
20.00590, -0.00583, 62367.55538
20.01630, -0.00310, 63005.78447
20.02670, -0.00449, 64245.04924
20.03710, -0.00550, 66538.66218
20.04750, -0.00443, 69150.62370
20.05790, 0.00303, 70721.14342
20.06830, 0.00122, 73868.69470
20.07880, -0.00265, 78954.19771
20.08920, -0.00078, 83470.07553
20.09960, -0.00321, 85964.67759
20.11000, -0.00102, 86826.83316
20.12040, -0.00124, 86174.99130
20.13080, -0.00420, 85038.98678
20.14120, -0.00299, 83486.67276
20.15160, -0.00556, 80330.79630
20.16200, -0.00208, 77633.34155
20.17240, -0.00391, 74672.87751
20.18280, 0.00036, 70350.95152
20.19330, 0.00216, 65060.22537
20.20370, 0.00323, 59699.72493
20.21410, 0.00013, 54441.74889
20.22450, -0.00139, 48548.62912
20.23490, -0.00151, 41357.44111
20.24530, -0.00077, 32862.25986
20.25570, 0.00521, 24609.45770
20.26610, 0.00166, 18581.33849
20.27650, -0.21191, 13394.78809
20.28690, -0.16324, 10311.55249
20.29730, -0.11345, 8048.57480
20.30780, -0.08329, 6481.51349
20.31820, -0.05650, 5371.30289
20.32860, -0.04709, 4479.16525
20.33900, -0.02184, 3811.02430
20.34940, -0.00596, 3389.57404
20.35980, 0.00463, 2979.86214
20.37020, -0.20957, 2021.65530
20.38060, -0.15065, 2155.74591
20.39100, 0.10688, 1416.66716
20.40140, 0.08666, 1607.75752
20.41180, 0.27736, 1701.83739
20.42220, 0.19954, 1834.25786
20.43270, 0.16015, 1979.53224
20.44310, 0.11342, 2087.18078
20.45350, 0.29813, 2096.04710
20.46390, 0.21099, 2037.68063
20.47430, 0.15119, 2052.35535
20.48470, 0.11001, 2096.56497
20.49510, 0.07386, 2068.85640
20.50550, 0.04962, 2164.80065
20.51590, 0.03316, 2126.76248
20.52630, 0.02140, 2123.85493
20.53670, -0.19412, 679.63901
20.54720, -0.13566, 1130.89741
20.55760, -0.09950, 1462.40680
20.56800, -0.08103, 1627.63250
20.57840, -0.05164, 1741.19739
20.58880, -0.04016, 1851.63796
20.59920, -0.02733, 1959.25794
20.60960, -0.01978, 2039.42465
20.62000, -0.01724, 2064.97477
20.63040, -0.01489, 2052.28424
20.64080, -0.01145, 3488.35787
20.65120, -0.01025, 3210.54061
20.66170, -0.00921, 2905.65835
20.67210, -0.00969, 2732.31036
20.68250, -0.01301, 2605.79341
20.69290, -0.01304, 2494.00455
20.70330, 0.00071, 2394.04552
20.71370, 0.00447, 2362.15479
20.72410, 0.00813, 2297.81579
20.73450, 0.00585, 2273.55150
20.74490, 0.00213, 2202.89174
20.75530, -0.00241, 2211.83614
20.76570, -0.00365, 2258.88759
20.77620, -0.00646, 2255.94624
20.78660, -0.00513, 2252.71889
20.79700, -0.00366, 2202.81593
20.80740, -0.00580, 2298.77112
20.81780, -0.00762, 2264.25295
20.82820, -0.00968, 2221.49994
20.83860, -0.00723, 2468.01750
20.84900, -0.00816, 2422.89668
20.85940, -0.00596, 2400.50163
20.86980, -0.00707, 2410.90220
20.88020, -0.00796, 2323.66817
20.89060, -0.21910, 1517.34152
20.90110, -0.16221, 1654.75877
20.91150, -0.12309, 1823.94173
20.92190, -0.09264, 1919.59277
20.93230, -0.06654, 1995.07637
20.94270, -0.05467, 2082.31619
20.95310, -0.02761, 2158.68498
20.96350, -0.02535, 2219.82539
20.97390, -0.02369, 2202.85272
20.98430, -0.02298, 2153.18377
20.99470, -0.01883, 2286.59129
21.00510, -0.01663, 2278.59702
21.01560, -0.00439, 2315.71729
21.02600, -0.00469, 2342.26897
21.03640, -0.00820, 2267.63319
21.04680, -0.00557, 2218.83401
21.05720, -0.00374, 2298.03463
21.06760, -0.00636, 2274.79184
21.07800, -0.00637, 2219.19589
21.08840, -0.00135, 2223.19532
21.09880, 0.00017, 2211.52583
21.10920, -0.00466, 2178.15456
21.11960, -0.00769, 2159.74218
21.13010, -0.00784, 2206.54886
21.14050, 0.00327, 2169.92949
21.15090, 0.01038, 2186.42807
21.16130, 0.01425, 2201.71133
21.17170, 0.01857, 2146.94760
21.18210, 0.02056, 2135.61520
21.19250, 0.00989, 2088.71197
21.20290, 0.00796, 2159.30056
21.21330, -0.20253, 664.44504
21.22370, -0.15408, 1002.56039
21.23410, -0.32153, -145.75491
21.24460, -0.22222, 572.25409
21.25500, -0.15320, 1087.64350
21.26540, -0.11165, 1486.49038
21.27580, -0.08289, 1668.44319
21.28620, -0.05860, 1817.99000
21.29660, -0.04359, 1921.19237
21.30700, -0.03412, 1937.61993
21.31740, -0.02680, 2028.49510
21.32780, -0.02368, 2038.62728
21.33820, -0.02034, 2092.48906
21.34860, -0.01872, 2061.01882
21.35900, -0.01993, 2057.50170
21.36950, -0.01817, 2061.41851
21.37990, -0.01895, 2118.30841
21.39030, -0.01606, 2075.54041
21.40070, -0.21981, 668.15070
21.41110, -0.16562, 1044.16744
21.42150, -0.12030, 1321.30248
21.43190, -0.08863, 4687.63732
21.44230, -0.06204, 4113.38319
21.45270, -0.04759, 3627.26864
21.46310, -0.04051, 3190.35347
21.47350, -0.23485, 2875.79615
21.48400, -0.16143, 2640.27500
21.49440, 0.10066, 1074.91562
21.50480, 0.07421, 1364.81603
21.51520, 0.05787, 1545.60024
21.52560, 0.03614, 1706.72134
21.53600, 0.04781, 1772.44458
21.54640, 0.03489, 1863.63727
21.55680, 0.02324, 2010.15993
21.56720, 0.00105, 2146.81577
21.57760, -0.00014, 2242.23068
21.58800, -0.00398, 2236.76524
21.59850, -0.00142, 2311.12162
21.60890, -0.00508, 2364.57969
21.61930, -0.00865, 2282.29560
21.62970, -0.21259, 1519.29460
21.64010, 0.05994, 913.52478
21.65050, 0.04515, 1370.48732
21.66090, 0.25110, 896.50167
21.67130, 0.18079, 1251.89172
21.68170, 0.12890, 1480.20297
21.69210, 0.10389, 1653.31827
21.70250, 0.09050, 1897.18335
21.71300, -0.15136, 1208.23547
21.72340, -0.10082, 1511.55728
21.73380, -0.08735, 6305.05855
21.74420, -0.05205, 5283.04179
21.75460, -0.03873, 4508.22248
21.76500, -0.01887, 3879.77903
21.77540, 0.20083, 2683.31686
21.78580, 0.15787, 2536.26628
21.79620, 0.11522, 2469.73592
21.80660, 0.08376, 2511.95163
21.81700, 0.05660, 2389.58393
21.82740, 0.03801, 2296.76260
21.83790, 0.02972, 2268.46033
21.84830, 0.03793, 2223.21988
21.85870, 0.02826, 2219.37829
21.86910, 0.01090, 2183.34532
21.87950, 0.00490, 2333.99920
21.88990, 0.00045, 2316.16910
21.90030, -0.20752, 1543.74681
21.91070, -0.15352, 1820.18501
21.92110, -0.11979, 1950.89064
21.93150, -0.09353, 1977.66565
21.94190, -0.07065, 2020.71081
21.95240, -0.05181, 2115.88393
21.96280, -0.03922, 2177.78106
21.97320, -0.03489, 2120.02678
21.98360, -0.02464, 2195.12297
21.99400, -0.02227, 2164.02178
22.00440, -0.02409, 2108.90403
22.01480, -0.02277, 2089.74887
22.02520, -0.22694, 640.15848
22.03560, -0.16967, 993.47999
22.04600, -0.12565, 1259.45419
22.05640, -0.09665, 1420.61474
22.06690, -0.06361, 1696.00800
22.07730, -0.05088, 1852.15613
22.08770, -0.03730, 2033.65893
22.09810, -0.02739, 2040.23482
22.10850, -0.02386, 1984.51920
22.11890, -0.02236, 2059.48236
22.12930, -0.01698, 2064.48502
22.13970, -0.01858, 2105.95804
22.15010, -0.01471, 2190.79843
22.16050, -0.01725, 2159.24461
22.17090, -0.01465, 2208.07680
22.18140, -0.00278, 2202.11262
22.19180, 0.00160, 2194.51782
22.20220, -0.00584, 2243.00604
22.21260, 0.20952, 2143.85708
22.22300, 0.15415, 2137.95226
22.23340, 0.12125, 2161.73890
22.24380, 0.30244, 735.38464
22.25420, 0.23252, 1080.27021
22.26460, 0.16369, 1488.67340
22.27500, 0.11534, 1700.83426
22.28540, 0.30134, 382.78688
22.29580, 0.22018, 888.30673
22.30630, 0.16861, 1255.63631
22.31670, -0.08957, 1459.43235
22.32710, -0.07048, 1721.09692
22.33750, -0.05606, 1781.31557
22.34790, -0.03226, 1853.36202
22.35830, -0.02552, 1920.53312
22.36870, -0.02069, 2014.94377
22.37910, -0.01584, 2047.64786
22.38950, 0.00287, 2000.19550
22.39990, 0.00201, 2045.52893
22.41030, 0.00303, 2041.06354
22.42080, 0.00337, 2078.05777
22.43120, -0.00067, 2069.93748
22.44160, -0.20166, 1390.78165
22.45200, -0.15213, 1571.57515
22.46240, -0.11235, 1713.79209
22.47280, -0.08810, 1893.23198
22.48320, -0.06504, 1987.72399
22.49360, -0.05159, 2034.80573
22.50400, -0.04062, 2036.20900
22.51440, -0.03624, 2052.36191
22.52480, -0.01450, 2090.89647
22.53530, 0.00212, 2142.52428
22.54570, 0.01136, 2232.34466
22.55610, 0.00169, 2217.66311
22.56650, -0.00239, 2192.35944
22.57690, 0.00353, 2259.80139
22.58730, 0.00076, 2230.67817
22.59770, -0.00233, 2240.49074
22.60810, -0.00854, 2275.20832
22.61850, -0.01201, 2223.01189
#2021-03-02 16:57:17
