#2021-07-21 11:24:43
0.00000, 0.00122, 0
0.01040, -0.00122, 0
0.02080, 0.00885, 0
0.03120, 0.00000, 0
0.04160, 0.00214, 0
0.05200, -0.00214, 0
0.06240, -0.00122, 0
0.07280, -0.00336, 0
0.08320, -0.00031, 0
0.09360, -0.00031, 0
0.10400, 0.00458, 0
0.11440, -0.00427, 0
0.12490, 0.00214, 0
0.13530, -0.00122, 0
0.14570, -0.00031, 0
0.15610, 0.00000, 0
0.16650, 0.00214, 0
0.17690, 0.00153, 0
0.18730, -0.00183, 0
0.19770, 0.00061, 0
0.20810, 0.00092, 0
0.21850, 0.00092, 0
0.22890, -0.00305, 0
0.23940, -0.00183, 0
0.24980, 0.00305, 0
0.26020, -0.00336, 0
0.27060, 0.00031, 0
0.28100, -0.00061, 0
0.29140, 0.00183, 0
0.30180, -0.00092, 0
0.31220, -0.00275, 0
0.32260, -0.00275, 0
0.33300, -0.00183, 0
0.34340, -0.00305, 0
0.35390, -0.00183, 0
0.36430, -0.00397, 0
0.37470, -0.00244, 0
0.38510, -0.00092, 0
0.39550, -0.00214, 0
0.40590, -0.00214, 0
0.41630, -0.00214, 0
0.42670, 0.00244, 0
0.43710, -0.00122, 0
0.44750, 0.00000, 0
0.45790, 0.00092, 0
0.46840, -0.00183, 0
0.47880, -0.00092, 0
0.48920, -0.00671, 0
0.49960, 0.00641, 0
0.51000, -0.00122, 0
0.52040, -0.00153, 0
0.53080, 0.00153, 0
0.54120, -0.00122, 0
0.55160, 0.00061, 0
0.56200, 0.00031, 0
0.57240, -0.00061, 0
0.58280, 0.00153, 0
0.59330, -0.00153, 0
0.60370, 0.00031, 0
0.61410, -0.00122, 0
0.62450, -0.00427, 0
0.63490, 0.00702, 0
0.64530, -0.00031, 0
0.65570, 0.00153, 0
0.66610, -0.00275, 0
0.67650, -0.00092, 0
0.68690, -0.00183, 0
0.69730, 0.00031, 0
0.70780, -0.00122, 0
0.71820, 0.00122, 0
0.72860, -0.00305, 0
0.73900, -0.00031, 0
0.74940, 0.00549, 0
0.75980, 0.00000, 0
0.77020, -0.00092, 0
0.78060, -0.00031, 0
0.79100, -0.00031, 0
0.80140, 0.00061, 0
0.81180, -0.00244, 0
0.82230, 0.00092, 0
0.83270, -0.00122, 0
0.84310, -0.00275, 0
0.85350, -0.00427, 0
0.86390, 0.00397, 0
0.87430, -0.00092, 0
0.88470, 0.00000, 0
0.89510, 0.00732, 0
0.90550, 0.00000, 0
0.91590, 0.00061, 0
0.92630, -0.00244, 0
0.93680, -0.00061, 0
0.94720, -0.00153, 0
0.95760, -0.00122, 0
0.96800, 0.00763, 0
0.97840, -0.00305, 0
0.98880, -0.00061, 0
0.99920, -0.00305, 0
1.00960, -0.00122, 0
1.02000, 0.00183, 0
1.03040, -0.00061, 0
1.04080, 0.00488, 0
1.05120, -0.00061, 0
1.06170, -0.00092, 0
1.07210, 0.00214, 0
1.08250, -0.00183, 0
1.09290, -0.00031, 0
1.10330, 0.00031, 0
1.11370, 0.00031, 0
1.12410, 0.00183, 0
1.13450, -0.00031, 0
1.14490, 0.00671, 0
1.15530, 0.00061, 0
1.16570, 0.00061, 0
1.17620, 0.00183, 0
1.18660, 0.00061, 0
1.19700, -0.00305, 0
1.20740, -0.00092, 0
1.21780, -0.00458, 0
1.22820, 0.00061, 0
1.23860, 0.00275, 0
1.24900, -0.00122, 0
1.25940, -0.00732, 0
1.26980, 0.00000, 0
1.28020, -0.00153, 0
1.29070, 0.00610, 0
1.30110, -0.00122, 0
1.31150, -0.00061, 0
1.32190, -0.00244, 0
1.33230, 0.00031, 0
1.34270, 0.00153, 0
1.35310, -0.00885, 0
1.36350, -0.00427, 0
1.37390, -0.00244, 0
1.38430, -0.00519, 0
1.39470, 0.00061, 0
1.40520, 0.00061, 0
1.41560, 0.00275, 0
1.42600, 0.00641, 0
1.43640, 0.00092, 0
1.44680, 0.00336, 0
1.45720, 0.00275, 0
1.46760, 0.00214, 0
1.47800, 0.00031, 0
1.48840, -0.00519, 0
1.49880, -0.00092, 0
1.50920, -0.00275, 0
1.51960, -0.00153, 0
1.53010, -0.00366, 0
1.54050, -0.00183, 0
1.55090, -0.00122, 0
1.56130, 0.00763, 0
1.57170, 0.00244, 0
1.58210, 0.00244, 0
1.59250, -0.00214, 0
1.60290, 0.00305, 0
1.61330, 0.00092, 0
1.62370, -0.00092, 0
1.63410, 0.00000, 0
1.64460, 0.00122, 0
1.65500, -0.00366, 0
1.66540, 0.00427, 0
1.67580, -0.00458, 0
1.68620, -0.00244, 0
1.69660, -0.00214, 0
1.70700, -0.00031, 0
1.71740, -0.00092, 0
1.72780, 0.00061, 0
1.73820, 0.00214, 0
1.74860, -0.00031, 0
1.75910, 0.00549, 0
1.76950, -0.00031, 0
1.77990, -0.00031, 0
1.79030, 0.00275, 0
1.80070, -0.00275, 0
1.81110, -0.00305, 0
1.82150, -0.00183, 0
1.83190, 0.00061, 0
1.84230, -0.00031, 0
1.85270, -0.00244, 0
1.86310, -0.00275, 0
1.87360, -0.00183, 0
1.88400, 0.00000, 0
1.89440, 0.00061, 0
1.90480, -0.00519, 0
1.91520, -0.00031, 0
1.92560, -0.00397, 0
1.93600, -0.00031, 0
1.94640, 0.00031, 0
1.95680, 0.00214, 0
1.96720, -0.00793, 0
1.97760, 0.00092, 0
1.98800, -0.00336, 0
1.99850, -0.00061, 0
2.00890, -0.00305, 0
2.01930, 0.00031, 0
2.02970, -0.00183, 0
2.04010, 0.00061, 0
2.05050, 0.00183, 0
2.06090, -0.00275, 0
2.07130, 0.00061, 0
2.08170, -0.00122, 0
2.09210, -0.00061, 0
2.10250, 0.00031, 0
2.11300, 0.00549, 0
2.12340, 0.00153, 0
2.13380, -0.00122, 0
2.14420, -0.00122, 0
2.15460, -0.00092, 0
2.16500, 0.00031, 0
2.17540, 0.00702, 0
2.18580, 0.00214, 0
2.19620, 0.00092, 0
2.20660, -0.00122, 0
2.21700, -0.00092, 0
2.22750, -0.00092, 0
2.23790, -0.00336, 0
2.24830, -0.00183, 0
2.25870, 0.00031, 0
2.26910, 0.00061, 0
2.27950, -0.00275, 0
2.28990, -0.00610, 0
2.30030, 0.00153, 0
2.31070, 0.00000, 0
2.32110, -0.00244, 0
2.33150, -0.00031, 0
2.34200, -0.00031, 0
2.35240, -0.00183, 0
2.36280, 0.00366, 0
2.37320, -0.00092, 0
2.38360, 0.00061, 0
2.39400, 0.00092, 0
2.40440, 0.00092, 0
2.41480, 0.00275, 0
2.42520, -0.00244, 0
2.43560, -0.00122, 0
2.44600, -0.00061, 0
2.45640, 0.00000, 0
2.46690, 0.00519, 0
2.47730, 0.00031, 0
2.48770, -0.00244, 0
2.49810, -0.00122, 0
2.50850, 0.00031, 0
2.51890, -0.00092, 0
2.52930, 0.00092, 0
2.53970, 0.00061, 0
2.55010, 0.00031, 0
2.56050, -0.00122, 0
2.57090, -0.00305, 0
2.58140, 0.00458, 0
2.59180, 0.00122, 0
2.60220, -0.00183, 0
2.61260, 0.00153, 0
2.62300, -0.00092, 0
2.63340, 0.00153, 0
2.64380, 0.00092, 0
2.65420, 0.00061, 0
2.66460, 0.00000, 0
2.67500, -0.00092, 0
2.68540, -0.00092, 0
2.69590, -0.00183, 0
2.70630, -0.00092, 0
2.71670, -0.00305, 0
2.72710, 0.00031, 0
2.73750, -0.00549, 0
2.74790, -0.00153, 0
2.75830, 0.00244, 0
2.76870, 0.00122, 0
2.77910, -0.00427, 0
2.78950, -0.00244, 0
2.79990, -0.00031, 0
2.81040, -0.00183, 0
2.82080, -0.00061, 0
2.83120, 0.00000, 0
2.84160, 0.00702, 0
2.85200, -0.00031, 0
2.86240, -0.00275, 0
2.87280, -0.00244, 0
2.88320, 0.00061, 0
2.89360, -0.00031, 0
2.90400, -0.00092, 0
2.91440, -0.00275, 0
2.92480, -0.00153, 0
2.93530, 0.00000, 0
2.94570, 0.00336, 0
2.95610, -0.00031, 0
2.96650, -0.00061, 0
2.97690, -0.00061, 0
2.98730, -0.00092, 0
2.99770, 0.00458, 0
3.00810, 0.00092, 0
3.01850, -0.00122, 0
3.02890, 0.00061, 0
3.03930, -0.00061, 0
3.04980, -0.00122, 0
3.06020, 0.00916, 0
3.07060, 0.00458, 0
3.08100, -0.00519, 0
3.09140, 0.00092, 0
3.10180, 0.00305, 0
3.11220, -0.00092, 0
3.12260, -0.00122, 0
3.13300, 0.00305, 0
3.14340, 0.00031, 0
3.15380, 0.00153, 0
3.16430, 0.00397, 0
3.17470, 0.00397, 0
3.18510, -0.00244, 0
3.19550, 0.00061, 0
3.20590, 0.00122, 0
3.21630, -0.00061, 0
3.22670, 0.00031, 0
3.23710, -0.00031, 0
3.24750, 0.00519, 0
3.25790, 0.00214, 0
3.26830, -0.00214, 0
3.27880, -0.00427, 0
3.28920, 0.00122, 0
3.29960, 0.00458, 0
3.31000, -0.00092, 0
3.32040, 0.00061, 0
3.33080, 0.00122, 0
3.34120, 0.00214, 0
3.35160, 0.00031, 0
3.36200, 0.00336, 0
3.37240, 0.00305, 0
3.38280, 0.00000, 0
3.39320, 0.00092, 0
3.40370, 0.00366, 0
3.41410, -0.00244, 0
3.42450, -0.00031, 0
3.43490, -0.00061, 0
3.44530, 0.00122, 0
3.45570, 0.00153, 0
3.46610, 0.00336, 0
3.47650, 0.00336, 0
3.48690, 0.00031, 0
3.49730, -0.00427, 0
3.50770, -0.00305, 0
3.51820, -0.00427, 0
3.52860, -0.00183, 0
3.53900, -0.00092, 0
3.54940, -0.00092, 0
3.55980, -0.00427, 0
3.57020, -0.00031, 0
3.58060, -0.00214, 0
3.59100, 0.00214, 0
3.60140, 0.00122, 0
3.61180, -0.00519, 0
3.62220, -0.00397, 0
3.63270, -0.00061, 0
3.64310, -0.00122, 0
3.65350, 0.00061, 0
3.66390, -0.00336, 0
3.67430, -0.00061, 0
3.68470, -0.00549, 0
3.69510, 0.00000, 0
3.70550, 0.00214, 0
3.71590, -0.00305, 0
3.72630, -0.00031, 0
3.73670, 0.00092, 0
3.74720, -0.00366, 0
3.75760, -0.00061, 0
3.76800, -0.00122, 0
3.77840, -0.00061, 0
3.78880, -0.00366, 0
3.79920, 0.00061, 0
3.80960, -0.00275, 0
3.82000, -0.00214, 0
3.83040, 0.00305, 0
3.84080, -0.00336, 0
3.85120, 0.00031, 0
3.86160, 0.00061, 0
3.87210, 0.00366, 0
3.88250, -0.00031, 0
3.89290, 0.00031, 0
3.90330, 0.00214, 0
3.91370, 0.00305, 0
3.92410, -0.00244, 0
3.93450, -0.00305, 0
3.94490, 0.00000, 0
3.95530, 0.00061, 0
3.96570, -0.00214, 0
3.97610, -0.00061, 0
3.98660, -0.00488, 0
3.99700, -0.00153, 0
4.00740, -0.00092, 0
4.01780, 0.00092, 0
4.02820, -0.00031, 0
4.03860, 0.00061, 0
4.04900, 0.00183, 0
4.05940, 0.00061, 0
4.06980, -0.00031, 0
4.08020, -0.00519, 0
4.09060, -0.00153, 0
4.10110, -0.00031, 0
4.11150, 0.00671, 0
4.12190, 0.00488, 0
4.13230, 0.00122, 0
4.14270, 0.00275, 0
4.15310, 0.00000, 0
4.16350, 0.00214, 0
4.17390, 0.00214, 0
4.18430, -0.00031, 0
4.19470, -0.00031, 0
4.20510, -0.00397, 0
4.21560, 0.00244, 0
4.22600, -0.00061, 0
4.23640, -0.00122, 0
4.24680, 0.00122, 0
4.25720, -0.00580, 0
4.26760, 0.00153, 0
4.27800, 0.00122, 0
4.28840, 0.00122, 0
4.29880, -0.00031, 0
4.30920, -0.00183, 0
4.31960, 0.00000, 0
4.33000, -0.00580, 0
4.34050, -0.00854, 0
4.35090, -0.00183, 0
4.36130, -0.00122, 0
4.37170, 0.00427, 0
4.38210, -0.00122, 0
4.39250, 0.00031, 0
4.40290, -0.00610, 0
4.41330, 0.00793, 0
4.42370, 0.00000, 0
4.43410, 0.00336, 0
4.44450, 0.00092, 0
4.45500, -0.00336, 0
4.46540, 0.00000, 0
4.47580, -0.00305, 0
4.48620, 0.00641, 0
4.49660, 0.00153, 0
4.50700, -0.00305, 0
4.51740, -0.00153, 0
4.52780, 0.00061, 0
4.53820, -0.00061, 0
4.54860, 0.00519, 0
4.55900, 0.00641, 0
4.56950, -0.00092, 0
4.57990, 0.00214, 0
4.59030, -0.00275, 0
4.60070, -0.00061, 0
4.61110, -0.00244, 0
4.62150, 0.00122, 0
4.63190, 0.00092, 0
4.64230, 0.00641, 0
4.65270, -0.00214, 0
4.66310, 0.00214, 0
4.67350, 0.00610, 0
4.68400, -0.00275, 0
4.69440, -0.00397, 0
4.70480, -0.00122, 0
4.71520, -0.00183, 0
4.72560, -0.00275, 0
4.73600, -0.00061, 0
4.74640, -0.00031, 0
4.75680, 0.00427, 0
4.76720, -0.00305, 0
4.77760, -0.00427, 0
4.78800, -0.00061, 0
4.79840, -0.00214, 0
4.80890, 0.00000, 0
4.81930, 0.00031, 0
4.82970, -0.00305, 0
4.84010, -0.00031, 0
4.85050, 0.00366, 0
4.86090, 0.00000, 0
4.87130, -0.00061, 0
4.88170, -0.00122, 0
4.89210, 0.00580, 0
4.90250, -0.00153, 0
4.91290, 0.00061, 0
4.92340, -0.00397, 0
4.93380, 0.00183, 0
4.94420, -0.00122, 0
4.95460, 0.00031, 0
4.96500, 0.00122, 0
4.97540, 0.00275, 0
4.98580, 0.00153, 0
4.99620, -0.00427, 0
5.00660, 0.00031, 0
5.01700, 0.00122, 0
5.02740, -0.00214, 0
5.03790, 0.00214, 0
5.04830, -0.00305, 0
5.05870, -0.00183, 0
5.06910, -0.00031, 0
5.07950, -0.00183, 0
5.08990, 0.00214, 0
5.10030, 0.00732, 0
5.11070, 0.00000, 0
5.12110, -0.00092, 0
5.13150, -0.00183, 0
5.14190, 0.00153, 0
5.15240, 0.00458, 0
5.16280, -0.00244, 0
5.17320, -0.00122, 0
5.18360, -0.00061, 0
5.19400, 0.00061, 0
5.20440, 0.00580, 0
5.21480, 0.00061, 0
5.22520, -0.00702, 0
5.23560, -0.00061, 0
5.24600, 0.00031, 0
5.25640, 0.00092, 0
5.26680, -0.00275, 0
5.27730, -0.00183, 0
5.28770, -0.00031, 0
5.29810, 0.00214, 0
5.30850, -0.00397, 0
5.31890, 0.00061, 0
5.32930, -0.00214, 0
5.33970, -0.00153, 0
5.35010, -0.00305, 0
5.36050, 0.00061, 0
5.37090, 0.00305, 0
5.38130, 0.00122, 0
5.39180, 0.00305, 0
5.40220, -0.00061, 0
5.41260, 0.00275, 0
5.42300, -0.00061, 0
5.43340, -0.00122, 0
5.44380, -0.00397, 0
5.45420, 0.00000, 0
5.46460, -0.00214, 0
5.47500, 0.00061, 0
5.48540, -0.00092, 0
5.49580, 0.00122, 0
5.50630, 0.00458, 0
5.51670, 0.00000, 0
5.52710, 0.00000, 0
5.53750, 0.00061, 0
5.54790, -0.00122, 0
5.55830, 0.00702, 0
5.56870, -0.00061, 0
5.57910, -0.00061, 0
5.58950, -0.00580, 0
5.59990, 0.00031, 0
5.61030, -0.00244, 0
5.62080, -0.00244, 0
5.63120, 0.00885, 0
5.64160, -0.00183, 0
5.65200, -0.00153, 0
5.66240, 0.00275, 0
5.67280, -0.00092, 0
5.68320, -0.00305, 0
5.69360, 0.00122, 0
5.70400, -0.00214, 0
5.71440, -0.00031, 0
5.72480, -0.00549, 0
5.73520, -0.00122, 0
5.74570, 0.00000, 0
5.75610, 0.00427, 0
5.76650, -0.00214, 0
5.77690, -0.00092, 0
5.78730, -0.00763, 0
5.79770, 0.00336, 0
5.80810, 0.00183, 0
5.81850, -0.00397, 0
5.82890, 0.00092, 0
5.83930, -0.00031, 0
5.84970, -0.00183, 0
5.86020, -0.00061, 0
5.87060, 0.00092, 0
5.88100, 0.00732, 0
5.89140, -0.00153, 0
5.90180, -0.00061, 0
5.91220, -0.00183, 0
5.92260, -0.00031, 0
5.93300, 0.00061, 0
5.94340, -0.00122, 0
5.95380, 0.00580, 0
5.96420, 0.00183, 0
5.97470, -0.00092, 0
5.98510, 0.00458, 0
5.99550, -0.00244, 0
6.00590, -0.00519, 0
6.01630, 0.00000, 0
6.02670, 0.00061, 0
6.03710, 0.00610, 0
6.04750, -0.00031, 0
6.05790, -0.00122, 0
6.06830, 0.00244, 0
6.07870, -0.00153, 0
6.08920, 0.00244, 0
6.09960, -0.00031, 0
6.11000, 0.00061, 0
6.12040, 0.00336, 0
6.13080, -0.00122, 0
6.14120, 0.00031, 0
6.15160, -0.00244, 0
6.16200, -0.00061, 0
6.17240, -0.00305, 0
6.18280, -0.00031, 0
6.19320, 0.00275, 0
6.20360, 0.00458, 0
6.21410, 0.00122, 0
6.22450, -0.00092, 0
6.23490, -0.00122, 0
6.24530, -0.00092, 0
6.25570, -0.00122, 0
6.26610, 0.00305, 0
6.27650, -0.00061, 0
6.28690, -0.00336, 0
6.29730, -0.00092, 0
6.30770, -0.00519, 0
6.31810, -0.00305, 0
6.32860, -0.00183, 0
6.33900, -0.00366, 0
6.34940, -0.00031, 0
6.35980, -0.00122, 0
6.37020, -0.00122, 0
6.38060, 0.00061, 0
6.39100, -0.00153, 0
6.40140, -0.00244, 0
6.41180, 0.00061, 0
6.42220, -0.00122, 0
6.43260, -0.00061, 0
6.44310, -0.00244, 0
6.45350, 0.00732, 0
6.46390, 0.00092, 0
6.47430, 0.00214, 0
6.48470, -0.00061, 0
6.49510, 0.00061, 0
6.50550, -0.00031, 0
6.51590, -0.00061, 0
6.52630, -0.00244, 0
6.53670, 0.00427, 0
6.54710, 0.00549, 0
6.55760, 0.00122, 0
6.56800, 0.00122, 0
6.57840, 0.00397, 0
6.58880, 0.00153, 0
6.59920, -0.00183, 0
6.60960, -0.00092, 0
6.62000, 0.00000, 0
6.63040, 0.00580, 0
6.64080, 0.00122, 0
6.65120, 0.00000, 0
6.66160, 0.00031, 0
6.67200, 0.00519, 0
6.68250, -0.00092, 0
6.69290, -0.00153, 0
6.70330, -0.00031, 0
6.71370, -0.00031, 0
6.72410, 0.00061, 0
6.73450, 0.00214, 0
6.74490, -0.00122, 0
6.75530, 0.00122, 0
6.76570, 0.00244, 0
6.77610, -0.00244, 0
6.78650, 0.00427, 0
6.79700, -0.00031, 0
6.80740, -0.00305, 0
6.81780, 0.00671, 0
6.82820, 0.00031, 0
6.83860, 0.00336, 0
6.84900, -0.00061, 0
6.85940, 0.00031, 0
6.86980, -0.00122, 0
6.88020, -0.00092, 0
6.89060, -0.00031, 0
6.90100, 0.00427, 0
6.91150, 0.00031, 0
6.92190, -0.00244, 0
6.93230, -0.00122, 0
6.94270, -0.00275, 0
6.95310, -0.00153, 0
6.96350, -0.00092, 0
6.97390, -0.00031, 0
6.98430, -0.00031, 0
6.99470, -0.00275, 0
7.00510, -0.00397, 0
7.01550, -0.00092, 0
7.02600, -0.00305, 0
7.03640, -0.00092, 0
7.04680, -0.00092, 0
7.05720, -0.00031, 0
7.06760, 0.00427, 0
7.07800, -0.00122, 0
7.08840, 0.00336, 0
7.09880, -0.00488, 0
7.10920, 0.00153, 0
7.11960, 0.00244, 0
7.13000, -0.00549, 0
7.14040, -0.00092, 0
7.15090, -0.00061, 0
7.16130, -0.00244, 0
7.17170, -0.00397, 0
7.18210, 0.00061, 0
7.19250, 0.00153, 0
7.20290, 0.00458, 0
7.21330, 0.00092, 0
7.22370, 0.00000, 0
7.23410, -0.00031, 0
7.24450, 0.00031, 0
7.25490, 0.00000, 0
7.26540, 0.00122, 0
7.27580, -0.00183, 0
7.28620, -0.00031, 0
7.29660, -0.00366, 0
7.30700, 0.00153, 0
7.31740, -0.00061, 0
7.32780, 0.00092, 0
7.33820, -0.00031, 0
7.34860, -0.00183, 0
7.35900, 0.00488, 0
7.36940, -0.00214, 0
7.37990, 0.00244, 0
7.39030, 0.00092, 0
7.40070, -0.00092, 0
7.41110, 0.00000, 0
7.42150, 0.00336, 0
7.43190, 0.00000, 0
7.44230, -0.00793, 0
7.45270, 0.00519, 0
7.46310, -0.00366, 0
7.47350, -0.00397, 0
7.48390, 0.00061, 0
7.49440, 0.00000, 0
7.50480, 0.00092, 0
7.51520, 0.00092, 0
7.52560, 0.00031, 0
7.53600, 0.00092, 0
7.54640, 0.00061, 0
7.55680, -0.00092, 0
7.56720, 0.00458, 0
7.57760, -0.00031, 0
7.58800, -0.00153, 0
7.59840, 0.00671, 0
7.60880, 0.00153, 0
7.61930, -0.00031, 0
7.62970, -0.00092, 0
7.64010, -0.00092, 0
7.65050, 0.00519, 0
7.66090, -0.00031, 0
7.67130, 0.00671, 0
7.68170, 0.00732, 0
7.69210, 0.00183, 0
7.70250, -0.00092, 0
7.71290, 0.00397, 0
7.72330, -0.00153, 0
7.73380, 0.00061, 0
7.74420, 0.00244, 0
7.75460, -0.00488, 0
7.76500, -0.00244, 0
7.77540, -0.00061, 0
7.78580, -0.00305, 0
7.79620, -0.00458, 0
7.80660, -0.00214, 0
7.81700, 0.00275, 0
7.82740, 0.00214, 0
7.83780, -0.00244, 0
7.84830, -0.00244, 0
7.85870, -0.00092, 0
7.86910, 0.00000, 0
7.87950, 0.00061, 0
7.88990, -0.00061, 0
7.90030, -0.00671, 0
7.91070, -0.00183, 0
7.92110, 0.00031, 0
7.93150, 0.00610, 0
7.94190, 0.00061, 0
7.95230, 0.00092, 0
7.96280, 0.00519, 0
7.97320, -0.00763, 0
7.98360, 0.00031, 0
7.99400, 0.00305, 0
8.00440, -0.00153, 0
8.01480, -0.00092, 0
8.02520, -0.00214, 0
8.03560, 0.00031, 0
8.04600, 0.00153, 0
8.05640, -0.00824, 0
8.06680, 0.00153, 0
8.07720, -0.00092, 0
8.08770, -0.00275, 0
8.09810, 0.00183, 0
8.10850, 0.00397, 0
8.11890, -0.00031, 0
8.12930, 0.00092, 0
8.13970, 0.00488, 0
8.15010, 0.00092, 0
8.16050, -0.00488, 0
8.17090, 0.00000, 0
8.18130, 0.00031, 0
8.19170, 0.00122, 0
8.20220, 0.00122, 0
8.21260, -0.00183, 0
8.22300, -0.00244, 0
8.23340, -0.00031, 0
8.24380, -0.00122, 0
8.25420, -0.00031, 0
8.26460, -0.00641, 0
8.27500, 0.00061, 0
8.28540, 0.00153, 0
8.29580, -0.00061, 0
8.30620, 0.00397, 0
8.31670, 0.00153, 0
8.32710, 0.00305, 0
8.33750, -0.00031, 0
8.34790, 0.00122, 0
8.35830, -0.00214, 0
8.36870, 0.00153, 0
8.37910, 0.00854, 0
8.38950, -0.00092, 0
8.39990, -0.00153, 0
8.41030, -0.00031, 0
8.42070, -0.00214, 0
8.43120, 0.00122, 0
8.44160, 0.00153, 0
8.45200, -0.00092, 0
8.46240, 0.00031, 0
8.47280, 0.00153, 0
8.48320, -0.00031, 0
8.49360, 0.00519, 0
8.50400, 0.00244, 0
8.51440, -0.00244, 0
8.52480, 0.00061, 0
8.53520, 0.00427, 0
8.54560, -0.00092, 0
8.55610, 0.00244, 0
8.56650, 0.00519, 0
8.57690, -0.00031, 0
8.58730, 0.00122, 0
8.59770, -0.00427, 0
8.60810, -0.00397, 0
8.61850, -0.00153, 0
8.62890, 0.00519, 0
8.63930, 0.00183, 0
8.64970, -0.00671, 0
8.66010, -0.00214, 0
8.67060, -0.00122, 0
8.68100, 0.00427, 0
8.69140, -0.00366, 0
8.70180, 0.00214, 0
8.71220, 0.00000, 0
8.72260, 0.00275, 0
8.73300, 0.00122, 0
8.74340, -0.00488, 0
8.75380, 0.00183, 0
8.76420, -0.00122, 0
8.77460, -0.00519, 0
8.78510, 0.00031, 0
8.79550, -0.00061, 0
8.80590, 0.00488, 0
8.81630, -0.00061, 0
8.82670, -0.00244, 0
8.83710, -0.00366, 0
8.84750, 0.00305, 0
8.85790, -0.00031, 0
8.86830, -0.00031, 0
8.87870, 0.00031, 0
8.88910, -0.00183, 0
8.89960, 0.00488, 0
8.91000, -0.00031, 0
8.92040, -0.00031, 0
8.93080, 0.00732, 0
8.94120, 0.00000, 0
8.95160, 0.00061, 0
8.96200, -0.00122, 0
8.97240, 0.00092, 0
8.98280, 0.00061, 0
8.99320, -0.00031, 0
9.00360, 0.00549, 0
9.01400, -0.00031, 0
9.02450, 0.00092, 0
9.03490, -0.00366, 0
9.04530, 0.00000, 0
9.05570, -0.00885, 0
9.06610, -0.00122, 0
9.07650, -0.00031, 0
9.08690, 0.00092, 0
9.09730, 0.00366, 0
9.10770, -0.00183, 0
9.11810, -0.00092, 0
9.12850, -0.00092, 0
9.13900, 0.00031, 0
9.14940, 0.00702, 0
9.15980, -0.00122, 0
9.17020, 0.00061, 0
9.18060, -0.00519, 0
9.19100, -0.00305, 0
9.20140, -0.00488, 0
9.21180, -0.00275, 0
9.22220, 0.00122, 0
9.23260, -0.00031, 0
9.24300, -0.00671, 0
9.25350, -0.00122, 0
9.26390, -0.00244, 0
9.27430, 0.00183, 0
9.28470, -0.00031, 0
9.29510, -0.00183, 0
9.30550, 0.00519, 0
9.31590, 0.00488, 0
9.32630, -0.00153, 0
9.33670, -0.00092, 0
9.34710, -0.00244, 0
9.35750, -0.00336, 0
9.36800, 0.00031, 0
9.37840, -0.00092, 0
9.38880, -0.00061, 0
9.39920, 0.00305, 0
9.40960, 0.00183, 0
9.42000, -0.00244, 0
9.43040, -0.00183, 0
9.44080, 0.00031, 0
9.45120, -0.00031, 0
9.46160, 0.00031, 0
9.47200, 0.00061, 0
9.48240, -0.00031, 0
9.49290, 0.00061, 0
9.50330, -0.00214, 0
9.51370, -0.00092, 0
9.52410, 0.00336, 0
9.53450, 0.00000, 0
9.54490, -0.00366, 0
9.55530, 0.00183, 0
9.56570, -0.00092, 0
9.57610, -0.00122, 0
9.58650, 0.00427, 0
9.59690, -0.00061, 0
9.60740, 0.00885, 0
9.61780, -0.00031, 0
9.62820, 0.00031, 0
9.63860, 0.00061, 0
9.64900, 0.00092, 0
9.65940, 0.00275, 0
9.66980, 0.00153, 0
9.68020, 0.00031, 0
9.69060, -0.00092, 0
9.70100, 0.00153, 0
9.71140, 0.00458, 0
9.72190, -0.00183, 0
9.73230, -0.00122, 0
9.74270, -0.00244, 0
9.75310, 0.00336, 0
9.76350, 0.00488, 0
9.77390, 0.00122, 0
9.78430, 0.00061, 0
9.79470, -0.00122, 0
9.80510, 0.00122, 0
9.81550, 0.00061, 0
9.82590, -0.00336, 0
9.83640, 0.00000, 0
9.84680, 0.00519, 0
9.85720, 0.00000, 0
9.86760, 0.00305, 0
9.87800, 0.00092, 0
9.88840, -0.00305, 0
9.89880, 0.00061, 0
9.90920, -0.00092, 0
9.91960, -0.00305, 0
9.93000, -0.00153, 0
9.94040, -0.00336, 0
9.95080, 0.00061, 0
9.96130, -0.00427, 0
9.97170, -0.00214, 0
9.98210, 0.00366, 0
9.99250, -0.00031, 0
10.00290, 0.00000, 0
10.01330, -0.00549, 0
10.02370, -0.00214, 0
10.03410, 0.00061, 0
10.04450, -0.00122, 0
10.05490, -0.00153, 0
10.06530, -0.00031, 0
10.07580, 0.00732, 0
10.08620, -0.00092, 0
10.09660, -0.00153, 0
10.10700, -0.00244, 0
10.11740, -0.00214, 0
10.12780, -0.00214, 0
10.13820, -0.00092, 0
10.14860, 0.00061, 0
10.15900, 0.00061, 0
10.16940, 0.00031, 0
10.17980, 0.00153, 0
10.19030, -0.00061, 0
10.20070, -0.00061, 0
10.21110, 0.00092, 0
10.22150, 0.00092, 0
10.23190, -0.00092, 0
10.24230, 0.00763, 0
10.25270, 0.00183, 0
10.26310, -0.00305, 0
10.27350, -0.00031, 0
10.28390, 0.00488, 0
10.29430, -0.00122, 0
10.30480, 0.00092, 0
10.31520, 0.00488, 0
10.32560, 0.00000, 0
10.33600, -0.00122, 0
10.34640, 0.00549, 0
10.35680, -0.00061, 0
10.36720, -0.00183, 0
10.37760, 0.00366, 0
10.38800, 0.00153, 0
10.39840, -0.00366, 0
10.40880, 0.00305, 0
10.41920, -0.00153, 0
10.42970, -0.00092, 0
10.44010, 0.00183, 0
10.45050, -0.00763, 0
10.46090, 0.00092, 0
10.47130, -0.00336, 0
10.48170, 0.00305, 0
10.49210, 0.00092, 0
10.50250, 0.00061, 0
10.51290, -0.00031, 0
10.52330, -0.00305, 0
10.53370, -0.00336, 0
10.54420, 0.00305, 0
10.55460, 0.00031, 0
10.56500, 0.00244, 0
10.57540, 0.00183, 0
10.58580, 0.00153, 0
10.59620, 0.00061, 0
10.60660, -0.00092, 0
10.61700, -0.00519, 0
10.62740, -0.00214, 0
10.63780, 0.00061, 0
10.64820, 0.00000, 0
10.65870, 0.00122, 0
10.66910, 0.00305, 0
10.67950, -0.00214, 0
10.68990, -0.00031, 0
10.70030, -0.00061, 0
10.71070, 0.00366, 0
10.72110, 0.00702, 0
10.73150, 0.00153, 0
10.74190, 0.00122, 0
10.75230, 0.00122, 0
10.76270, 0.00153, 0
10.77320, 0.00580, 0
10.78360, -0.00122, 0
10.79400, -0.00214, 0
10.80440, 0.00641, 0
10.81480, 0.00214, 0
10.82520, 0.00458, 0
10.83560, 0.00671, 0
10.84600, 0.00031, 0
10.85640, -0.00092, 0
10.86680, 0.00183, 0
10.87720, 0.00000, 0
10.88760, 0.00000, 0
10.89810, -0.00092, 0
10.90850, -0.00214, 0
10.91890, 0.00122, 0
10.92930, -0.00092, 0
10.93970, 0.00061, 0
10.95010, -0.00122, 0
10.96050, 0.00885, 0
10.97090, 0.00305, 0
10.98130, 0.00275, 0
10.99170, -0.00092, 0
11.00210, 0.00000, 0
11.01260, -0.00641, 0
11.02300, -0.00458, 0
11.03340, -0.00061, 0
11.04380, -0.00183, 0
11.05420, -0.00275, 0
11.06460, 0.00061, 0
11.07500, 0.00183, 0
11.08540, 0.00702, 0
11.09580, 0.00610, 0
11.10620, -0.00214, 0
11.11660, 0.00031, 0
11.12710, -0.00275, 0
11.13750, -0.00153, 0
11.14790, 0.00000, 0
11.15830, 0.00000, 0
11.16870, 0.00946, 0
11.17910, -0.00031, 0
11.18950, 0.00305, 0
11.19990, 0.00397, 0
11.21030, -0.00031, 0
11.22070, -0.00031, 0
11.23110, 0.00702, 0
11.24160, 0.00153, 0
11.25200, -0.00122, 0
11.26240, -0.00214, 0
11.27280, 0.00397, 0
11.28320, -0.00031, 0
11.29360, 0.00000, 0
11.30400, 0.00427, 0
11.31440, 0.00336, 0
11.32480, 0.00000, 0
11.33520, 0.00214, 0
11.34560, -0.00397, 0
11.35600, -0.00153, 0
11.36650, -0.00366, 0
11.37690, 0.00061, 0
11.38730, -0.00122, 0
11.39770, -0.00397, 0
11.40810, -0.00214, 0
11.41850, -0.00305, 0
11.42890, -0.00092, 0
11.43930, -0.00458, 0
11.44970, 0.00061, 0
11.46010, 0.00092, 0
11.47050, -0.00061, 0
11.48100, 0.00031, 0
11.49140, 0.00671, 0
11.50180, 0.00793, 0
11.51220, -0.00244, 0
11.52260, -0.00183, 0
11.53300, 0.00275, 0
11.54340, -0.00122, 0
11.55380, -0.00092, 0
11.56420, 0.00702, 0
11.57460, 0.00610, 0
11.58500, 0.00000, 0
11.59550, -0.00153, 0
11.60590, -0.00214, 0
11.61630, -0.00336, 0
11.62670, -0.00183, 0
11.63710, -0.00610, 0
11.64750, -0.00763, 0
11.65790, 0.00061, 0
11.66830, 0.00366, 0
11.67870, -0.00061, 0
11.68910, 0.00092, 0
11.69950, -0.00153, 0
11.71000, -0.00031, 0
11.72040, -0.00031, 0
11.73080, 0.00061, 0
11.74120, -0.00092, 0
11.75160, -0.00031, 0
11.76200, -0.00214, 0
11.77240, -0.00092, 0
11.78280, 0.00275, 0
11.79320, 0.00122, 0
11.80360, 0.00092, 0
11.81400, -0.00122, 0
11.82440, -0.00275, 0
11.83490, 0.00336, 0
11.84530, 0.00122, 0
11.85570, -0.00031, 0
11.86610, -0.00183, 0
11.87650, 0.00397, 0
11.88690, -0.00031, 0
11.89730, 0.00214, 0
11.90770, -0.00061, 0
11.91810, -0.00244, 0
11.92850, 0.00000, 0
11.93890, -0.00031, 0
11.94940, -0.00458, 0
11.95980, -0.00031, 0
11.97020, -0.00275, 0
11.98060, -0.00061, 0
11.99100, 0.00061, 0
12.00140, -0.00092, 0
12.01180, -0.00458, 0
12.02220, -0.00061, 0
12.03260, 0.00275, 0
12.04300, -0.00549, 0
12.05340, -0.00275, 0
12.06390, -0.00092, 0
12.07430, 0.00061, 0
12.08470, -0.00275, 0
12.09510, -0.00397, 0
12.10550, 0.00153, 0
12.11590, 0.00000, 0
12.12630, -0.00092, 0
12.13670, 0.00061, 0
12.14710, -0.00610, 0
12.15750, -0.00488, 0
12.16790, 0.00092, 0
12.17840, -0.00061, 0
12.18880, 0.00275, 0
12.19920, 0.00061, 0
12.20960, -0.00122, 0
12.22000, 0.00153, 0
12.23040, 0.00061, 0
12.24080, -0.00153, 0
12.25120, -0.00214, 0
12.26160, -0.00305, 0
12.27200, 0.00000, 0
12.28240, 0.00061, 0
12.29280, 0.00153, 0
12.30330, 0.00092, 0
12.31370, 0.00244, 0
12.32410, 0.00092, 0
12.33450, -0.00031, 0
12.34490, -0.00092, 0
12.35530, 0.00580, 0
12.36570, 0.00000, 0
12.37610, -0.00214, 0
12.38650, -0.00610, 0
12.39690, -0.00153, 0
12.40730, -0.00031, 0
12.41780, 0.00214, 0
12.42820, 0.00092, 0
12.43860, -0.00183, 0
12.44900, -0.00061, 0
12.45940, 0.00366, 0
12.46980, 0.00000, 0
12.48020, 0.00000, 0
12.49060, 0.00031, 0
12.50100, 0.00061, 0
12.51140, -0.00305, 0
12.52180, 0.00183, 0
12.53230, 0.00366, 0
12.54270, 0.00092, 0
12.55310, 0.00031, 0
12.56350, -0.00031, 0
12.57390, 0.00458, 0
12.58430, -0.00183, 0
12.59470, 0.00458, 0
12.60510, 0.00000, 0
12.61550, 0.00153, 0
12.62590, -0.00275, 0
12.63630, -0.00031, 0
12.64680, -0.00061, 0
12.65720, -0.00122, 0
12.66760, 0.00214, 0
12.67800, -0.00122, 0
12.68840, -0.00244, 0
12.69880, 0.00000, 0
12.70920, -0.00244, 0
12.71960, 0.00702, 0
12.73000, -0.00061, 0
12.74040, 0.00244, 0
12.75080, -0.00610, 0
12.76120, -0.00122, 0
12.77170, -0.00244, 0
12.78210, 0.00153, 0
12.79250, 0.00305, 0
12.80290, 0.00061, 0
12.81330, 0.00244, 0
12.82370, -0.00397, 0
12.83410, 0.00000, 0
12.84450, 0.00061, 0
12.85490, -0.00031, 0
12.86530, 0.00031, 0
12.87570, 0.00122, 0
12.88620, 0.00305, 0
12.89660, -0.00366, 0
12.90700, -0.00061, 0
12.91740, 0.00214, 0
12.92780, -0.00031, 0
12.93820, 0.00122, 0
12.94860, 0.00153, 0
12.95900, 0.00397, 0
12.96940, -0.00336, 0
12.97980, -0.00183, 0
12.99020, -0.00061, 0
13.00070, 0.00031, 0
13.01110, 0.00183, 0
13.02150, -0.00427, 0
13.03190, -0.00092, 0
13.04230, -0.00061, 0
13.05270, 0.00000, 0
13.06310, 0.00244, 0
13.07350, -0.00183, 0
13.08390, 0.00031, 0
13.09430, 0.00000, 0
13.10470, 0.00061, 0
13.11520, -0.00671, 0
13.12560, -0.00031, 0
13.13600, 0.00122, 0
13.14640, 0.00183, 0
13.15680, 0.00427, 0
13.16720, 0.00061, 0
13.17760, -0.00153, 0
13.18800, 0.00092, 0
13.19840, 0.00092, 0
13.20880, 0.00122, 0
13.21920, 0.00336, 0
13.22960, 0.00275, 0
13.24010, -0.00061, 0
13.25050, -0.00153, 0
13.26090, -0.00610, 0
13.27130, 0.00183, 0
13.28170, -0.00092, 0
13.29210, -0.00519, 0
13.30250, -0.00061, 0
13.31290, 0.00031, 0
13.32330, -0.00305, 0
13.33370, -0.00275, 0
13.34410, 0.00092, 0
13.35460, 0.00427, 0
13.36500, -0.00092, 0
13.37540, -0.00122, 0
13.38580, 0.00061, 0
13.39620, 0.00092, 0
13.40660, -0.00244, 0
13.41700, 0.00122, 0
13.42740, 0.00641, 0
13.43780, 0.00000, 0
13.44820, -0.00305, 0
13.45860, 0.00641, 0
13.46910, -0.00061, 0
13.47950, -0.00153, 0
13.48990, 0.00153, 0
13.50030, 0.00793, 0
13.51070, 0.00061, 0
13.52110, -0.00214, 0
13.53150, 0.00458, 0
13.54190, 0.00061, 0
13.55230, 0.00122, 0
13.56270, -0.00153, 0
13.57310, -0.00092, 0
13.58360, -0.00031, 0
13.59400, -0.00183, 0
13.60440, 0.00244, 0
13.61480, -0.00214, 0
13.62520, -0.00061, 0
13.63560, 0.00244, 0
13.64600, -0.00671, 0
13.65640, 0.00000, 0
13.66680, -0.00061, 0
13.67720, 0.00244, 0
13.68760, -0.00153, 0
13.69800, -0.00397, 0
13.70850, -0.00763, 0
13.71890, -0.00092, 0
13.72930, -0.00031, 0
13.73970, 0.00061, 0
13.75010, -0.00031, 0
13.76050, 0.00122, 0
13.77090, 0.00122, 0
13.78130, -0.00519, 0
13.79170, -0.00214, 0
13.80210, -0.00122, 0
13.81250, 0.00000, 0
13.82300, -0.00122, 0
13.83340, -0.00549, 0
13.84380, -0.00275, 0
13.85420, -0.00122, 0
13.86460, -0.00336, 0
13.87500, 0.00122, 0
13.88540, -0.00153, 0
13.89580, -0.00122, 0
13.90620, -0.00092, 0
13.91660, -0.00092, 0
13.92700, 0.00458, 0
13.93750, 0.00000, 0
13.94790, 0.00031, 0
13.95830, 0.00824, 0
13.96870, 0.00580, 0
13.97910, -0.00305, 0
13.98950, -0.00244, 0
13.99990, 0.00061, 0
14.01030, 0.00153, 0
14.02070, 0.00458, 0
14.03110, -0.00275, 0
14.04150, 0.00305, 0
14.05200, 0.00427, 0
14.06240, 0.00061, 0
14.07280, -0.00092, 0
14.08320, -0.00122, 0
14.09360, 0.00366, 0
14.10400, 0.00153, 0
14.11440, 0.00336, 0
14.12480, -0.00092, 0
14.13520, 0.00122, 0
14.14560, -0.00092, 0
14.15600, -0.00031, 0
14.16640, -0.00122, 0
14.17690, -0.00183, 0
14.18730, -0.00580, 0
14.19770, 0.00214, 0
14.20810, -0.00031, 0
14.21850, -0.00031, 0
14.22890, -0.00031, 0
14.23930, -0.00153, 0
14.24970, 0.00122, 0
14.26010, -0.00092, 0
14.27050, -0.00214, 0
14.28090, -0.00214, 0
14.29140, -0.00183, 0
14.30180, -0.00061, 0
14.31220, -0.00488, 0
14.32260, 0.00031, 0
14.33300, -0.00092, 0
14.34340, -0.00397, 0
14.35380, 0.00000, 0
14.36420, 0.00092, 0
14.37460, 0.00031, 0
14.38500, -0.00092, 0
14.39540, 0.00000, 0
14.40590, -0.00671, 0
14.41630, -0.00458, 0
14.42670, 0.00153, 0
14.43710, 0.00244, 0
14.44750, 0.00122, 0
14.45790, 0.00061, 0
14.46830, -0.00183, 0
14.47870, 0.00092, 0
14.48910, 0.00061, 0
14.49950, -0.00092, 0
14.50990, 0.00000, 0
14.52040, 0.00458, 0
14.53080, -0.00061, 0
14.54120, -0.00031, 0
14.55160, -0.00092, 0
14.56200, -0.00061, 0
14.57240, 0.00031, 0
14.58280, -0.00031, 0
14.59320, -0.00214, 0
14.60360, 0.00336, 0
14.61400, 0.00031, 0
14.62440, -0.00061, 0
14.63480, 0.00031, 0
14.64530, 0.00031, 0
14.65570, 0.00092, 0
14.66610, 0.00092, 0
14.67650, 0.00031, 0
14.68690, -0.00122, 0
14.69730, 0.00214, 0
14.70770, 0.00397, 0
14.71810, -0.00458, 0
14.72850, -0.00244, 0
14.73890, -0.00519, 0
14.74930, 0.00275, 0
14.75980, -0.00610, 0
14.77020, -0.00122, 0
14.78060, 0.00397, 0
14.79100, -0.00122, 0
14.80140, -0.00183, 0
14.81180, 0.00580, 0
14.82220, 0.00122, 0
14.83260, -0.00122, 0
14.84300, 0.00122, 0
14.85340, -0.00763, 0
14.86380, 0.00000, 0
14.87430, -0.00092, 0
14.88470, -0.00488, 0
14.89510, -0.00122, 0
14.90550, -0.00488, 0
14.91590, -0.00336, 0
14.92630, 0.00122, 0
14.93670, -0.00092, 0
14.94710, -0.00122, 0
14.95750, -0.00275, 0
14.96790, -0.00122, 0
14.97830, -0.00214, 0
14.98880, 0.00092, 0
14.99920, 0.00092, 0
15.00960, 0.00275, 0
15.02000, -0.00549, 0
15.03040, -0.00153, 0
15.04080, -0.00244, 0
15.05120, 0.00244, 0
15.06160, -0.00336, 0
15.07200, 0.00153, 0
15.08240, -0.00122, 0
15.09280, 0.00031, 0
15.10320, 0.00092, 0
15.11370, -0.00214, 0
15.12410, 0.00000, 0
15.13450, 0.00031, 0
15.14490, 0.00549, 0
15.15530, -0.00275, 0
15.16570, 0.00061, 0
15.17610, 0.00000, 0
15.18650, 0.00305, 0
15.19690, -0.00092, 0
15.20730, -0.00031, 0
15.21770, -0.00061, 0
15.22820, 0.00061, 0
15.23860, -0.00122, 0
15.24900, 0.00092, 0
15.25940, 0.00031, 0
15.26980, 0.00000, 0
15.28020, 0.00427, 0
15.29060, 0.00061, 0
15.30100, 0.00061, 0
15.31140, -0.00031, 0
15.32180, -0.00244, 0
15.33220, -0.00061, 0
15.34270, 0.00336, 0
15.35310, -0.00244, 0
15.36350, 0.00000, 0
15.37390, 0.00549, 0
15.38430, -0.00214, 0
15.39470, -0.00031, 0
15.40510, 0.00153, 0
15.41550, 0.00031, 0
15.42590, 0.00183, 0
15.43630, 0.00336, 0
15.44670, -0.00427, 0
15.45720, -0.00153, 0
15.46760, 0.00061, 0
15.47800, -0.00366, 0
15.48840, -0.00031, 0
15.49880, -0.00092, 0
15.50920, 0.00092, 0
15.51960, -0.00122, 0
15.53000, -0.00397, 0
15.54040, 0.00153, 0
15.55080, 0.00061, 0
15.56120, 0.00397, 0
15.57160, 0.00000, 0
15.58210, 0.00092, 0
15.59250, 0.00031, 0
15.60290, 0.00397, 0
15.61330, 0.00671, 0
15.62370, 0.00183, 0
15.63410, 0.00061, 0
15.64450, 0.00366, 0
15.65490, -0.00122, 0
15.66530, -0.00122, 0
15.67570, -0.00671, 0
15.68610, 0.00092, 0
15.69660, -0.00214, 0
15.70700, -0.00275, 0
15.71740, -0.00153, 0
15.72780, -0.00671, 0
15.73820, -0.00244, 0
15.74860, 0.00580, 0
15.75900, -0.00031, 0
15.76940, -0.00244, 0
15.77980, -0.00122, 0
15.79020, 0.00122, 0
15.80060, 0.00244, 0
15.81110, -0.00397, 0
15.82150, 0.00122, 0
15.83190, 0.00183, 0
15.84230, -0.00153, 0
15.85270, -0.00122, 0
15.86310, 0.00275, 0
15.87350, -0.00214, 0
15.88390, 0.00092, 0
15.89430, -0.00580, 0
15.90470, -0.00061, 0
15.91510, 0.00183, 0
15.92560, -0.00183, 0
15.93600, -0.00031, 0
15.94640, 0.00793, 0
15.95680, -0.00183, 0
15.96720, 0.00397, 0
15.97760, 0.00214, 0
15.98800, 0.00000, 0
15.99840, 0.00092, 0
16.00880, 0.00153, 0
16.01920, 0.00153, 0
16.02960, -0.00092, 0
16.04000, 0.00153, 0
16.05050, 0.00397, 0
16.06090, 0.00122, 0
16.07130, 0.00183, 0
16.08170, -0.00092, 0
16.09210, -0.00153, 0
16.10250, 0.00000, 0
16.11290, -0.00275, 0
16.12330, 0.00031, 0
#2021-07-21 11:24:59
