#2021-08-02 18:38:28
0.00000, 0.00000, 27286
0.01040, 0.00000, 27320
0.02080, -0.00183, 27054
0.03120, 0.00061, 26864
0.04160, 0.00031, 26238
0.05200, 0.00061, 27088
0.06240, -0.00092, 26320
0.07280, -0.00427, 26624
0.08320, -0.00031, 26641
0.09360, 0.00000, 26632
0.10400, 0.00793, 26626
0.11440, -0.00458, 26896
0.12490, -0.00122, 26300
0.13530, 0.00061, 26834
0.14570, 0.00031, 26177
0.15610, -0.00031, 26591
0.16650, 0.00000, 26356
0.17690, -0.00092, 26116
0.18730, 0.00214, 26352
0.19770, 0.00061, 27124
0.20810, 0.00519, 26576
0.21850, -0.00031, 26809
0.22890, 0.00275, 26765
0.23940, 0.00214, 26863
0.24980, -0.00336, 25978
0.26020, -0.00031, 26330
0.27060, 0.00061, 26222
0.28100, -0.00244, 26556
0.29140, 0.00092, 26411
0.30180, 0.00214, 25999
0.31220, 0.00336, 25979
0.32260, -0.00366, 26448
0.33300, 0.00122, 26572
0.34340, 0.00153, 26408
0.35390, -0.00061, 26558
0.36430, 0.00702, 26613
0.37470, -0.00061, 26246
0.38510, 0.00092, 27023
0.39550, 0.00549, 26948
0.40590, -0.00244, 25630
0.41630, -0.00122, 26570
0.42670, 0.00244, 26226
0.43710, -0.00366, 26264
0.44750, 0.00336, 27085
0.45790, 0.00305, 26336
0.46840, 0.00244, 26334
0.47880, -0.00610, 25998
0.48920, -0.00031, 26364
0.49960, 0.00000, 27372
0.51000, 0.00153, 26217
0.52040, 0.00031, 26785
0.53080, -0.00244, 26100
0.54120, -0.00031, 27076
0.55160, 0.00366, 26946
0.56200, 0.00031, 26490
0.57240, -0.00183, 26900
0.58280, 0.00092, 25931
0.59330, -0.00275, 26585
0.60370, -0.00092, 26217
0.61410, -0.00214, 26094
0.62450, 0.00427, 25708
0.63490, -0.00122, 26398
0.64530, 0.00305, 25230
0.65570, -0.00458, 25341
0.66610, -0.00061, 25964
0.67650, 0.00153, 25887
0.68690, 0.00000, 26632
0.69730, -0.00092, 26244
0.70780, 0.00244, 25490
0.71820, -0.00153, 25968
0.72860, 0.00427, 25788
0.73900, -0.00122, 25606
0.74940, 0.00244, 26728
0.75980, -0.00031, 26088
0.77020, 0.00092, 25936
0.78060, 0.00153, 26204
0.79100, -0.00336, 26380
0.80140, -0.00153, 25403
0.81180, 0.00305, 26098
0.82230, -0.00336, 26323
0.83270, -0.00427, 26430
0.84310, 0.00092, 26452
0.85350, -0.00153, 26060
0.86390, -0.00031, 27010
0.87430, -0.00153, 26031
0.88470, -0.00397, 26209
0.89510, -0.00092, 26547
0.90550, -0.00092, 26989
0.91590, 0.00122, 26800
0.92630, 0.00061, 26250
0.93680, -0.00610, 26842
0.94720, 0.00183, 26858
0.95760, 0.00916, 26218
0.96800, 0.00244, 25898
0.97840, 0.00153, 25761
0.98880, 0.00214, 26660
0.99920, 0.00031, 26172
1.00960, -0.00671, 26856
1.02000, -0.00092, 26203
1.03040, 0.00092, 26231
1.04080, -0.00244, 26046
1.05120, -0.00092, 26505
1.06170, 0.00153, 26602
1.07210, 0.00031, 26642
1.08250, 0.00183, 26410
1.09290, 0.00336, 26019
1.10330, 0.00519, 25213
1.11370, 0.00732, 26202
1.12410, 0.00397, 26281
1.13450, 0.00244, 25842
1.14490, 0.00153, 26114
1.15530, 0.00122, 26260
1.16570, 0.00275, 26135
1.17620, 0.00031, 26157
1.18660, -0.00183, 25764
1.19700, 0.00153, 26087
1.20740, 0.00000, 25518
1.21780, 0.00122, 26330
1.22820, -0.00031, 26270
1.23860, 0.00092, 26551
1.24900, -0.00183, 25858
1.25940, -0.00275, 26727
1.26980, -0.00305, 26388
1.28020, 0.00305, 27560
1.29070, 0.00336, 26274
1.30110, -0.00122, 25984
1.31150, 0.00000, 27002
1.32190, -0.00549, 26098
1.33230, 0.00000, 26180
1.34270, -0.00366, 25908
1.35310, 0.00610, 26560
1.36350, 0.00214, 25856
1.37390, 0.00336, 26278
1.38430, -0.00122, 26784
1.39470, 0.00458, 25821
1.40520, -0.00580, 26179
1.41560, 0.00061, 26876
1.42600, 0.00854, 25810
1.43640, -0.00122, 26644
1.44680, -0.00214, 25986
1.45720, -0.00214, 25391
1.46760, 0.00244, 26340
1.47800, -0.00244, 26690
1.48840, -0.00366, 26020
1.49880, 0.00671, 26608
1.50920, -0.00244, 25362
1.51960, -0.00031, 26404
1.53010, -0.00244, 25788
1.54050, 0.00732, 26176
1.55090, -0.00397, 25907
1.56130, 0.00153, 25581
1.57170, -0.00427, 26254
1.58210, -0.00244, 25584
1.59250, -0.00061, 26378
1.60290, -0.00122, 26760
1.61330, 0.00000, 25794
1.62370, -0.00092, 25575
1.63410, 0.00549, 26056
1.64460, 0.00000, 26510
1.65500, -0.00214, 26860
1.66540, 0.00153, 25754
1.67580, 0.00031, 26091
1.68620, 0.00153, 26429
1.69660, 0.00092, 25479
1.70700, 0.00519, 26605
1.71740, -0.00549, 26124
1.72780, 0.00641, 26314
1.73820, -0.00122, 26604
1.74860, 0.00153, 25232
1.75910, 0.00244, 25824
1.76950, -0.00458, 24907
1.77990, 0.00122, 25892
1.79030, 0.00122, 26614
1.80070, 0.00122, 25996
1.81110, -0.00153, 26798
1.82150, -0.00214, 26558
1.83190, 0.00366, 26808
1.84230, -0.00092, 27103
1.85270, 0.00305, 26836
1.86310, -0.00488, 25920
1.87360, -0.00214, 26826
1.88400, 0.00061, 26932
1.89440, 0.00031, 25968
1.90480, -0.00153, 26557
1.91520, 0.00397, 25897
1.92560, -0.00061, 26404
1.93600, 0.00031, 26358
1.94640, -0.00336, 25546
1.95680, 0.00031, 26828
1.96720, 0.00092, 27148
1.97760, 0.00061, 26602
1.98800, 0.00031, 25937
1.99850, 0.00092, 26295
2.00890, 0.00031, 26498
2.01930, -0.00153, 26674
2.02970, 0.00153, 26950
2.04010, 0.00519, 25842
2.05050, -0.00122, 26880
2.06090, -0.00092, 25793
2.07130, -0.00244, 26840
2.08170, 0.00427, 26868
2.09210, -0.00244, 26690
2.10250, 0.00244, 26646
2.11300, -0.00122, 26394
2.12340, 0.00092, 25641
2.13380, 0.00061, 26346
2.14420, -0.00244, 26374
2.15460, 0.00793, 26518
2.16500, -0.00092, 26798
2.17540, 0.00305, 26176
2.18580, 0.00305, 26738
2.19620, -0.00305, 25924
2.20660, 0.00031, 26203
2.21700, 0.00122, 26012
2.22750, 0.00183, 26232
2.23790, -0.00061, 26802
2.24830, -0.00092, 26124
2.25870, 0.00397, 26776
2.26910, 0.00031, 26119
2.27950, 0.00061, 25838
2.28990, -0.00366, 25620
2.30030, -0.00183, 26614
2.31070, 0.00183, 25830
2.32110, 0.00122, 26832
2.33150, 0.00000, 25674
2.34200, -0.00092, 26521
2.35240, -0.00214, 25667
2.36280, 0.01068, 26399
2.37320, 0.00153, 25930
2.38360, -0.00214, 26714
2.39400, 0.00061, 26628
2.40440, -0.00336, 26020
2.41480, -0.00366, 26642
2.42520, -0.00061, 26588
2.43560, 0.00244, 26754
2.44600, 0.00061, 26592
2.45640, -0.00366, 25554
2.46690, 0.00885, 26142
2.47730, 0.00763, 26374
2.48770, 0.00458, 26783
2.49810, 0.00275, 26427
2.50850, 0.00336, 26615
2.51890, -0.00244, 25830
2.52930, -0.00488, 26050
2.53970, 0.00763, 25956
2.55010, 0.00214, 25450
2.56050, 0.00793, 26236
2.57090, 0.00153, 26397
2.58140, -0.00519, 25893
2.59180, 0.00031, 26580
2.60220, 0.00153, 26352
2.61260, -0.00336, 25856
2.62300, -0.00397, 25676
2.63340, 0.00061, 25784
2.64380, 0.00427, 26218
2.65420, 0.00122, 26516
2.66460, 0.00092, 26155
2.67500, -0.00031, 26962
2.68540, -0.00732, 26932
2.69590, 0.00122, 27170
2.70630, -0.00183, 25612
2.71670, -0.00092, 26341
2.72710, -0.00061, 26218
2.73750, -0.00122, 26876
2.74790, -0.00061, 27020
2.75830, -0.00153, 26658
2.76870, 0.00000, 26294
2.77910, 0.00061, 26506
2.78950, -0.00275, 26757
2.79990, -0.00305, 26750
2.81040, -0.00336, 25835
2.82080, -0.00305, 26010
2.83120, -0.00641, 26270
2.84160, -0.00061, 26404
2.85200, -0.00488, 26584
2.86240, -0.00244, 26396
2.87280, -0.00092, 26479
2.88320, 0.00031, 26327
2.89360, 0.00122, 26872
2.90400, 0.00000, 26654
2.91440, 0.00580, 26496
2.92480, 0.00732, 26902
2.93530, 0.00366, 26876
2.94570, -0.00153, 26271
2.95610, -0.00366, 26940
2.96650, 0.00824, 27460
2.97690, 0.00366, 26544
2.98730, 0.00000, 25904
2.99770, -0.00122, 26204
3.00810, 0.00092, 26519
3.01850, 0.00214, 26423
3.02890, 0.00092, 26949
3.03930, 0.00092, 26194
3.04980, -0.00336, 26136
3.06020, -0.00031, 26412
3.07060, 0.00031, 26583
3.08100, -0.00122, 26058
3.09140, -0.00122, 26556
3.10180, -0.00336, 27181
3.11220, 0.00153, 27048
3.12260, 0.00000, 26638
3.13300, 0.00336, 26280
3.14340, 0.00336, 26403
3.15380, -0.00061, 26388
3.16430, -0.00671, 26298
3.17470, -0.00092, 26383
3.18510, -0.00092, 26760
3.19550, -0.00031, 26030
3.20590, 0.00061, 26440
3.21630, 0.00153, 26859
3.22670, 0.00153, 26359
3.23710, 0.00031, 26173
3.24750, -0.00061, 25982
3.25790, -0.00122, 27162
3.26830, 0.00031, 26386
3.27880, 0.00092, 26192
3.28920, -0.00031, 25613
3.29960, 0.00031, 26115
3.31000, -0.00122, 26390
3.32040, 0.00458, 26303
3.33080, 0.00061, 26532
3.34120, 0.00397, 26666
3.35160, -0.00061, 26816
3.36200, 0.00000, 26802
3.37240, -0.00610, 26836
3.38280, 0.00244, 26904
3.39320, 0.00183, 26876
3.40370, 0.00031, 26636
3.41410, 0.00397, 25858
3.42450, 0.00061, 25500
3.43490, 0.00153, 25561
3.44530, 0.00793, 25346
3.45570, -0.00336, 25709
3.46610, -0.00397, 26689
3.47650, -0.00305, 26816
3.48690, 0.00092, 27026
3.49730, 0.00122, 26828
3.50770, -0.00031, 26639
3.51820, -0.00061, 26738
3.52860, -0.00336, 25843
3.53900, -0.00305, 26182
3.54940, -0.00397, 26744
3.55980, -0.00061, 25984
3.57020, 0.00122, 26232
3.58060, -0.00366, 25662
3.59100, -0.00031, 25999
3.60140, -0.00183, 26088
3.61180, -0.00122, 26292
3.62220, -0.00122, 26652
3.63270, -0.00275, 26486
3.64310, 0.00214, 25312
3.65350, 0.00031, 26222
3.66390, -0.00092, 25769
3.67430, 0.00397, 26147
3.68470, -0.00397, 26919
3.69510, -0.00031, 25992
3.70550, -0.00031, 26398
3.71590, -0.00061, 27030
3.72630, 0.00458, 26092
3.73670, -0.00458, 25821
3.74720, 0.00061, 25734
3.75760, 0.00031, 25851
3.76800, -0.00061, 25944
3.77840, -0.00458, 25340
3.78880, 0.00061, 26326
3.79920, 0.00061, 26580
3.80960, 0.00092, 26589
3.82000, 0.00000, 26176
3.83040, 0.00641, 26081
3.84080, -0.00458, 26938
3.85120, -0.00305, 27456
3.86160, -0.00092, 27460
3.87210, -0.00153, 26836
3.88250, 0.00458, 26731
3.89290, -0.00275, 25899
3.90330, -0.00336, 25891
3.91370, -0.00061, 26678
3.92410, 0.00031, 27184
3.93450, -0.00061, 26740
3.94490, -0.00122, 25970
3.95530, -0.00061, 26574
3.96570, 0.00641, 26679
3.97610, 0.00763, 26571
3.98660, 0.00305, 25806
3.99700, -0.00092, 25610
4.00740, 0.00061, 26556
4.01780, 0.00000, 26758
4.02820, -0.00122, 26264
4.03860, 0.00153, 26091
4.04900, -0.00275, 26181
4.05940, -0.00275, 26130
4.06980, -0.00244, 26260
4.08020, -0.00092, 25920
4.09060, -0.00183, 26116
4.10110, 0.00092, 26205
4.11150, 0.00305, 26310
4.12190, -0.00092, 25847
4.13230, -0.00092, 25952
4.14270, 0.00183, 25750
4.15310, 0.00305, 25802
4.16350, -0.00031, 25668
4.17390, -0.00092, 25977
4.18430, -0.00122, 25788
4.19470, -0.00153, 25349
4.20510, -0.00031, 26148
4.21560, -0.00214, 26564
4.22600, -0.00031, 25682
4.23640, -0.00153, 25280
4.24680, 0.00244, 26068
4.25720, 0.00092, 25955
4.26760, -0.00763, 25531
4.27800, -0.00092, 26090
4.28840, -0.00275, 26316
4.29880, -0.00214, 26320
4.30920, -0.00397, 26500
4.31960, 0.00000, 26434
4.33000, -0.00671, 26544
4.34050, -0.00427, 25916
4.35090, 0.00122, 25280
4.36130, 0.00000, 25842
4.37170, -0.00580, 25582
4.38210, 0.00305, 25874
4.39250, -0.00305, 26178
4.40290, -0.00275, 25159
4.41330, 0.00366, 25814
4.42370, -0.00122, 27284
4.43410, -0.00061, 26660
4.44450, -0.00305, 26094
4.45500, -0.00031, 26638
4.46540, 0.00916, 26490
4.47580, 0.00580, 26669
4.48620, 0.00275, 25711
4.49660, 0.00183, 25688
4.50700, -0.00153, 25762
4.51740, -0.00061, 25848
4.52780, 0.00031, 26078
4.53820, 0.00458, 26141
4.54860, -0.00427, 26358
4.55900, 0.00031, 26761
4.56950, 0.00946, 26369
4.57990, -0.00244, 26806
4.59030, 0.00031, 26600
4.60070, -0.00031, 25604
4.61110, -0.00336, 25419
4.62150, -0.00488, 25588
4.63190, 0.00702, 26047
4.64230, 0.00488, 26422
4.65270, -0.00061, 25712
4.66310, -0.00122, 26352
4.67350, -0.00031, 27064
4.68400, -0.00122, 26824
4.69440, 0.00214, 26645
4.70480, 0.00061, 26842
4.71520, -0.00336, 26645
4.72560, -0.00031, 27160
4.73600, -0.00183, 26894
4.74640, -0.00122, 26088
4.75680, -0.00122, 26528
4.76720, -0.00061, 26058
4.77760, -0.00244, 26762
4.78800, 0.00061, 27224
4.79840, -0.00061, 26902
4.80890, 0.00671, 26440
4.81930, 0.00061, 27230
4.82970, 0.00549, 27360
4.84010, 0.00305, 26484
4.85050, 0.00214, 25787
4.86090, 0.00244, 25976
4.87130, -0.00244, 25740
4.88170, 0.00366, 26602
4.89210, -0.00122, 26134
4.90250, -0.00092, 27061
4.91290, 0.00214, 26669
4.92340, -0.00061, 26190
4.93380, 0.00092, 27099
4.94420, -0.00061, 26328
4.95460, -0.00275, 25876
4.96500, 0.00183, 26702
4.97540, -0.00275, 26263
4.98580, -0.00183, 26562
4.99620, 0.00031, 26663
5.00660, 0.00214, 26083
5.01700, -0.00336, 26214
5.02740, -0.00061, 26696
5.03790, 0.00000, 25972
5.04830, -0.00427, 26072
5.05870, 0.00519, 26211
5.06910, 0.00641, 26255
5.07950, 0.00183, 25786
5.08990, 0.00061, 25660
5.10030, -0.00305, 25232
5.11070, -0.00061, 25410
5.12110, 0.00214, 26273
5.13150, -0.00092, 26989
5.14190, -0.00183, 26878
5.15240, -0.00061, 26562
5.16280, 0.00092, 25904
5.17320, -0.00366, 26806
5.18360, -0.00031, 26270
5.19400, -0.00275, 27233
5.20440, -0.00793, 27212
5.21480, 0.00244, 25862
5.22520, -0.00183, 26206
5.23560, -0.00122, 26582
5.24600, -0.00031, 26742
5.25640, 0.00183, 26794
5.26680, 0.00183, 26882
5.27730, 0.00000, 26302
5.28770, 0.00122, 26342
5.29810, 0.00031, 26583
5.30850, -0.00244, 26506
5.31890, -0.00122, 26648
5.32930, 0.00000, 26222
5.33970, 0.00549, 26046
5.35010, 0.00031, 26087
5.36050, -0.00336, 26453
5.37090, -0.00031, 26311
5.38130, -0.00214, 26118
5.39180, 0.00153, 25960
5.40220, 0.00092, 26156
5.41260, -0.00336, 26066
5.42300, 0.00061, 26406
5.43340, -0.00153, 26341
5.44380, -0.00031, 25905
5.45420, -0.00183, 25840
5.46460, 0.00092, 25768
5.47500, -0.00763, 25884
5.48540, 0.00397, 26290
5.49580, 0.00061, 26726
5.50630, 0.00183, 27018
5.51670, 0.00061, 26390
5.52710, 0.00092, 26368
5.53750, 0.00397, 25962
5.54790, 0.00824, 25966
5.55830, -0.00275, 25554
5.56870, 0.00122, 25672
5.57910, 0.00183, 26274
5.58950, -0.00153, 26201
5.59990, -0.00153, 25262
5.61030, 0.00275, 25652
5.62080, 0.00702, 25476
5.63120, 0.00793, 26318
5.64160, -0.00183, 25612
5.65200, 0.00061, 26252
5.66240, -0.00031, 26033
5.67280, -0.00092, 26628
5.68320, 0.00061, 26382
5.69360, -0.00061, 25772
5.70400, -0.00519, 26006
5.71440, 0.00061, 26282
5.72480, -0.00153, 26387
5.73520, -0.00122, 26446
5.74570, -0.00122, 27368
5.75610, -0.00031, 27252
5.76650, 0.00732, 27442
5.77690, 0.00549, 26720
5.78730, 0.00153, 26563
5.79770, 0.00305, 26538
5.80810, -0.00183, 26652
5.81850, 0.00000, 26686
5.82890, -0.00397, 25890
5.83930, 0.00000, 25914
5.84970, 0.00610, 26152
5.86020, -0.00153, 26237
5.87060, -0.00214, 25679
5.88100, 0.00031, 25737
5.89140, 0.00000, 26456
5.90180, -0.00031, 27070
5.91220, -0.00122, 27310
5.92260, -0.00031, 26688
5.93300, 0.00366, 26456
5.94340, -0.00366, 26196
5.95380, -0.00305, 26124
5.96420, -0.00397, 26130
5.97470, -0.00214, 26100
5.98510, -0.00183, 25366
5.99550, 0.00031, 26114
6.00590, -0.00854, 26726
6.01630, -0.00519, 26241
6.02670, -0.00122, 25900
6.03710, 0.00244, 25740
6.04750, -0.00366, 26430
6.05790, 0.00000, 25900
6.06830, -0.00061, 25436
6.07870, 0.00061, 26100
6.08920, 0.00000, 26078
6.09960, -0.00061, 26830
6.11000, 0.00061, 26628
6.12040, -0.00214, 26562
6.13080, 0.00458, 26294
6.14120, 0.00122, 26596
6.15160, 0.00000, 26452
6.16200, 0.00031, 26065
6.17240, 0.00214, 26355
6.18280, 0.00427, 26262
6.19320, -0.00031, 26296
6.20360, 0.00336, 25910
6.21410, 0.00092, 26748
6.22450, 0.00031, 26543
6.23490, 0.00153, 26309
6.24530, 0.00092, 26199
6.25570, -0.00092, 26562
6.26610, 0.00031, 27058
6.27650, 0.00671, 26578
6.28690, -0.00122, 26300
6.29730, -0.00092, 26531
6.30770, -0.00061, 26398
6.31810, 0.00122, 25610
6.32860, 0.00031, 25891
6.33900, -0.00366, 26300
6.34940, 0.00214, 26486
6.35980, 0.00671, 26490
6.37020, 0.00427, 26056
6.38060, 0.00916, 26310
6.39100, -0.00092, 26447
6.40140, -0.00122, 26612
6.41180, -0.00092, 27034
6.42220, 0.00031, 26314
6.43260, 0.00153, 27040
6.44310, 0.00061, 26618
6.45350, -0.00061, 26464
6.46390, -0.00214, 26403
6.47430, -0.00305, 26144
6.48470, -0.00458, 25914
6.49510, -0.00183, 25852
6.50550, 0.00061, 26222
6.51590, 0.00031, 25865
6.52630, 0.00153, 26509
6.53670, -0.00092, 26617
6.54710, -0.00305, 25684
6.55760, -0.00427, 25922
6.56800, 0.00183, 26002
6.57840, 0.00031, 26544
6.58880, -0.00214, 26763
6.59920, -0.00275, 27019
6.60960, -0.00092, 26903
6.62000, 0.00854, 26686
6.63040, 0.00671, 27374
6.64080, 0.00031, 27210
6.65120, -0.00183, 27032
6.66160, -0.00275, 27131
6.67200, -0.00214, 27057
6.68250, -0.00092, 27175
6.69290, 0.00702, 26749
6.70330, 0.00336, 26786
6.71370, 0.00366, 26548
6.72410, 0.00275, 26146
6.73450, 0.00000, 26202
6.74490, 0.00061, 25536
6.75530, 0.00031, 25505
6.76570, 0.00702, 25739
6.77610, -0.00305, 25210
6.78650, -0.00122, 26110
6.79700, 0.00244, 25600
6.80740, -0.00580, 25907
6.81780, -0.00519, 25961
6.82820, -0.00183, 26598
6.83860, 0.00244, 26150
6.84900, -0.00366, 26138
6.85940, 0.00275, 26366
6.86980, 0.00031, 26348
6.88020, -0.00061, 25876
6.89060, -0.00061, 25648
6.90100, -0.00153, 25281
6.91150, -0.00305, 25676
6.92190, -0.00275, 26208
6.93230, 0.00092, 26298
6.94270, -0.00061, 25778
6.95310, 0.00000, 26846
6.96350, 0.00763, 26485
6.97390, 0.00519, 25967
6.98430, 0.00305, 25904
6.99470, -0.00153, 26064
7.00510, -0.00366, 27002
7.01550, 0.00183, 26940
7.02600, 0.00122, 25946
7.03640, -0.00031, 25513
7.04680, -0.00244, 25508
7.05720, 0.00031, 25439
7.06760, -0.00031, 25376
7.07800, -0.00122, 25570
7.08840, 0.00549, 26042
7.09880, -0.00122, 26594
7.10920, -0.00153, 27197
7.11960, 0.00000, 26966
7.13000, -0.00031, 26903
7.14040, -0.00244, 26814
7.15090, -0.00214, 26388
7.16130, 0.00580, 26682
7.17170, 0.00092, 26005
7.18210, 0.00122, 25458
7.19250, 0.00092, 25269
7.20290, -0.00153, 25905
7.21330, -0.00092, 25916
7.22370, -0.00183, 26400
7.23410, -0.00122, 27340
7.24450, -0.00031, 27490
7.25490, 0.00580, 26947
7.26540, 0.00000, 26628
7.27580, -0.00336, 26935
7.28620, 0.00122, 26450
7.29660, -0.00031, 27188
7.30700, 0.00061, 25972
7.31740, 0.00031, 26404
7.32780, 0.00061, 25854
7.33820, -0.00031, 26443
7.34860, -0.00153, 26925
7.35900, 0.00031, 26530
7.36940, 0.00031, 27058
7.37990, 0.00122, 27092
7.39030, -0.00519, 25670
7.40070, 0.00397, 26325
7.41110, 0.00214, 26039
7.42150, 0.00153, 25337
7.43190, -0.00366, 25148
7.44230, -0.00702, 24922
7.45270, -0.00275, 25560
7.46310, 0.00061, 25940
7.47350, -0.00153, 25991
7.48390, 0.00458, 26953
7.49440, -0.00122, 26644
7.50480, -0.00153, 26230
7.51520, 0.00061, 25798
7.52560, -0.00031, 26312
7.53600, 0.00153, 26162
7.54640, -0.00031, 25619
7.55680, 0.00000, 26032
7.56720, 0.00061, 26020
7.57760, -0.00031, 25894
7.58800, 0.00183, 25694
7.59840, 0.00153, 25234
7.60880, -0.00153, 25852
7.61930, -0.00061, 26792
7.62970, 0.00610, 26296
7.64010, -0.00519, 26125
7.65050, -0.00092, 26348
7.66090, 0.00671, 25804
7.67130, -0.00244, 26426
7.68170, 0.00519, 26608
7.69210, 0.00427, 26406
7.70250, -0.00153, 26299
7.71290, -0.00549, 26142
7.72330, 0.00275, 26488
7.73380, -0.00061, 26180
7.74420, -0.00305, 26298
7.75460, -0.00122, 26554
7.76500, 0.00000, 26950
7.77540, 0.00092, 26871
7.78580, 0.00336, 26271
7.79620, -0.00092, 27170
7.80660, -0.00031, 26518
7.81700, 0.00061, 26636
7.82740, 0.00061, 26432
7.83780, -0.00214, 25697
7.84830, 0.00122, 26660
7.85870, 0.00305, 26162
7.86910, -0.00671, 25816
7.87950, 0.00336, 26122
7.88990, 0.00061, 26696
7.90030, -0.00092, 26988
7.91070, 0.00061, 25550
7.92110, -0.00092, 25897
7.93150, -0.00458, 26533
7.94190, -0.00153, 26748
7.95230, 0.00092, 26672
7.96280, 0.00153, 26168
7.97320, 0.00214, 26336
7.98360, -0.00336, 26595
7.99400, -0.00641, 26419
8.00440, -0.00336, 26887
8.01480, -0.00275, 26754
8.02520, 0.00214, 26652
8.03560, 0.00031, 25820
8.04600, 0.00763, 25294
8.05640, -0.00427, 25726
8.06680, -0.00427, 25920
8.07720, -0.00061, 26756
8.08770, -0.00061, 26304
8.09810, 0.00610, 25458
8.10850, -0.00244, 25400
8.11890, -0.00214, 26126
8.12930, -0.00244, 27096
8.13970, -0.00153, 26613
8.15010, -0.00183, 26956
8.16050, 0.00275, 26875
8.17090, 0.00153, 26084
8.18130, -0.00092, 25684
8.19170, 0.00336, 25550
8.20220, 0.00092, 25741
8.21260, -0.00458, 26197
8.22300, -0.00580, 26991
8.23340, -0.00122, 26928
8.24380, -0.00305, 26276
8.25420, -0.00275, 25516
8.26460, 0.00305, 26146
8.27500, -0.00153, 26079
8.28540, -0.00092, 25969
8.29580, -0.00122, 26124
8.30620, 0.00092, 25321
8.31670, 0.00519, 25292
8.32710, 0.00275, 25518
8.33750, -0.00153, 26194
8.34790, 0.00061, 25580
8.35830, 0.00000, 26296
8.36870, -0.00244, 26942
8.37910, -0.00122, 26710
8.38950, 0.00366, 27046
8.39990, 0.00610, 26946
8.41030, 0.00122, 25678
8.42070, -0.00122, 26426
8.43120, -0.00122, 26250
8.44160, -0.00122, 26316
8.45200, -0.00244, 26098
8.46240, -0.00122, 25718
8.47280, 0.00031, 26380
8.48320, 0.00031, 26306
8.49360, 0.00061, 26298
8.50400, -0.00427, 26672
8.51440, -0.00122, 26940
8.52480, 0.00031, 27289
8.53520, -0.00244, 26348
8.54560, 0.00732, 26418
8.55610, -0.00061, 26318
8.56650, 0.00214, 26069
8.57690, -0.00244, 26262
8.58730, 0.00244, 26728
8.59770, 0.00610, 26446
8.60810, -0.00092, 26740
8.61850, -0.00061, 26670
8.62890, -0.00305, 25818
8.63930, 0.00824, 26323
8.64970, 0.00244, 25844
8.66010, -0.00214, 26271
8.67060, 0.00397, 26465
8.68100, 0.00122, 25960
8.69140, -0.00427, 26876
8.70180, -0.00092, 26382
8.71220, 0.00641, 26395
8.72260, -0.00336, 26295
8.73300, 0.00214, 25865
8.74340, -0.00031, 26871
8.75380, 0.00000, 26338
8.76420, 0.00061, 26736
8.77460, 0.00000, 26290
8.78510, -0.00031, 26807
8.79550, -0.00061, 26318
8.80590, 0.00153, 26881
8.81630, -0.00488, 25580
8.82670, -0.00061, 26428
8.83710, 0.00092, 26022
8.84750, -0.00092, 26810
8.85790, 0.00000, 26414
8.86830, -0.00031, 26733
8.87870, -0.00122, 26462
8.88910, 0.00641, 25743
8.89960, -0.00549, 25174
8.91000, -0.00275, 26288
8.92040, -0.00031, 26478
8.93080, 0.00122, 27066
8.94120, 0.00000, 26764
8.95160, 0.00214, 26283
8.96200, -0.00275, 26675
8.97240, 0.00000, 27168
8.98280, -0.00061, 26312
8.99320, -0.00031, 26280
9.00360, -0.00183, 26866
9.01400, -0.00641, 26267
9.02450, 0.00580, 26503
9.03490, 0.00275, 26271
9.04530, -0.00397, 26322
9.05570, 0.00732, 27148
9.06610, -0.00427, 26366
9.07650, -0.00031, 26712
9.08690, -0.00214, 27121
9.09730, 0.00000, 26188
9.10770, 0.00061, 26750
9.11810, -0.00092, 25944
9.12850, -0.00183, 26970
9.13900, -0.00702, 26122
9.14940, 0.00275, 26626
9.15980, -0.00366, 26388
9.17020, 0.00824, 26271
9.18060, -0.00122, 26574
9.19100, -0.00031, 26244
9.20140, -0.00183, 25246
9.21180, 0.00275, 26122
9.22220, -0.00214, 26248
9.23260, 0.00183, 26640
9.24300, -0.00031, 27103
9.25350, -0.00031, 26939
9.26390, -0.00031, 26732
9.27430, -0.00366, 25770
9.28470, 0.00275, 26254
9.29510, 0.00153, 26536
9.30550, 0.00183, 26364
9.31590, -0.00031, 26309
9.32630, 0.00122, 26518
9.33670, 0.00061, 26286
9.34710, -0.00214, 26156
9.35750, 0.00549, 25410
9.36800, 0.00427, 25742
9.37840, -0.00153, 25857
9.38880, -0.00244, 26228
9.39920, -0.00580, 26123
9.40960, 0.00031, 26148
9.42000, -0.00244, 26742
9.43040, -0.00092, 26606
9.44080, 0.00031, 26088
9.45120, 0.00031, 25685
9.46160, -0.00122, 27118
9.47200, -0.00031, 26593
9.48240, -0.00122, 26174
9.49290, 0.00732, 25826
9.50330, -0.00366, 25912
9.51370, -0.00610, 26680
9.52410, 0.00061, 26894
9.53450, -0.00214, 26615
9.54490, 0.00214, 26473
9.55530, -0.00458, 25962
9.56570, -0.00061, 26726
9.57610, 0.00061, 26276
9.58650, -0.00153, 25914
9.59690, 0.00031, 26225
9.60740, 0.00275, 25589
9.61780, -0.00092, 25767
9.62820, 0.00488, 26356
9.63860, 0.00244, 25956
9.64900, 0.00641, 26148
9.65940, 0.00732, 26170
9.66980, 0.00946, 26603
9.68020, 0.00519, 26219
9.69060, -0.00061, 25860
9.70100, -0.00793, 25386
9.71140, 0.00336, 26532
9.72190, -0.00061, 26154
9.73230, -0.00214, 26568
9.74270, -0.00153, 26503
9.75310, -0.00031, 26433
9.76350, 0.00031, 25819
9.77390, -0.00214, 26462
9.78430, 0.00061, 26558
9.79470, 0.00275, 25900
9.80510, 0.00092, 25760
9.81550, 0.00458, 27357
9.82590, -0.00031, 26679
9.83640, 0.00061, 26366
9.84680, -0.00031, 25982
9.85720, -0.00122, 27228
9.86760, 0.00153, 26564
9.87800, -0.00366, 26110
9.88840, -0.00702, 26631
9.89880, -0.00122, 26454
9.90920, -0.00275, 26365
9.91960, -0.00092, 27072
9.93000, -0.00092, 26696
9.94040, -0.00366, 26436
9.95080, -0.00214, 26282
9.96130, -0.00458, 26327
9.97170, -0.00610, 26124
9.98210, -0.00610, 26482
9.99250, -0.00061, 25980
10.00290, -0.00092, 25830
10.01330, -0.00122, 25592
10.02370, -0.00031, 25348
10.03410, 0.00031, 25985
10.04450, 0.00122, 26788
10.05490, 0.00000, 26326
10.06530, 0.00153, 25989
10.07580, 0.00061, 26542
10.08620, 0.00122, 27112
10.09660, -0.00214, 26280
10.10700, -0.00092, 25485
10.11740, -0.00122, 26122
10.12780, -0.00122, 26436
10.13820, -0.00061, 26978
10.14860, 0.00519, 26414
10.15900, -0.00641, 26656
10.16940, -0.00061, 27436
10.17980, -0.00214, 26863
10.19030, -0.00031, 26341
10.20070, -0.00519, 26083
10.21110, -0.00031, 26063
10.22150, -0.00122, 25598
10.23190, -0.00244, 26108
10.24230, 0.00092, 25344
10.25270, -0.00549, 26148
10.26310, 0.00671, 26732
10.27350, 0.00488, 26538
10.28390, 0.00183, 26320
10.29430, 0.00122, 25564
10.30480, 0.00092, 25864
10.31520, 0.00031, 25818
10.32560, 0.00458, 26351
10.33600, 0.00549, 25978
10.34640, 0.00671, 26282
10.35680, 0.00336, 26109
10.36720, 0.00153, 25954
10.37760, -0.00580, 26342
10.38800, 0.00092, 26252
10.39840, 0.00153, 26589
10.40880, -0.00092, 26697
10.41920, -0.00214, 27089
10.42970, -0.00122, 26216
10.44010, 0.00305, 25776
10.45050, -0.00305, 26018
10.46090, 0.00641, 26560
10.47130, 0.00153, 25297
10.48170, -0.00366, 26082
10.49210, 0.00397, 26891
10.50250, 0.00610, 26404
10.51290, 0.00336, 26236
10.52330, 0.00122, 26096
10.53370, -0.00183, 25400
10.54420, -0.00122, 26504
10.55460, 0.00275, 26547
10.56500, -0.00488, 26696
10.57540, -0.00366, 26614
10.58580, -0.00214, 25894
10.59620, -0.00092, 26108
10.60660, -0.00183, 26022
10.61700, 0.00183, 26804
10.62740, 0.00122, 26714
10.63780, 0.00122, 25842
10.64820, -0.00183, 25784
10.65870, -0.00214, 26434
10.66910, 0.00305, 26674
10.67950, 0.00275, 25638
10.68990, -0.00427, 26576
10.70030, -0.00092, 26869
10.71070, -0.00824, 26867
10.72110, 0.00031, 26327
10.73150, -0.00031, 27028
10.74190, 0.00336, 26102
10.75230, -0.00214, 26876
10.76270, 0.00092, 26081
10.77320, -0.00397, 25525
10.78360, -0.00275, 25693
10.79400, 0.00031, 26269
10.80440, 0.00122, 25878
10.81480, -0.00854, 26094
10.82520, -0.00336, 26282
10.83560, 0.00183, 25962
10.84600, -0.00092, 25687
10.85640, -0.00183, 26312
10.86680, 0.00183, 26868
10.87720, -0.00336, 26848
10.88760, 0.00061, 26806
10.89810, 0.00336, 25674
10.90850, -0.00153, 25504
10.91890, 0.00275, 26777
10.92930, 0.00336, 26099
10.93970, -0.00183, 26052
10.95010, -0.00732, 26296
10.96050, 0.00488, 26190
10.97090, 0.00061, 25660
10.98130, -0.00153, 26026
10.99170, -0.00183, 26254
11.00210, 0.00031, 26477
11.01260, -0.00305, 26678
11.02300, 0.00244, 25758
11.03340, -0.00305, 27004
11.04380, -0.00092, 26588
11.05420, -0.00122, 25840
11.06460, -0.00031, 25939
11.07500, 0.00122, 26466
11.08540, -0.00214, 26671
11.09580, -0.00305, 26804
11.10620, 0.00183, 26392
11.11660, 0.00000, 26758
11.12710, -0.00061, 26944
11.13750, -0.00153, 26527
11.14790, -0.00031, 26775
11.15830, -0.00031, 26343
11.16870, 0.00092, 26206
11.17910, 0.00916, 25652
11.18950, -0.00061, 25806
11.19990, -0.00061, 25904
11.21030, 0.00397, 26171
11.22070, 0.00031, 26059
11.23110, 0.00061, 25836
11.24160, 0.00031, 25422
11.25200, 0.01007, 25524
11.26240, -0.00366, 25676
11.27280, -0.00519, 25562
11.28320, -0.00366, 26278
11.29360, -0.00153, 26295
11.30400, -0.00092, 25933
11.31440, -0.00122, 25756
11.32480, 0.00610, 26054
11.33520, -0.00275, 26254
11.34560, -0.00519, 25354
11.35600, -0.00153, 25989
11.36650, -0.00061, 25896
11.37690, -0.00061, 26270
11.38730, 0.00153, 26714
11.39770, -0.00061, 26618
11.40810, 0.00427, 26748
11.41850, 0.00763, 26694
11.42890, 0.00153, 26399
11.43930, -0.00183, 26330
11.44970, -0.00458, 26379
11.46010, 0.00641, 26744
11.47050, 0.00397, 26408
11.48100, 0.00244, 25968
11.49140, 0.00031, 26630
11.50180, 0.00183, 26588
11.51220, 0.00427, 25458
11.52260, -0.00214, 25847
11.53300, 0.00122, 26386
11.54340, -0.00458, 25536
11.55380, -0.00061, 26664
11.56420, 0.00122, 26472
11.57460, 0.00031, 26249
11.58500, 0.00092, 26561
11.59550, 0.00275, 26113
11.60590, 0.00061, 26212
11.61630, 0.00031, 26616
11.62670, 0.00031, 26420
11.63710, -0.00061, 26998
11.64750, -0.00031, 26369
11.65790, -0.00183, 26268
11.66830, -0.00031, 26237
11.67870, 0.00336, 25574
11.68910, 0.00000, 25884
11.69950, 0.00061, 26604
11.71000, -0.00061, 25474
11.72040, 0.00275, 25729
11.73080, -0.00397, 25897
11.74120, 0.00092, 25869
11.75160, -0.00153, 25866
11.76200, 0.00000, 26212
11.77240, -0.00183, 26660
11.78280, 0.00488, 26584
11.79320, -0.00153, 26027
11.80360, -0.00061, 26172
11.81400, 0.00031, 26691
11.82440, -0.00183, 26242
11.83490, -0.00244, 26448
11.84530, 0.00946, 26606
11.85570, -0.00427, 26524
11.86610, 0.00122, 25614
11.87650, 0.00122, 25626
11.88690, -0.00031, 25823
11.89730, 0.00031, 26641
11.90770, -0.00214, 26376
11.91810, -0.00122, 26482
11.92850, 0.00214, 27042
11.93890, -0.00061, 25798
11.94940, -0.00061, 25532
11.95980, 0.00122, 25626
11.97020, -0.00214, 25961
11.98060, -0.00183, 25960
11.99100, 0.00244, 25882
12.00140, 0.00214, 26236
12.01180, -0.00061, 26080
12.02220, -0.00061, 26446
12.03260, -0.00275, 26563
12.04300, -0.00061, 26748
12.05340, -0.00031, 26688
12.06390, -0.00183, 26652
12.07430, 0.00824, 26054
12.08470, 0.00671, 26506
12.09510, 0.00092, 26589
12.10550, 0.00061, 26090
12.11590, -0.00153, 26239
12.12630, 0.00580, 26456
12.13670, -0.00092, 25224
12.14710, -0.00183, 26380
12.15750, 0.00031, 26705
12.16790, 0.00061, 26386
12.17840, 0.00122, 25848
12.18880, -0.00244, 26126
12.19920, 0.00031, 27198
12.20960, 0.00214, 26284
12.22000, -0.00061, 26410
12.23040, 0.00000, 26710
12.24080, -0.00122, 26382
12.25120, 0.00031, 26537
12.26160, -0.00122, 25594
12.27200, -0.00305, 26014
12.28240, -0.00031, 26612
12.29280, -0.00061, 26986
12.30330, 0.00031, 26239
12.31370, 0.00641, 25823
12.32410, -0.00397, 25029
12.33450, -0.00305, 25806
12.34490, 0.00031, 26148
12.35530, 0.00824, 26152
12.36570, -0.00183, 25972
12.37610, 0.00153, 26709
12.38650, -0.00153, 26209
12.39690, -0.00031, 25513
12.40730, 0.00061, 26088
12.41780, -0.00031, 26056
12.42820, -0.00366, 25920
12.43860, -0.00549, 25686
12.44900, -0.00061, 25718
12.45940, -0.00031, 26423
12.46980, 0.00336, 26083
12.48020, 0.00214, 25825
12.49060, -0.00153, 26232
12.50100, -0.00214, 26818
12.51140, 0.00702, 26362
12.52180, 0.00580, 25769
12.53230, -0.00061, 26020
12.54270, -0.00275, 26305
12.55310, -0.00397, 26319
12.56350, 0.00519, 26462
12.57390, 0.00305, 25856
12.58430, 0.00000, 26256
12.59470, 0.00092, 26181
12.60510, -0.00183, 25840
12.61550, 0.00061, 25634
12.62590, 0.00183, 25784
12.63630, -0.00610, 26094
12.64680, 0.00122, 26792
12.65720, 0.00397, 25618
12.66760, 0.00000, 26420
12.67800, 0.00031, 26589
12.68840, 0.00061, 26406
12.69880, 0.00092, 26499
12.70920, -0.00122, 26392
12.71960, 0.00061, 27600
12.73000, 0.00824, 25838
12.74040, -0.00183, 26580
12.75080, 0.00031, 25841
12.76120, 0.00092, 26831
12.77170, 0.00122, 26202
12.78210, 0.00031, 26030
12.79250, -0.00092, 25660
12.80290, 0.00061, 25414
12.81330, 0.00122, 25630
12.82370, -0.00061, 26682
12.83410, -0.00031, 25771
12.84450, 0.00031, 26707
12.85490, -0.00671, 25550
12.86530, -0.00549, 25094
12.87570, 0.00336, 25778
12.88620, 0.00427, 25936
12.89660, 0.00427, 25822
12.90700, -0.00183, 26762
12.91740, -0.00092, 26223
12.92780, -0.00244, 25772
12.93820, -0.00153, 25940
12.94860, -0.00244, 26274
12.95900, -0.00366, 26032
12.96940, -0.00275, 26685
12.97980, -0.00092, 26277
12.99020, 0.00092, 26405
13.00070, -0.00061, 26598
13.01110, 0.00061, 27242
13.02150, -0.00671, 27202
13.03190, -0.00031, 26878
13.04230, 0.00610, 26954
13.05270, 0.00000, 27024
13.06310, 0.00122, 27372
13.07350, -0.00061, 27516
13.08390, -0.00061, 27540
13.09430, -0.00671, 27332
13.10470, 0.00580, 26792
13.11520, 0.00793, 26452
13.12560, 0.00214, 26541
13.13600, 0.00305, 26652
13.14640, -0.00031, 26460
13.15680, -0.00031, 26064
13.16720, 0.00000, 26396
13.17760, -0.00366, 26228
13.18800, -0.00061, 25788
13.19840, 0.00214, 26027
13.20880, 0.00214, 26169
13.21920, -0.00061, 26734
13.22960, -0.00092, 26962
13.24010, -0.00275, 27410
13.25050, 0.00061, 26430
13.26090, -0.00305, 27194
13.27130, -0.00061, 25914
13.28170, -0.00122, 26176
13.29210, -0.00031, 25786
13.30250, -0.00854, 26492
13.31290, -0.00092, 26554
13.32330, -0.00061, 26530
13.33370, 0.00122, 26206
13.34410, 0.00641, 26741
13.35460, 0.00061, 26334
13.36500, 0.00031, 25636
13.37540, -0.00336, 26776
13.38580, 0.00183, 27242
13.39620, -0.00031, 27160
13.40660, 0.00244, 26228
13.41700, 0.00153, 26133
13.42740, -0.00153, 26753
13.43780, -0.00061, 26240
13.44820, -0.00610, 26290
13.45860, 0.00275, 26642
13.46910, 0.00092, 26212
13.47950, 0.00305, 25700
13.48990, 0.00000, 26384
13.50030, -0.00244, 25970
13.51070, 0.00305, 25798
13.52110, 0.00732, 25852
13.53150, -0.00061, 25660
13.54190, -0.00671, 26206
13.55230, -0.00244, 26874
13.56270, 0.00153, 26451
13.57310, 0.00153, 27025
13.58360, -0.00031, 26320
13.59400, -0.00092, 26402
13.60440, 0.00427, 26872
13.61480, 0.00061, 26668
13.62520, -0.00153, 26081
13.63560, -0.00031, 25829
13.64600, 0.00061, 25660
13.65640, -0.00061, 26462
13.66680, -0.00336, 26224
13.67720, -0.00092, 25578
13.68760, -0.00031, 26176
13.69800, 0.00122, 25732
13.70850, 0.00763, 26471
13.71890, 0.00488, 25888
13.72930, 0.00031, 25735
13.73970, 0.00031, 25942
13.75010, -0.00122, 26464
13.76050, -0.00214, 26334
13.77090, -0.00061, 25752
13.78130, 0.00244, 25526
13.79170, -0.00214, 25439
13.80210, -0.00183, 25748
13.81250, -0.00305, 25948
13.82300, -0.00061, 26534
13.83340, -0.00153, 25520
13.84380, 0.00061, 25798
13.85420, 0.00153, 25427
13.86460, -0.00305, 25202
13.87500, 0.00000, 25678
13.88540, -0.00031, 25814
13.89580, -0.00061, 25960
13.90620, 0.00122, 26910
13.91660, -0.00122, 26466
13.92700, -0.00183, 25552
13.93750, 0.00031, 25775
13.94790, -0.00244, 25850
13.95830, -0.00061, 25664
13.96870, -0.00122, 25306
13.97910, 0.00122, 25670
13.98950, -0.00092, 25603
13.99990, -0.00153, 25757
14.01030, 0.00031, 26483
14.02070, -0.00031, 26663
14.03110, -0.00183, 26662
14.04150, -0.00122, 26422
14.05200, -0.00153, 26562
14.06240, -0.00153, 26519
14.07280, 0.00031, 26631
14.08320, 0.00153, 26785
14.09360, 0.00061, 26110
14.10400, -0.00397, 25798
14.11440, -0.00214, 26036
14.12480, 0.00305, 25792
14.13520, -0.00397, 25519
14.14560, -0.00244, 26808
14.15600, 0.00763, 26935
14.16640, 0.00092, 26989
14.17690, 0.00183, 25954
14.18730, -0.00244, 25756
14.19770, -0.00092, 26286
14.20810, -0.00214, 26429
14.21850, 0.00061, 26530
14.22890, 0.00092, 27075
14.23930, -0.00092, 26745
14.24970, -0.00397, 27032
14.26010, 0.00244, 26124
14.27050, -0.00549, 26336
14.28090, -0.00183, 26428
14.29140, -0.00061, 26030
14.30180, -0.00244, 25412
14.31220, 0.00122, 26250
14.32260, 0.00397, 26310
14.33300, -0.00061, 25706
14.34340, -0.00549, 25738
14.35380, -0.00061, 25514
14.36420, -0.00153, 25929
14.37460, -0.00244, 26050
14.38500, -0.00092, 26207
14.39540, 0.00366, 25734
14.40590, 0.00153, 25516
14.41630, 0.00000, 25566
14.42670, 0.00366, 26100
14.43710, 0.00000, 25914
14.44750, -0.00275, 26029
14.45790, 0.00000, 27022
14.46830, -0.00153, 26812
14.47870, -0.00153, 26586
14.48910, 0.00671, 26358
14.49950, 0.00153, 26693
14.50990, 0.00519, 26115
14.52040, 0.00000, 26238
14.53080, -0.00061, 26304
14.54120, -0.00031, 25656
14.55160, -0.00031, 25922
14.56200, 0.00580, 26502
14.57240, -0.00122, 26124
14.58280, 0.00061, 26660
14.59320, -0.00122, 26966
14.60360, -0.00183, 26376
14.61400, 0.00031, 26176
14.62440, 0.00061, 27286
14.63480, -0.00580, 26682
14.64530, -0.00122, 26698
14.65570, -0.00458, 25509
14.66610, -0.00031, 26131
14.67650, 0.00061, 26474
14.68690, -0.00275, 26596
14.69730, -0.00183, 26696
14.70770, 0.00031, 26236
14.71810, 0.00122, 26276
14.72850, 0.00061, 26076
14.73890, 0.00061, 26746
14.74930, -0.00061, 25686
14.75980, 0.00031, 25482
14.77020, -0.00183, 25830
14.78060, -0.00061, 25960
14.79100, -0.00031, 25910
14.80140, 0.00793, 26252
14.81180, 0.00549, 26110
14.82220, -0.00305, 26068
14.83260, -0.00214, 25968
14.84300, -0.00031, 25532
14.85340, 0.00061, 25562
14.86380, 0.00305, 26250
14.87430, 0.00031, 26359
14.88470, 0.00122, 26324
14.89510, 0.00427, 25976
14.90550, 0.00214, 25692
14.91590, 0.00671, 26788
14.92630, 0.00214, 27428
14.93670, -0.00336, 27174
14.94710, -0.00397, 25785
14.95750, 0.00244, 26556
14.96790, -0.00183, 26748
14.97830, -0.00061, 26248
14.98880, -0.00183, 25634
14.99920, 0.00031, 26020
15.00960, 0.00061, 26490
15.02000, 0.00092, 27121
15.03040, 0.00000, 26302
15.04080, 0.00275, 26223
15.05120, -0.00031, 25566
15.06160, -0.00122, 26158
15.07200, 0.00275, 26248
15.08240, -0.00031, 26476
15.09280, -0.00031, 26523
15.10320, 0.00244, 25956
15.11370, -0.00244, 25544
15.12410, 0.00427, 25298
15.13450, 0.00275, 25828
15.14490, 0.00092, 26170
15.15530, 0.00061, 26584
15.16570, -0.00153, 26229
15.17610, 0.00031, 26663
15.18650, -0.00092, 25679
15.19690, -0.00092, 25892
15.20730, -0.00244, 25786
15.21770, 0.00000, 25798
15.22820, 0.00336, 25270
15.23860, 0.00214, 25657
15.24900, -0.00183, 25420
15.25940, -0.00183, 25922
15.26980, 0.00122, 25786
15.28020, -0.00519, 25012
15.29060, 0.00244, 26228
15.30100, 0.00458, 26004
15.31140, -0.00122, 26390
15.32180, 0.00092, 25517
15.33220, -0.00244, 25898
15.34270, -0.00366, 25710
15.35310, -0.00031, 25934
15.36350, 0.00183, 25678
15.37390, -0.00305, 26624
15.38430, -0.00275, 26251
15.39470, 0.00488, 26184
15.40510, -0.00092, 27023
15.41550, -0.00183, 26304
15.42590, -0.00793, 26784
15.43630, 0.00061, 26096
15.44670, -0.00214, 26594
15.45720, -0.00153, 25959
15.46760, -0.00305, 26148
15.47800, -0.00244, 25720
15.48840, -0.00244, 26228
15.49880, -0.00122, 27022
15.50920, -0.00092, 26586
15.51960, 0.00092, 26040
15.53000, -0.00122, 25798
15.54040, 0.00244, 25604
15.55080, -0.00488, 25804
15.56120, -0.00397, 26281
15.57160, -0.00519, 26356
15.58210, -0.00580, 25944
15.59250, -0.00061, 26170
15.60290, -0.00092, 25523
15.61330, -0.00122, 25730
15.62370, -0.00549, 25930
15.63410, -0.00366, 25680
15.64450, 0.00122, 25712
15.65490, -0.00397, 25736
15.66530, 0.00061, 26582
15.67570, -0.00275, 26575
15.68610, 0.00000, 26598
15.69660, -0.00122, 26834
15.70700, 0.00031, 25597
15.71740, 0.00305, 25358
15.72780, 0.00061, 25680
15.73820, -0.00214, 26440
15.74860, -0.00427, 26220
15.75900, 0.00275, 26557
15.76940, 0.00427, 26680
15.77980, -0.00153, 26681
15.79020, -0.00061, 26578
15.80060, 0.00092, 26230
15.81110, -0.00305, 26060
15.82150, 0.00000, 25312
15.83190, -0.00183, 25138
15.84230, -0.00397, 25045
15.85270, -0.00153, 26037
15.86310, 0.00000, 26116
15.87350, -0.00122, 26526
15.88390, 0.00031, 26784
15.89430, 0.00000, 26356
15.90470, 0.00763, 26883
15.91510, 0.00061, 26370
15.92560, 0.00153, 25901
15.93600, 0.00183, 26404
15.94640, 0.00122, 26338
15.95680, 0.00244, 26386
15.96720, 0.00031, 25593
15.97760, -0.00061, 25792
15.98800, -0.00183, 26424
15.99840, 0.00000, 26582
16.00880, 0.00000, 26876
16.01920, -0.00275, 26876
16.02960, -0.00092, 26300
16.04000, -0.00214, 26773
16.05050, -0.00153, 26093
16.06090, -0.00366, 26454
16.07130, 0.00244, 26510
16.08170, 0.00000, 26206
16.09210, 0.00061, 26198
16.10250, 0.00122, 25364
16.11290, 0.00122, 26010
16.12330, -0.00122, 26202
16.13370, 0.00061, 26756
16.14410, -0.00153, 25185
16.15450, -0.00275, 26054
16.16500, -0.00244, 25500
16.17540, -0.00214, 25116
16.18580, 0.00061, 26416
16.19620, -0.00061, 25454
16.20660, 0.00244, 26236
16.21700, -0.00061, 26464
16.22740, -0.00336, 26632
16.23780, 0.00275, 26418
16.24820, -0.00183, 25878
16.25860, 0.00000, 25378
16.26900, -0.00122, 26200
16.27950, -0.00122, 26750
16.28990, -0.00031, 26391
16.30030, 0.00122, 25552
16.31070, 0.00244, 26324
16.32110, 0.00122, 26418
16.33150, -0.00885, 26503
16.34190, 0.00061, 26256
16.35230, -0.00824, 25999
16.36270, 0.00214, 26053
16.37310, -0.00031, 26352
16.38350, 0.00061, 27004
16.39400, -0.00275, 26610
16.40440, -0.00244, 26490
16.41480, 0.00092, 25957
16.42520, -0.00092, 26209
16.43560, 0.00031, 26099
16.44600, 0.00031, 26120
16.45640, 0.00183, 26064
16.46680, -0.00122, 26724
16.47720, -0.00061, 26420
16.48760, -0.00458, 26713
16.49800, -0.00427, 26464
16.50840, -0.00092, 27293
16.51890, -0.00122, 26754
16.52930, 0.00183, 26604
16.53970, 0.00214, 26722
16.55010, -0.00519, 26866
16.56050, -0.00397, 27305
16.57090, -0.00305, 26492
16.58130, 0.00061, 26812
16.59170, 0.00458, 26432
16.60210, 0.00641, 26510
16.61250, 0.00092, 26628
16.62290, -0.00610, 26718
16.63340, 0.00031, 26895
16.64380, -0.00092, 25945
16.65420, -0.00183, 25636
16.66460, 0.00061, 25678
16.67500, -0.00122, 26144
16.68540, -0.00275, 26052
16.69580, 0.00427, 26148
16.70620, -0.00214, 26257
16.71660, -0.00092, 26737
16.72700, -0.00214, 26651
16.73740, 0.00031, 26710
16.74790, 0.00885, 26576
16.75830, 0.00000, 26208
16.76870, -0.00092, 26160
16.77910, 0.00153, 25807
16.78950, -0.00153, 26591
16.79990, 0.00275, 26533
16.81030, 0.00031, 26672
16.82070, 0.00122, 26448
16.83110, -0.00153, 26098
16.84150, 0.00031, 26036
16.85190, -0.00122, 26566
16.86240, 0.00488, 26854
16.87280, 0.00732, 26190
16.88320, 0.00000, 25670
16.89360, 0.00031, 26424
16.90400, -0.00122, 26158
16.91440, -0.00153, 25624
16.92480, 0.00092, 26655
16.93520, -0.00122, 25920
16.94560, 0.00061, 26154
16.95600, -0.00122, 26130
16.96640, 0.00061, 25590
16.97680, -0.00427, 26210
16.98730, -0.00153, 26612
16.99770, 0.00000, 26726
17.00810, -0.00092, 26487
17.01850, 0.00275, 26317
17.02890, 0.00000, 26016
17.03930, -0.00092, 25968
17.04970, -0.00610, 25972
17.06010, 0.00000, 26686
17.07050, 0.00031, 26671
17.08090, -0.00122, 26394
17.09130, 0.00000, 26550
17.10180, -0.00244, 26398
17.11220, -0.00397, 26082
17.12260, -0.00061, 26638
17.13300, 0.00610, 26488
17.14340, -0.00122, 26610
17.15380, 0.00031, 26409
17.16420, -0.00061, 26712
17.17460, 0.00061, 26618
17.18500, 0.00397, 25636
17.19540, 0.00000, 25944
17.20580, -0.00427, 25818
17.21630, -0.00366, 25880
17.22670, -0.00671, 26688
17.23710, 0.00580, 26749
17.24750, 0.00519, 26222
17.25790, -0.00244, 26640
17.26830, 0.00031, 26530
17.27870, -0.00244, 27056
17.28910, 0.00549, 27578
17.29950, 0.00153, 27063
17.30990, 0.00122, 26470
17.32030, -0.00397, 26013
17.33080, -0.00427, 26472
17.34120, 0.00183, 26540
17.35160, -0.00153, 26114
17.36200, 0.00244, 26706
17.37240, -0.00031, 26753
17.38280, -0.00031, 26641
17.39320, -0.00031, 26303
17.40360, -0.00336, 25576
17.41400, -0.00031, 26766
17.42440, 0.00275, 25936
17.43480, 0.00061, 26280
17.44520, 0.00031, 25985
17.45570, -0.00031, 25925
17.46610, 0.00458, 26895
17.47650, -0.00275, 27182
17.48690, -0.00122, 26976
17.49730, -0.00214, 26708
17.50770, 0.00275, 26507
17.51810, -0.00458, 26665
17.52850, 0.00641, 27235
17.53890, -0.00122, 27224
17.54930, -0.00061, 26976
17.55970, 0.00092, 26878
17.57020, 0.00000, 26848
17.58060, 0.00183, 26390
17.59100, 0.00519, 26079
17.60140, -0.00244, 26306
17.61180, 0.00000, 26814
17.62220, -0.00092, 26572
17.63260, 0.00397, 26826
17.64300, 0.00366, 27022
17.65340, 0.00610, 26348
17.66380, -0.00092, 25985
17.67420, -0.00092, 26999
17.68470, 0.00183, 26556
17.69510, 0.00153, 26558
17.70550, -0.00031, 25846
17.71590, 0.00427, 25700
17.72630, -0.00366, 26040
17.73670, -0.00183, 26242
17.74710, -0.00061, 26230
17.75750, 0.00244, 25704
17.76790, -0.00641, 25388
17.77830, 0.00488, 26170
17.78870, -0.00183, 26630
17.79920, 0.00122, 26142
17.80960, -0.00031, 26409
17.82000, -0.00153, 26015
17.83040, -0.00336, 26333
17.84080, -0.00397, 26590
17.85120, 0.00122, 26544
17.86160, 0.00427, 26504
17.87200, 0.00031, 26021
17.88240, -0.00214, 25771
17.89280, -0.00488, 25494
17.90320, -0.00122, 25928
17.91370, 0.00092, 26678
17.92410, 0.00031, 26362
17.93450, -0.00031, 25872
17.94490, -0.00061, 26582
17.95530, -0.00275, 26707
17.96570, 0.00031, 26709
17.97610, 0.00031, 26581
17.98650, -0.00244, 27060
17.99690, -0.00275, 27018
18.00730, 0.00580, 26886
18.01770, -0.00031, 26627
18.02810, -0.00031, 25863
18.03860, -0.00244, 25544
18.04900, -0.00580, 26317
18.05940, -0.00031, 26844
18.06980, 0.00122, 27356
18.08020, 0.00000, 27230
18.09060, -0.00244, 26670
18.10100, -0.00824, 27105
18.11140, 0.00641, 26385
18.12180, 0.00702, 26541
18.13220, 0.00122, 26530
18.14260, -0.00061, 26322
18.15310, -0.00061, 25772
18.16350, -0.00031, 25573
18.17390, 0.00305, 25950
18.18430, 0.00458, 25883
18.19470, 0.00732, 25792
18.20510, -0.00031, 25622
18.21550, -0.00153, 26604
18.22590, 0.00153, 26834
18.23630, 0.00000, 27160
18.24670, -0.00031, 27419
18.25710, -0.00305, 26988
18.26760, 0.00305, 26330
18.27800, 0.00427, 26166
18.28840, 0.00061, 26576
18.29880, -0.00061, 26712
18.30920, 0.00000, 27404
18.31960, -0.00488, 26968
18.33000, -0.00458, 25703
18.34040, -0.00061, 26310
18.35080, 0.00275, 26254
18.36120, 0.00061, 26332
18.37160, 0.00122, 26652
18.38210, 0.00214, 27692
18.39250, -0.00153, 27253
18.40290, 0.00031, 26621
18.41330, -0.00061, 26228
18.42370, 0.00214, 25734
18.43410, 0.00702, 25696
18.44450, 0.00092, 26790
18.45490, 0.00031, 26742
18.46530, -0.00092, 26935
18.47570, -0.00092, 27435
18.48610, -0.00519, 27307
18.49650, -0.00305, 26990
18.50700, -0.00122, 26108
18.51740, 0.00092, 25460
18.52780, 0.00580, 25930
18.53820, 0.00031, 25507
18.54860, 0.00671, 26038
18.55900, -0.00061, 26146
18.56940, 0.00000, 26226
18.57980, 0.00031, 26402
18.59020, 0.00092, 26208
18.60060, -0.00702, 26624
18.61100, -0.00427, 26020
18.62150, -0.00580, 25257
18.63190, -0.00305, 26174
18.64230, -0.00366, 26216
18.65270, -0.00031, 26782
18.66310, -0.00366, 26986
18.67350, -0.00458, 26928
18.68390, 0.00336, 26531
18.69430, 0.00519, 26161
18.70470, -0.00092, 25565
18.71510, -0.00336, 25868
18.72550, -0.00061, 25978
18.73600, 0.00000, 25866
18.74640, 0.00122, 25666
18.75680, -0.00092, 25727
18.76720, 0.00061, 26056
18.77760, 0.00061, 25568
18.78800, 0.00061, 25414
18.79840, -0.00092, 25826
18.80880, 0.00549, 26292
18.81920, 0.00000, 26880
18.82960, -0.00183, 26350
18.84000, 0.00000, 26438
18.85050, -0.00122, 26018
18.86090, -0.00122, 25986
18.87130, 0.00702, 26328
18.88170, 0.00122, 26826
18.89210, 0.00793, 25908
18.90250, 0.00793, 26374
18.91290, 0.00366, 26462
18.92330, -0.00122, 26814
18.93370, -0.00214, 26628
18.94410, -0.00214, 25986
18.95450, -0.00214, 26532
18.96490, -0.00519, 26286
18.97540, -0.00031, 26627
18.98580, 0.00061, 26632
18.99620, 0.00122, 26882
19.00660, 0.00214, 26566
19.01700, 0.00122, 26634
19.02740, 0.00244, 27490
19.03780, 0.00305, 26768
19.04820, 0.00763, 27259
19.05860, 0.00458, 26473
19.06900, -0.00031, 27017
19.07940, -0.00092, 26388
19.08990, -0.00275, 26242
19.10030, -0.00488, 26442
19.11070, -0.00244, 26338
19.12110, -0.00153, 26057
19.13150, -0.00671, 26104
19.14190, 0.00244, 26468
19.15230, -0.00061, 26308
19.16270, 0.00061, 26324
19.17310, -0.00092, 26392
19.18350, -0.00183, 26312
19.19390, 0.00000, 26466
19.20440, -0.00153, 26579
19.21480, -0.00183, 26654
19.22520, -0.00458, 26467
19.23560, -0.00031, 26512
19.24600, -0.00488, 26682
19.25640, -0.00427, 26532
19.26680, -0.00092, 26637
19.27720, 0.00000, 26946
19.28760, -0.00092, 26801
19.29800, -0.00305, 26568
19.30840, 0.00000, 26860
19.31890, -0.00092, 26680
19.32930, -0.00366, 26952
19.33970, -0.00031, 27099
19.35010, 0.00214, 26401
19.36050, 0.00244, 26202
19.37090, 0.00183, 26028
19.38130, -0.00092, 25448
19.39170, -0.00031, 25814
19.40210, -0.00824, 27076
19.41250, 0.00183, 27114
19.42290, -0.00183, 26968
19.43330, -0.00092, 26873
19.44380, 0.00000, 27528
19.45420, 0.00153, 26324
19.46460, -0.00427, 25866
19.47500, 0.00458, 26346
19.48540, 0.00244, 25660
19.49580, 0.00122, 26106
19.50620, 0.00061, 25564
19.51660, -0.00031, 25677
19.52700, 0.00061, 25842
19.53740, 0.00275, 26862
19.54780, -0.00092, 26738
19.55830, 0.00641, 26215
19.56870, 0.00671, 25706
19.57910, 0.00061, 26444
19.58950, 0.00305, 26984
19.59990, 0.00183, 26542
19.61030, 0.00122, 26268
19.62070, -0.00824, 25442
19.63110, -0.00244, 25148
19.64150, -0.00671, 25156
19.65190, -0.00153, 25919
19.66230, 0.00092, 26209
19.67280, -0.00092, 26138
19.68320, -0.00092, 25334
19.69360, 0.00854, 25166
19.70400, 0.00305, 25668
19.71440, 0.00305, 25832
19.72480, 0.00000, 26320
19.73520, -0.00214, 25637
19.74560, -0.00946, 26088
19.75600, 0.00336, 26650
19.76640, 0.00397, 26652
19.77680, -0.00427, 26448
19.78730, 0.00214, 25687
19.79770, 0.00305, 25870
19.80810, -0.00061, 25538
19.81850, -0.00183, 26610
19.82890, 0.00641, 27110
19.83930, 0.00061, 26422
19.84970, 0.00092, 26223
19.86010, 0.00122, 26200
19.87050, 0.00183, 26590
19.88090, -0.00183, 26308
19.89130, 0.00122, 26574
19.90170, -0.00092, 26324
19.91220, -0.00183, 26296
19.92260, -0.00122, 26140
19.93300, -0.00031, 26283
19.94340, -0.00092, 26725
19.95380, 0.00244, 26486
19.96420, -0.00061, 25692
19.97460, -0.00183, 25862
#2021-08-02 18:38:48
