#2021-08-02 18:37:45
0.00000, 0.00336, 26599
0.01040, -0.00397, 27038
0.02080, -0.00061, 26774
0.03120, -0.00092, 26734
0.04160, -0.00092, 27256
0.05200, 0.00183, 26136
0.06240, 0.00092, 25853
0.07280, -0.00031, 25955
0.08320, 0.00031, 26476
0.09360, 0.00732, 26388
0.10400, 0.00000, 25528
0.11440, -0.00031, 26614
0.12490, 0.00153, 25873
0.13530, 0.00183, 25498
0.14570, -0.00061, 26138
0.15610, 0.00732, 26498
0.16650, 0.00183, 25450
0.17690, 0.00244, 26214
0.18730, 0.00275, 25950
0.19770, -0.00214, 26867
0.20810, 0.00000, 26706
0.21850, 0.00183, 26068
0.22890, -0.00122, 26490
0.23940, 0.00183, 27148
0.24980, -0.00153, 26648
0.26020, -0.00183, 26890
0.27060, 0.00031, 27041
0.28100, -0.00031, 26019
0.29140, 0.00244, 27012
0.30180, 0.00092, 26516
0.31220, 0.00092, 27374
0.32260, 0.00122, 26702
0.33300, -0.00427, 26562
0.34340, -0.00488, 27500
0.35390, -0.00458, 26579
0.36430, 0.00031, 26755
0.37470, -0.00336, 26234
0.38510, 0.00092, 25956
0.39550, -0.00031, 26498
0.40590, 0.00214, 27346
0.41630, 0.00610, 27196
0.42670, -0.00031, 27365
0.43710, -0.00031, 26405
0.44750, -0.00610, 27266
0.45790, 0.00153, 25940
0.46840, -0.00061, 26374
0.47880, 0.00610, 26806
0.48920, 0.00214, 26229
0.49960, -0.00397, 25743
0.51000, -0.00122, 26924
0.52040, -0.00122, 26278
0.53080, -0.00214, 25988
0.54120, 0.00031, 26216
0.55160, -0.00122, 26798
0.56200, -0.00305, 27108
0.57240, -0.00092, 26335
0.58280, -0.00214, 25733
0.59330, -0.00061, 26442
0.60370, 0.00092, 26260
0.61410, 0.00122, 25804
0.62450, -0.00214, 26198
0.63490, -0.00244, 26702
0.64530, -0.00061, 26158
0.65570, 0.00641, 26683
0.66610, 0.00000, 26036
0.67650, 0.00153, 25634
0.68690, 0.00183, 25940
0.69730, -0.00183, 25620
0.70780, 0.00061, 25938
0.71820, 0.00000, 26702
0.72860, 0.00061, 27138
0.73900, 0.00000, 25884
0.74940, 0.00092, 26078
0.75980, 0.00183, 26346
0.77020, -0.00336, 26958
0.78060, -0.00122, 27516
0.79100, 0.00244, 26368
0.80140, -0.00214, 26213
0.81180, -0.00244, 26044
0.82230, -0.00488, 25808
0.83270, -0.00549, 25698
0.84310, -0.00031, 25966
0.85350, -0.00092, 26443
0.86390, 0.00061, 26716
0.87430, 0.00793, 26764
0.88470, 0.00122, 27324
0.89510, -0.00183, 26792
0.90550, -0.00244, 27102
0.91590, -0.00092, 26054
0.92630, 0.00031, 26765
0.93680, 0.00031, 27365
0.94720, 0.00122, 27508
0.95760, -0.00061, 27326
0.96800, 0.00122, 26720
0.97840, -0.00488, 26240
0.98880, -0.00366, 27004
0.99920, 0.00000, 27602
1.00960, -0.00275, 27139
1.02000, 0.00458, 27001
1.03040, 0.00000, 26936
1.04080, 0.00122, 26248
1.05120, -0.00122, 25884
1.06170, -0.00122, 26692
1.07210, -0.00153, 26461
1.08250, 0.00092, 27095
1.09290, 0.00610, 26636
1.10330, 0.00000, 26180
1.11370, 0.00092, 26756
1.12410, -0.00092, 26896
1.13450, -0.00458, 26628
1.14490, 0.00092, 26905
1.15530, -0.00031, 27391
1.16570, -0.00061, 27102
1.17620, -0.00061, 27174
1.18660, -0.00061, 26684
1.19700, 0.00183, 26476
1.20740, -0.00153, 26770
1.21780, -0.00244, 26000
1.22820, 0.00244, 26532
1.23860, -0.00244, 26094
1.24900, -0.00244, 25356
1.25940, 0.00244, 25722
1.26980, -0.00214, 25698
1.28020, -0.00153, 26164
1.29070, -0.00122, 26318
1.30110, 0.00244, 26868
1.31150, 0.00000, 27358
1.32190, -0.00580, 26395
1.33230, 0.00336, 26334
1.34270, 0.00549, 26536
1.35310, -0.00519, 27066
1.36350, 0.00122, 27318
1.37390, 0.00641, 27105
1.38430, -0.00031, 26861
1.39470, 0.00183, 26608
1.40520, -0.00336, 26676
1.41560, -0.00153, 27012
1.42600, 0.00031, 27484
1.43640, 0.00122, 27274
1.44680, 0.00214, 26241
1.45720, 0.00488, 26102
1.46760, 0.00000, 25934
1.47800, -0.00610, 25856
1.48840, -0.00214, 26600
1.49880, -0.00061, 26396
1.50920, -0.00336, 27000
1.51960, -0.00122, 27042
1.53010, -0.00031, 27051
1.54050, -0.00061, 26798
1.55090, 0.00092, 26828
1.56130, -0.00092, 26870
1.57170, -0.00214, 26362
1.58210, -0.00061, 25628
1.59250, 0.00671, 26272
1.60290, 0.00031, 27127
1.61330, -0.00214, 26343
1.62370, -0.00122, 25700
1.63410, -0.00793, 25770
1.64460, -0.00275, 25942
1.65500, -0.00427, 26304
1.66540, 0.00671, 25876
1.67580, -0.00061, 25938
1.68620, 0.00061, 27066
1.69660, -0.00519, 26180
1.70700, 0.00427, 26068
1.71740, 0.00031, 27078
1.72780, -0.00427, 26610
1.73820, 0.00031, 26111
1.74860, -0.00214, 26675
1.75910, 0.00244, 26164
1.76950, 0.00183, 25982
1.77990, -0.00183, 26674
1.79030, -0.00183, 26938
1.80070, 0.00031, 26852
1.81110, 0.00122, 27192
1.82150, 0.00000, 26706
1.83190, 0.00763, 26803
1.84230, 0.00031, 27414
1.85270, -0.00214, 26906
1.86310, 0.00702, 26072
1.87360, -0.00305, 27000
1.88400, 0.00031, 26635
1.89440, 0.00214, 26111
1.90480, 0.00305, 26082
1.91520, -0.00061, 26496
1.92560, -0.00275, 26514
1.93600, -0.00305, 27010
1.94640, 0.00122, 26054
1.95680, 0.00000, 27194
1.96720, -0.00427, 26012
1.97760, -0.00366, 26246
1.98800, 0.00305, 26330
1.99850, -0.00153, 26780
2.00890, -0.00153, 27156
2.01930, -0.00305, 26814
2.02970, -0.00153, 26107
2.04010, 0.00214, 27331
2.05050, -0.00092, 27713
2.06090, -0.00702, 27640
2.07130, -0.00458, 27712
2.08170, -0.00397, 27482
2.09210, 0.00000, 27388
2.10250, 0.00244, 26960
2.11300, -0.00153, 27297
2.12340, -0.00214, 27189
2.13380, 0.00031, 27194
2.14420, 0.00458, 27588
2.15460, -0.00183, 26620
2.16500, 0.00214, 26364
2.17540, 0.00702, 26901
2.18580, 0.00183, 26584
2.19620, 0.00183, 26510
2.20660, 0.00183, 25926
2.21700, 0.00092, 26062
2.22750, 0.00336, 25808
2.23790, 0.00031, 25928
2.24830, 0.00122, 26046
2.25870, -0.00183, 26632
2.26910, -0.00214, 26783
2.27950, -0.00427, 26828
2.28990, -0.00092, 26144
2.30030, -0.00183, 25980
2.31070, 0.00305, 26180
2.32110, -0.00275, 26463
2.33150, -0.00214, 27427
2.34200, 0.00000, 26888
2.35240, 0.00153, 27082
2.36280, 0.00092, 26786
2.37320, -0.00061, 26462
2.38360, 0.00488, 27058
2.39400, -0.00122, 27062
2.40440, -0.00214, 26917
2.41480, -0.00214, 26889
2.42520, 0.00397, 26703
2.43560, 0.00702, 27246
2.44600, 0.00000, 27544
2.45640, -0.00397, 26932
2.46690, 0.00641, 25701
2.47730, 0.00061, 26126
2.48770, -0.00153, 26629
2.49810, -0.00610, 26538
2.50850, 0.00244, 26208
2.51890, 0.00122, 26982
2.52930, 0.00610, 26832
2.53970, 0.00000, 26582
2.55010, 0.00153, 26751
2.56050, 0.00214, 27005
2.57090, 0.00488, 26834
2.58140, 0.00031, 26104
2.59180, -0.00122, 27104
2.60220, -0.00671, 26282
2.61260, -0.00336, 26363
2.62300, -0.00214, 26649
2.63340, -0.00305, 26952
2.64380, 0.00580, 26989
2.65420, 0.00183, 26572
2.66460, 0.00153, 27316
2.67500, -0.00214, 26926
2.68540, 0.00061, 26670
2.69590, 0.00610, 26576
2.70630, 0.00183, 26404
2.71670, -0.00153, 26183
2.72710, 0.00244, 25930
2.73750, 0.00275, 25964
2.74790, 0.00854, 26626
2.75830, 0.00061, 26238
2.76870, 0.00549, 26468
2.77910, 0.00183, 26586
2.78950, -0.00183, 25778
2.79990, 0.00275, 26072
2.81040, -0.00427, 26094
2.82080, 0.00092, 25756
2.83120, 0.00122, 25978
2.84160, 0.00305, 25942
2.85200, -0.00031, 26313
2.86240, -0.00031, 26357
2.87280, 0.00214, 26456
2.88320, 0.00885, 26820
2.89360, 0.00000, 26904
2.90400, -0.00641, 27235
2.91440, -0.00549, 26700
2.92480, 0.00000, 26300
2.93530, -0.00122, 27724
2.94570, -0.00183, 26608
2.95610, -0.00305, 25888
2.96650, -0.00031, 26444
2.97690, 0.00031, 26941
2.98730, 0.00092, 26227
2.99770, -0.00061, 26734
3.00810, 0.00000, 27004
3.01850, 0.00183, 27188
3.02890, -0.00336, 26824
3.03930, -0.00153, 26130
3.04980, 0.00000, 25644
3.06020, -0.00031, 25735
3.07060, 0.00244, 26358
3.08100, -0.00092, 25995
3.09140, -0.00031, 26788
3.10180, 0.00275, 26260
3.11220, 0.00000, 26708
3.12260, -0.00671, 25966
3.13300, 0.00275, 26101
3.14340, 0.00214, 26617
3.15380, -0.00305, 26664
3.16430, -0.00153, 26032
3.17470, -0.00427, 26130
3.18510, 0.00183, 26038
3.19550, -0.00153, 26605
3.20590, -0.00549, 26288
3.21630, 0.00732, 26828
3.22670, -0.00427, 26610
3.23710, -0.00397, 26868
3.24750, -0.00031, 26436
3.25790, -0.00244, 26530
3.26830, -0.00122, 25992
3.27880, -0.00183, 27062
3.28920, -0.00458, 26905
3.29960, -0.00153, 26385
3.31000, 0.00061, 26684
3.32040, 0.00549, 26588
3.33080, 0.00427, 25782
3.34120, 0.00183, 26042
3.35160, 0.00061, 25838
3.36200, -0.00397, 25523
3.37240, -0.00336, 25409
3.38280, -0.00061, 26106
3.39320, -0.00092, 25650
3.40370, 0.00031, 26192
3.41410, 0.00153, 26836
3.42450, -0.00610, 26620
3.43490, -0.00427, 26432
3.44530, -0.00061, 26070
3.45570, 0.00000, 26010
3.46610, -0.00458, 25652
3.47650, -0.00244, 26332
3.48690, 0.00000, 26444
3.49730, 0.00183, 26626
3.50770, -0.00427, 26538
3.51820, -0.00427, 26390
3.52860, -0.00122, 26008
3.53900, -0.00061, 26316
3.54940, -0.00397, 26918
3.55980, 0.00183, 26590
3.57020, 0.00763, 26309
3.58060, -0.00061, 25680
3.59100, -0.00610, 25626
3.60140, 0.00031, 25986
3.61180, 0.00763, 25802
3.62220, 0.00458, 26352
3.63270, -0.00244, 26560
3.64310, -0.00153, 25883
3.65350, -0.00122, 25650
3.66390, 0.00000, 25500
3.67430, 0.00549, 25894
3.68470, 0.00000, 26910
3.69510, -0.00031, 27294
3.70550, 0.00122, 26410
3.71590, 0.00061, 27216
3.72630, 0.00061, 25954
3.73670, 0.00092, 26103
3.74720, -0.00366, 26906
3.75760, -0.00031, 25914
3.76800, -0.00092, 26084
3.77840, 0.00031, 26646
3.78880, 0.00305, 27092
3.79920, 0.00793, 25952
3.80960, -0.00275, 26045
3.82000, -0.00214, 26244
3.83040, 0.00305, 25994
3.84080, 0.00488, 26846
3.85120, 0.00122, 27040
3.86160, 0.00061, 26746
3.87210, 0.00000, 25950
3.88250, -0.00183, 25968
3.89290, 0.00092, 26152
3.90330, 0.00061, 26190
3.91370, -0.00305, 26376
3.92410, -0.00519, 26110
3.93450, -0.00031, 26161
3.94490, -0.00214, 25909
3.95530, 0.00122, 25934
3.96570, 0.00214, 26250
3.97610, -0.00610, 26540
3.98660, -0.00061, 26016
3.99700, 0.00092, 26634
4.00740, -0.00031, 26391
4.01780, -0.00031, 27493
4.02820, -0.00031, 27651
4.03860, -0.00641, 26970
4.04900, -0.00244, 26850
4.05940, -0.00275, 26640
4.06980, -0.00427, 26704
4.08020, 0.00031, 26913
4.09060, 0.00732, 26642
4.10110, 0.00031, 26719
4.11150, 0.00092, 26840
4.12190, 0.00183, 26474
4.13230, -0.00031, 26732
4.14270, 0.00519, 27524
4.15310, -0.00183, 27556
4.16350, 0.00122, 27658
4.17390, -0.00061, 26934
4.18430, 0.00854, 26608
4.19470, 0.00061, 26502
4.20510, 0.00000, 26014
4.21560, 0.00000, 26708
4.22600, 0.00763, 26129
4.23640, -0.00275, 26269
4.24680, -0.00366, 26104
4.25720, 0.00000, 26880
4.26760, 0.00000, 26354
4.27800, -0.00275, 27246
4.28840, 0.00122, 26700
4.29880, 0.00854, 26896
4.30920, 0.00092, 26451
4.31960, -0.00183, 26680
4.33000, 0.00244, 26878
4.34050, -0.00458, 27214
4.35090, -0.00092, 26988
4.36130, -0.00305, 26346
4.37170, -0.00092, 26139
4.38210, 0.00000, 26628
4.39250, -0.00031, 25905
4.40290, -0.00153, 25893
4.41330, 0.00183, 26708
4.42370, -0.00275, 27412
4.43410, -0.00092, 27662
4.44450, -0.00214, 27375
4.45500, 0.00153, 26967
4.46540, 0.00000, 27420
4.47580, -0.00061, 27288
4.48620, 0.00549, 27220
4.49660, 0.00000, 26822
4.50700, 0.00000, 26346
4.51740, -0.00031, 26145
4.52780, -0.00610, 26778
4.53820, -0.00549, 26666
4.54860, -0.00122, 26054
4.55900, 0.00092, 26168
4.56950, 0.00000, 26034
4.57990, -0.00397, 25668
4.59030, 0.00031, 25937
4.60070, -0.00061, 26276
4.61110, 0.00488, 26162
4.62150, 0.00122, 26030
4.63190, 0.00336, 26366
4.64230, -0.00366, 26390
4.65270, 0.00061, 26036
4.66310, 0.00732, 26092
4.67350, -0.00031, 27197
4.68400, -0.00092, 26277
4.69440, -0.00549, 25816
4.70480, -0.00031, 25302
4.71520, -0.00183, 25948
4.72560, 0.01068, 26870
4.73600, -0.00031, 26805
4.74640, 0.00153, 27035
4.75680, -0.00031, 26557
4.76720, -0.00031, 26475
4.77760, -0.00488, 26410
4.78800, 0.00061, 26392
4.79840, -0.00183, 26646
4.80890, -0.00092, 26841
4.81930, -0.00031, 26675
4.82970, -0.00275, 26089
4.84010, -0.00244, 25810
4.85050, -0.00305, 25782
4.86090, 0.00244, 26004
4.87130, 0.00092, 26518
4.88170, 0.00488, 26740
4.89210, -0.00183, 26430
4.90250, -0.00031, 26421
4.91290, -0.00031, 27173
4.92340, 0.00061, 26616
4.93380, -0.00061, 27208
4.94420, 0.00122, 27174
4.95460, -0.00458, 25991
4.96500, -0.00153, 27059
4.97540, -0.00092, 27161
4.98580, 0.00214, 26289
4.99620, -0.00061, 26526
5.00660, -0.00031, 26670
5.01700, 0.00061, 27080
5.02740, 0.00000, 27120
5.03790, 0.00122, 26476
5.04830, -0.00061, 26082
5.05870, 0.00214, 26487
5.06910, 0.00214, 26272
5.07950, -0.00031, 26406
5.08990, 0.00183, 27314
5.10030, -0.00061, 26756
5.11070, 0.00671, 26940
5.12110, -0.00183, 26706
5.13150, -0.00122, 26386
5.14190, 0.00000, 26756
5.15240, -0.00183, 26790
5.16280, 0.00183, 26962
5.17320, -0.00366, 26352
5.18360, 0.00061, 26322
5.19400, 0.00122, 26456
5.20440, -0.00397, 26811
5.21480, -0.00458, 26466
5.22520, -0.00122, 25976
5.23560, -0.00153, 25764
5.24600, 0.00122, 26186
5.25640, -0.00122, 26554
5.26680, -0.00092, 27009
5.27730, 0.00122, 26476
5.28770, 0.00214, 26362
5.29810, -0.00122, 25932
5.30850, 0.00488, 26254
5.31890, -0.00366, 26442
5.32930, -0.00214, 26617
5.33970, -0.00183, 27188
5.35010, 0.00183, 26676
5.36050, 0.00183, 26300
5.37090, -0.00092, 26724
5.38130, 0.00153, 27142
5.39180, 0.00000, 27398
5.40220, 0.00061, 26798
5.41260, 0.00061, 26174
5.42300, -0.00183, 26392
5.43340, -0.00153, 25990
5.44380, 0.00031, 26144
5.45420, -0.00122, 26696
5.46460, -0.00031, 26478
5.47500, -0.00122, 26378
5.48540, 0.00031, 27299
5.49580, 0.00153, 26701
5.50630, -0.00366, 27060
5.51670, 0.00092, 26724
5.52710, -0.00275, 25704
5.53750, -0.00061, 25992
5.54790, -0.00031, 26515
5.55830, 0.00366, 26820
5.56870, 0.00183, 26646
5.57910, 0.00000, 27406
5.58950, -0.00122, 27332
5.59990, 0.00061, 27030
5.61030, 0.00031, 26732
5.62080, -0.00122, 26586
5.63120, -0.00061, 26760
5.64160, -0.00031, 26915
5.65200, -0.00214, 25630
5.66240, 0.00244, 25882
5.67280, 0.00244, 26376
5.68320, 0.00824, 26522
5.69360, 0.00183, 26268
5.70400, 0.00153, 27473
5.71440, 0.00061, 27156
5.72480, -0.00488, 26842
5.73520, -0.00153, 25574
5.74570, 0.00000, 26086
5.75610, -0.00214, 26552
5.76650, -0.00244, 26692
5.77690, 0.00122, 27030
5.78730, -0.00061, 26196
5.79770, 0.00153, 26228
5.80810, 0.00732, 27402
5.81850, -0.00183, 26982
5.82890, -0.00732, 26890
5.83930, -0.00488, 26686
5.84970, -0.00183, 26436
5.86020, -0.00366, 26614
5.87060, -0.00244, 27296
5.88100, -0.00092, 26994
5.89140, -0.00153, 26422
5.90180, -0.00031, 26666
5.91220, -0.00366, 25708
5.92260, 0.00214, 25585
5.93300, 0.00336, 26491
5.94340, -0.00336, 26762
5.95380, -0.00214, 27112
5.96420, 0.00061, 26496
5.97470, 0.00061, 26240
5.98510, 0.00244, 26708
5.99550, 0.00916, 26756
6.00590, -0.00092, 27021
6.01630, -0.00092, 26718
6.02670, -0.00122, 26596
6.03710, 0.00122, 25980
6.04750, 0.00031, 26430
6.05790, 0.00793, 27056
6.06830, -0.00061, 26940
6.07870, 0.00000, 26072
6.08920, -0.00092, 27055
6.09960, -0.00061, 27050
6.11000, -0.00214, 26212
6.12040, 0.00000, 25872
6.13080, -0.00031, 27295
6.14120, -0.00092, 27247
6.15160, 0.00031, 26005
6.16200, -0.00031, 26035
6.17240, 0.00183, 26818
6.18280, 0.00061, 27032
6.19320, 0.00000, 26376
6.20360, -0.00305, 25796
6.21410, 0.00122, 25698
6.22450, 0.00885, 26027
6.23490, -0.00153, 26669
6.24530, -0.00092, 26678
6.25570, -0.00153, 26614
6.26610, -0.00122, 26108
6.27650, -0.00122, 26390
6.28690, 0.00580, 26295
6.29730, -0.00153, 26431
6.30770, -0.00549, 26306
6.31810, 0.00153, 26656
6.32860, 0.00000, 26978
6.33900, 0.00732, 26536
6.34940, -0.00031, 26475
6.35980, 0.00061, 27182
6.37020, 0.00153, 27311
6.38060, 0.00031, 27085
6.39100, -0.00305, 27018
6.40140, -0.00214, 26804
6.41180, 0.00031, 27320
6.42220, -0.00153, 26447
6.43260, -0.00610, 26602
6.44310, -0.00275, 26687
6.45350, 0.00061, 26162
6.46390, -0.00092, 26002
6.47430, 0.00366, 26058
6.48470, 0.00092, 26382
6.49510, 0.00763, 27089
6.50550, -0.00031, 26741
6.51590, 0.00153, 26629
6.52630, -0.00153, 26559
6.53670, -0.00763, 26200
6.54710, -0.00031, 26134
6.55760, 0.00122, 26290
6.56800, -0.00183, 26646
6.57840, -0.00214, 26683
6.58880, -0.00031, 26645
6.59920, -0.00214, 26855
6.60960, -0.00183, 26650
6.62000, 0.00732, 26840
6.63040, 0.00305, 26996
6.64080, 0.00885, 25913
6.65120, -0.00092, 26057
6.66160, -0.00336, 26355
6.67200, 0.00031, 26637
6.68250, 0.00031, 26778
6.69290, -0.00092, 26742
6.70330, -0.00214, 26510
6.71370, -0.00122, 26528
6.72410, -0.00336, 26633
6.73450, -0.00244, 26270
6.74490, 0.00122, 25778
6.75530, -0.00214, 26630
6.76570, -0.00458, 26070
6.77610, 0.00122, 26818
6.78650, -0.00061, 27128
6.79700, -0.00092, 26737
6.80740, -0.00092, 25661
6.81780, -0.00244, 25702
6.82820, -0.00427, 25866
6.83860, 0.00122, 26564
6.84900, 0.00183, 26960
6.85940, 0.00366, 26514
6.86980, -0.00061, 27000
6.88020, -0.00061, 27196
6.89060, -0.00305, 26812
6.90100, -0.00305, 26048
6.91150, 0.00122, 25914
6.92190, -0.00275, 26248
6.93230, -0.00122, 26504
6.94270, -0.00214, 26273
6.95310, -0.00854, 26706
6.96350, -0.00458, 26513
6.97390, -0.00244, 26994
6.98430, 0.00488, 26912
6.99470, -0.00061, 26720
7.00510, -0.00183, 27046
7.01550, -0.00092, 26729
7.02600, -0.00092, 26547
7.03640, -0.00031, 26879
7.04680, -0.00031, 25914
7.05720, 0.00153, 25704
7.06760, -0.00092, 26686
7.07800, -0.00488, 26558
7.08840, -0.00488, 26776
7.09880, -0.00244, 26634
7.10920, 0.00153, 26285
7.11960, 0.00122, 26152
7.13000, 0.00732, 26550
7.14040, -0.00275, 26800
7.15090, 0.00183, 26214
7.16130, 0.00519, 26395
7.17170, -0.00214, 26439
7.18210, 0.00000, 26340
7.19250, -0.00275, 26598
7.20290, -0.00061, 26228
7.21330, -0.00275, 25690
7.22370, -0.00488, 26050
7.23410, -0.00183, 25596
7.24450, 0.00031, 26061
7.25490, 0.00275, 26365
7.26540, 0.00580, 26352
7.27580, -0.00397, 27074
7.28620, -0.00244, 25896
7.29660, 0.00092, 25322
7.30700, -0.00092, 26845
7.31740, 0.00153, 26847
7.32780, 0.00397, 26485
7.33820, -0.00153, 26196
7.34860, 0.00824, 26406
7.35900, 0.00488, 26168
7.36940, 0.00122, 26528
7.37990, -0.00183, 25562
7.39030, -0.00275, 26963
7.40070, -0.00183, 26624
7.41110, 0.00244, 27276
7.42150, -0.00397, 26054
7.43190, -0.00153, 26712
7.44230, -0.00122, 26900
7.45270, -0.00427, 25734
7.46310, 0.00610, 26440
7.47350, -0.00092, 26485
7.48390, -0.00092, 26938
7.49440, 0.00671, 26204
7.50480, -0.00427, 25880
7.51520, -0.00214, 26470
7.52560, 0.00092, 25995
7.53600, -0.00153, 26715
7.54640, -0.00122, 26872
7.55680, 0.00183, 27064
7.56720, -0.00214, 25922
7.57760, -0.00214, 25484
7.58800, 0.00153, 25872
7.59840, -0.00153, 26429
7.60880, 0.00244, 26734
7.61930, -0.00458, 26483
7.62970, 0.00427, 27058
7.64010, -0.00092, 26328
7.65050, 0.00214, 26744
7.66090, -0.00610, 25616
7.67130, 0.00275, 25941
7.68170, -0.00458, 26133
7.69210, 0.00702, 26399
7.70250, -0.00458, 26370
7.71290, -0.00488, 26912
7.72330, 0.00000, 26970
7.73380, -0.00031, 26316
7.74420, -0.00580, 26713
7.75460, 0.00702, 27021
7.76500, 0.00000, 26064
7.77540, -0.00732, 27306
7.78580, 0.00610, 25936
7.79620, -0.00427, 26724
7.80660, 0.00031, 26444
7.81700, -0.00275, 26337
7.82740, 0.00336, 25881
7.83780, 0.00061, 27052
7.84830, -0.00031, 26526
7.85870, 0.00092, 26096
7.86910, -0.00458, 26014
7.87950, 0.00000, 25276
7.88990, 0.00305, 26154
7.90030, 0.00031, 26683
7.91070, -0.00305, 25568
7.92110, 0.00610, 25874
7.93150, -0.00458, 25984
7.94190, 0.00153, 26736
7.95230, -0.00122, 26366
7.96280, 0.00427, 26086
7.97320, -0.00122, 26054
7.98360, 0.00092, 26309
7.99400, 0.00000, 27312
8.00440, -0.00153, 26962
8.01480, 0.00153, 26724
8.02520, 0.00092, 26938
8.03560, 0.00000, 26588
8.04600, 0.00061, 26388
8.05640, -0.00610, 26404
8.06680, 0.00183, 26908
8.07720, 0.00153, 25866
8.08770, 0.00000, 26822
8.09810, -0.00183, 25936
8.10850, 0.00305, 26580
8.11890, -0.00031, 26545
8.12930, 0.00244, 25466
8.13970, 0.00214, 26931
8.15010, -0.00092, 26154
8.16050, -0.00183, 25698
8.17090, -0.00092, 25888
8.18130, -0.00214, 26891
8.19170, 0.00153, 26237
8.20220, -0.00580, 25591
8.21260, 0.00214, 26545
8.22300, -0.00824, 26632
8.23340, 0.00092, 26076
8.24380, 0.00397, 26208
8.25420, -0.00092, 27491
8.26460, -0.00061, 26802
8.27500, 0.00092, 25893
8.28540, 0.00305, 26608
8.29580, 0.00610, 27062
8.30620, -0.00153, 27018
8.31670, 0.00031, 27088
8.32710, -0.00214, 26839
8.33750, 0.00580, 26337
8.34790, -0.00061, 27124
8.35830, -0.00122, 26156
8.36870, -0.00031, 26886
8.37910, 0.00122, 27364
8.38950, -0.00153, 26164
8.39990, -0.00031, 26739
8.41030, -0.00244, 26570
8.42070, -0.00214, 26197
8.43120, 0.00244, 25710
8.44160, -0.00092, 26528
8.45200, -0.00183, 26614
8.46240, 0.00122, 25788
8.47280, 0.00153, 26329
8.48320, 0.00153, 26329
8.49360, -0.00153, 26365
8.50400, -0.00244, 27318
8.51440, -0.00366, 26400
8.52480, 0.00305, 26512
8.53520, 0.00427, 26312
8.54560, 0.00122, 26396
8.55610, -0.00305, 26950
8.56650, -0.00214, 26039
8.57690, -0.00092, 26517
8.58730, -0.00153, 26352
8.59770, 0.00153, 26066
8.60810, 0.00214, 26416
8.61850, 0.00488, 27150
8.62890, -0.00153, 26733
8.63930, -0.00244, 26522
8.64970, 0.00366, 26756
8.66010, 0.00427, 25472
8.67060, -0.00244, 26156
8.68100, 0.00061, 27120
8.69140, 0.00214, 26341
8.70180, 0.00763, 26371
8.71220, -0.00305, 26112
8.72260, 0.00092, 26513
8.73300, 0.00092, 25834
8.74340, -0.00641, 26404
8.75380, -0.00214, 25526
8.76420, -0.00031, 26023
8.77460, -0.00366, 26562
8.78510, 0.00122, 27106
8.79550, 0.00641, 26873
8.80590, -0.00092, 26164
8.81630, 0.00031, 25636
8.82670, -0.00183, 27098
8.83710, 0.00732, 26804
8.84750, -0.00366, 26726
8.85790, 0.00092, 26629
8.86830, -0.00183, 26784
8.87870, -0.00092, 26426
8.88910, 0.00061, 26232
8.89960, -0.00397, 26300
8.91000, 0.00153, 26306
8.92040, 0.00092, 26409
8.93080, -0.00702, 26585
8.94120, 0.00122, 26590
8.95160, 0.00214, 26396
8.96200, 0.00000, 26590
8.97240, -0.00397, 27358
8.98280, -0.00092, 27524
8.99320, 0.00275, 26721
9.00360, 0.00305, 26714
9.01400, 0.00000, 26130
9.02450, -0.00702, 26964
9.03490, -0.00122, 26510
9.04530, 0.00122, 26682
9.05570, -0.00916, 26562
9.06610, -0.00580, 26755
9.07650, -0.00153, 26103
9.08690, -0.00336, 25731
9.09730, 0.00153, 25566
9.10770, -0.00031, 25792
9.11810, 0.00732, 26424
9.12850, 0.00122, 26342
9.13900, -0.00214, 26297
9.14940, 0.00122, 25836
9.15980, 0.00336, 26677
9.17020, 0.00244, 26680
9.18060, 0.00427, 26156
9.19100, -0.00214, 26642
9.20140, 0.00122, 26528
9.21180, -0.00153, 26079
9.22220, -0.00183, 26982
9.23260, 0.00092, 26385
9.24300, -0.00153, 26896
9.25350, 0.00305, 26486
9.26390, 0.00061, 26456
9.27430, 0.00092, 25980
9.28470, -0.00183, 26380
9.29510, -0.00397, 27431
9.30550, 0.00153, 26651
9.31590, -0.00549, 26114
9.32630, -0.00183, 27184
9.33670, 0.00000, 26076
9.34710, -0.00275, 26946
9.35750, -0.00153, 26935
9.36800, 0.00061, 26142
9.37840, -0.00610, 26026
9.38880, -0.00427, 26454
9.39920, -0.00061, 25810
9.40960, 0.00000, 26584
9.42000, -0.00122, 26672
9.43040, 0.00031, 25307
9.44080, -0.00061, 25962
9.45120, 0.00366, 26648
9.46160, -0.00092, 26674
9.47200, -0.00458, 26470
9.48240, -0.00275, 26092
9.49290, -0.00183, 26134
9.50330, 0.00458, 26255
9.51370, -0.00275, 26463
9.52410, 0.00305, 26600
9.53450, 0.00061, 26148
9.54490, -0.00244, 26442
9.55530, -0.00824, 26404
9.56570, 0.00305, 26044
9.57610, 0.00031, 26899
9.58650, 0.00092, 26473
9.59690, 0.00122, 26316
9.60740, -0.00458, 25748
9.61780, 0.00031, 26654
9.62820, -0.00275, 26704
9.63860, -0.00061, 26514
9.64900, 0.00549, 26496
9.65940, -0.00122, 25918
9.66980, -0.00458, 26551
9.68020, -0.00244, 26366
9.69060, -0.00092, 26316
9.70100, 0.00549, 26574
9.71140, -0.00153, 25686
9.72190, -0.00183, 25898
9.73230, -0.00275, 26501
9.74270, -0.00214, 26517
9.75310, 0.00153, 25861
9.76350, -0.00122, 26026
9.77390, -0.00061, 26166
9.78430, -0.00244, 26946
9.79470, -0.00092, 26799
9.80510, -0.00031, 26845
9.81550, -0.00122, 26938
9.82590, 0.00214, 26371
9.83640, -0.00366, 26466
9.84680, 0.00153, 26462
9.85720, -0.00244, 25862
9.86760, 0.00092, 25871
9.87800, -0.00519, 26161
9.88840, -0.00031, 26347
9.89880, 0.00732, 25930
9.90920, 0.00000, 25528
9.91960, 0.00122, 26806
9.93000, 0.00031, 26508
9.94040, 0.00061, 26020
9.95080, -0.00031, 26845
9.96130, -0.00061, 25642
9.97170, -0.00031, 26273
9.98210, -0.00183, 26312
9.99250, 0.00031, 26566
10.00290, 0.00488, 25908
10.01330, 0.00092, 26261
10.02370, 0.00610, 26074
10.03410, 0.00031, 26893
10.04450, 0.00336, 25865
10.05490, -0.00122, 26212
10.06530, -0.00214, 26354
10.07580, 0.00092, 27538
10.08620, 0.00458, 26493
10.09660, -0.00061, 25744
10.10700, -0.00031, 26133
10.11740, 0.00092, 26607
10.12780, -0.00275, 26420
10.13820, 0.00397, 25928
10.14860, -0.00122, 26954
10.15900, -0.00549, 26036
10.16940, 0.00000, 26754
10.17980, 0.00183, 26168
10.19030, -0.00031, 26703
10.20070, -0.00092, 26288
10.21110, 0.00153, 26684
10.22150, 0.00061, 26666
10.23190, -0.00031, 26463
10.24230, -0.00061, 25804
10.25270, 0.00458, 26323
10.26310, -0.00122, 27136
10.27350, 0.00153, 26174
10.28390, -0.00122, 26772
10.29430, 0.00000, 25888
10.30480, -0.00275, 26695
10.31520, -0.00275, 26575
10.32560, 0.00488, 26666
10.33600, 0.00641, 26277
10.34640, -0.00183, 26288
10.35680, 0.00183, 27040
10.36720, 0.00122, 26346
10.37760, 0.00275, 26393
10.38800, 0.00336, 26365
10.39840, -0.00214, 27021
10.40880, 0.00122, 26554
10.41920, -0.00031, 26640
10.42970, 0.00183, 26092
10.44010, 0.00488, 26418
10.45050, -0.00244, 26088
10.46090, 0.00061, 26208
10.47130, -0.00092, 27179
10.48170, -0.00031, 25977
10.49210, 0.00000, 26054
10.50250, -0.00641, 26114
10.51290, -0.00366, 26730
10.52330, 0.00092, 26677
10.53370, -0.00122, 26464
10.54420, -0.00092, 26747
10.55460, -0.00153, 27017
10.56500, 0.00061, 26662
10.57540, 0.00092, 26092
10.58580, 0.00092, 25662
10.59620, 0.00732, 26078
10.60660, -0.00061, 26994
10.61700, -0.00122, 26132
10.62740, -0.00031, 25943
10.63780, 0.00153, 26748
10.64820, 0.00000, 26924
10.65870, -0.00031, 26342
10.66910, 0.00122, 26368
10.67950, 0.00122, 26206
10.68990, -0.00122, 26438
10.70030, 0.00122, 25488
10.71070, 0.00427, 25826
10.72110, -0.00031, 26016
10.73150, 0.00000, 26386
10.74190, -0.00488, 26680
10.75230, -0.00061, 26122
10.76270, -0.00549, 26580
10.77320, -0.00275, 26109
10.78360, 0.00031, 26988
10.79400, 0.00214, 26478
10.80440, -0.00092, 25650
10.81480, 0.00092, 25786
10.82520, 0.00061, 26128
10.83560, -0.00183, 26144
10.84600, -0.00061, 26420
10.85640, -0.00366, 26244
10.86680, -0.00122, 25468
10.87720, 0.00061, 26388
10.88760, 0.00092, 26328
10.89810, 0.00092, 25661
10.90850, -0.00183, 25212
10.91890, 0.00610, 25616
10.92930, -0.00031, 26028
10.93970, -0.00092, 25816
10.95010, 0.00061, 25742
10.96050, -0.00183, 25614
10.97090, -0.00427, 26060
10.98130, -0.00122, 26474
10.99170, -0.00092, 26421
11.00210, 0.00092, 26224
11.01260, 0.00671, 26382
11.02300, -0.00275, 26586
11.03340, -0.00458, 27050
11.04380, 0.00305, 26498
11.05420, -0.00061, 26944
11.06460, -0.00397, 26881
11.07500, -0.00275, 25874
11.08540, 0.00092, 26144
11.09580, 0.00702, 26326
11.10620, -0.00214, 26252
11.11660, -0.00214, 26309
11.12710, -0.00183, 27012
11.13750, 0.00153, 26581
11.14790, 0.00000, 25990
11.15830, -0.00275, 25934
11.16870, 0.00092, 26902
11.17910, 0.00031, 26950
11.18950, 0.00641, 27317
11.19990, -0.00305, 27004
11.21030, 0.00122, 26752
11.22070, -0.00153, 27508
11.23110, 0.00549, 27352
11.24160, 0.00580, 25888
11.25200, -0.00092, 26100
11.26240, 0.00061, 26260
11.27280, 0.00183, 26054
11.28320, -0.00092, 26093
11.29360, -0.00732, 26190
11.30400, -0.00092, 26640
11.31440, 0.00000, 27114
11.32480, -0.00214, 26542
11.33520, 0.00092, 26169
11.34560, -0.00305, 26380
11.35600, 0.00092, 25617
11.36650, -0.00305, 26456
11.37690, -0.00061, 26560
11.38730, 0.00397, 25778
11.39770, -0.00122, 25808
11.40810, -0.00275, 26173
11.41850, -0.00061, 26616
11.42890, 0.00763, 26651
11.43930, -0.00122, 26220
11.44970, 0.00031, 25792
11.46010, -0.00305, 26278
11.47050, 0.00549, 26650
11.48100, 0.00000, 26132
11.49140, 0.00366, 27186
11.50180, 0.00092, 26383
11.51220, -0.00214, 26868
11.52260, 0.00153, 25948
11.53300, 0.00122, 26638
11.54340, -0.00061, 25944
11.55380, 0.00092, 26337
11.56420, 0.00092, 26771
11.57460, -0.00061, 25810
11.58500, -0.00275, 26843
11.59550, -0.00122, 26382
11.60590, 0.00061, 26884
11.61630, 0.00641, 27002
11.62670, -0.00061, 26798
11.63710, 0.00366, 25936
11.64750, -0.00092, 25863
11.65790, 0.00366, 26804
11.66830, 0.00092, 26080
11.67870, 0.00031, 26650
11.68910, -0.00366, 26796
11.69950, -0.00244, 26582
11.71000, -0.00122, 26686
11.72040, 0.00610, 26136
11.73080, -0.00122, 25960
11.74120, -0.00153, 25974
11.75160, 0.00061, 25894
11.76200, 0.00366, 25796
11.77240, -0.00122, 26114
11.78280, -0.00061, 25850
11.79320, -0.00427, 25262
11.80360, 0.00336, 25865
11.81400, 0.00000, 27150
11.82440, 0.00244, 26816
11.83490, -0.00092, 26216
11.84530, -0.00183, 26850
11.85570, -0.00427, 26648
11.86610, 0.00092, 26067
11.87650, -0.00061, 26180
11.88690, -0.00214, 26454
11.89730, -0.00153, 25498
11.90770, -0.00061, 26252
11.91810, -0.00183, 26124
11.92850, -0.00061, 26666
11.93890, 0.00977, 26454
11.94940, -0.00061, 25866
11.95980, 0.00214, 25772
11.97020, 0.00061, 25800
11.98060, -0.00366, 25590
11.99100, 0.00000, 25740
12.00140, -0.00031, 26171
12.01180, 0.00092, 25895
12.02220, 0.00122, 26178
12.03260, -0.00031, 26388
12.04300, 0.00305, 25936
12.05340, 0.00061, 26084
12.06390, 0.00275, 26811
12.07430, -0.00244, 27130
12.08470, 0.00092, 27241
12.09510, 0.00732, 27224
12.10550, 0.00000, 26584
12.11590, -0.00702, 27066
12.12630, -0.00305, 25670
12.13670, 0.00702, 26197
12.14710, -0.00031, 26331
12.15750, 0.00183, 26744
12.16790, 0.00061, 25974
12.17840, -0.00061, 26958
12.18880, -0.00031, 26972
12.19920, -0.00275, 26978
12.20960, 0.00702, 26117
12.22000, 0.00092, 25401
12.23040, -0.00183, 25266
12.24080, 0.00641, 25245
12.25120, 0.00244, 25502
12.26160, 0.00183, 26514
12.27200, 0.00000, 27166
12.28240, 0.00061, 26768
12.29280, -0.00214, 26359
12.30330, -0.00031, 25901
12.31370, 0.00977, 26082
12.32410, -0.00061, 26616
12.33450, -0.00092, 26734
12.34490, -0.00092, 26306
12.35530, 0.00305, 26508
12.36570, -0.00153, 27219
12.37610, -0.00732, 26102
12.38650, 0.00366, 26290
12.39690, -0.00153, 26812
12.40730, 0.00305, 26320
12.41780, -0.00305, 26646
12.42820, -0.00092, 26459
12.43860, -0.00610, 26334
12.44900, -0.00061, 26036
12.45940, 0.00061, 25844
12.46980, -0.00153, 25952
12.48020, -0.00122, 26354
12.49060, 0.00824, 26694
12.50100, 0.00061, 26020
12.51140, -0.00183, 26308
12.52180, 0.00031, 26775
12.53230, 0.00092, 26081
12.54270, -0.00153, 26378
12.55310, 0.00580, 26490
12.56350, -0.00275, 25736
12.57390, -0.00305, 26868
12.58430, 0.00153, 26907
12.59470, 0.00732, 26998
12.60510, 0.00214, 26481
12.61550, 0.00397, 26730
12.62590, -0.00214, 26954
12.63630, -0.00244, 26208
12.64680, -0.00397, 25724
12.65720, 0.00153, 25711
12.66760, -0.00122, 26122
12.67800, -0.00183, 26460
12.68840, 0.00092, 25974
12.69880, 0.00244, 25696
12.70920, -0.00305, 25780
12.71960, -0.00061, 26260
12.73000, 0.00092, 26193
12.74040, 0.00214, 25797
12.75080, -0.00031, 25885
12.76120, 0.00061, 26632
12.77170, 0.00336, 27046
12.78210, -0.00122, 26756
12.79250, 0.00214, 26082
12.80290, 0.00122, 25198
12.81330, 0.00275, 26531
12.82370, -0.00061, 26226
12.83410, -0.00214, 25904
12.84450, -0.00122, 25686
12.85490, 0.00031, 25998
12.86530, -0.00519, 27016
12.87570, 0.00092, 26655
12.88620, 0.00763, 26063
12.89660, -0.00061, 25858
12.90700, 0.00305, 25654
12.91740, -0.00397, 25624
12.92780, 0.00458, 26002
12.93820, 0.00275, 26214
12.94860, 0.00031, 25943
12.95900, 0.00000, 25274
12.96940, 0.00183, 25302
12.97980, 0.00214, 25280
12.99020, 0.00092, 25752
13.00070, -0.00183, 25846
13.01110, -0.00092, 26040
13.02150, -0.00122, 26566
13.03190, -0.00092, 26631
13.04230, -0.00153, 26395
13.05270, -0.00122, 25994
13.06310, -0.00427, 26404
13.07350, -0.00580, 26226
13.08390, 0.00580, 25852
13.09430, -0.00305, 27334
13.10470, -0.00244, 26728
13.11520, 0.00397, 26483
13.12560, 0.00214, 27098
13.13600, -0.00305, 27090
13.14640, -0.00519, 26030
13.15680, -0.00061, 27028
13.16720, -0.00793, 26924
13.17760, -0.00610, 27018
13.18800, -0.00092, 26981
13.19840, -0.00244, 26584
13.20880, -0.00275, 25916
13.21920, -0.00305, 25874
13.22960, -0.00031, 25894
13.24010, -0.00244, 26102
13.25050, -0.00183, 25734
13.26090, -0.00092, 25575
13.27130, 0.00824, 25816
13.28170, 0.00031, 25356
13.29210, -0.00122, 25746
13.30250, 0.00153, 26720
13.31290, 0.00183, 27144
13.32330, 0.00061, 26488
13.33370, -0.00305, 26548
13.34410, 0.00061, 26758
13.35460, 0.00671, 26746
13.36500, 0.00092, 26288
13.37540, 0.00275, 26874
13.38580, 0.00305, 26392
13.39620, 0.00122, 26340
13.40660, 0.00031, 26043
13.41700, -0.00397, 26529
13.42740, -0.00519, 26376
13.43780, -0.00122, 26454
13.44820, -0.00031, 26196
13.45860, -0.00641, 26345
13.46910, -0.00549, 26698
13.47950, 0.00061, 26632
13.48990, -0.00092, 26651
13.50030, -0.00916, 26302
13.51070, -0.00549, 26426
13.52110, -0.00275, 26866
13.53150, -0.00153, 26299
13.54190, 0.00092, 25863
13.55230, -0.00183, 25766
13.56270, 0.00122, 25486
13.57310, -0.00214, 25572
13.58360, 0.00275, 26534
13.59400, 0.00153, 26374
13.60440, -0.00092, 25907
13.61480, 0.00153, 26225
13.62520, -0.00061, 25918
13.63560, -0.00092, 25815
13.64600, -0.00305, 26120
13.65640, 0.00122, 25550
13.66680, -0.00061, 26302
13.67720, -0.00092, 26563
13.68760, -0.00061, 25482
13.69800, 0.00061, 25862
13.70850, -0.00397, 26055
13.71890, 0.00183, 26130
13.72930, -0.00488, 26146
13.73970, -0.00061, 26770
13.75010, -0.00092, 27013
13.76050, -0.00214, 26481
13.77090, -0.00031, 26295
13.78130, 0.00397, 25747
13.79170, -0.00244, 25434
13.80210, -0.00031, 25476
13.81250, -0.00336, 26374
13.82300, 0.00702, 26303
13.83340, 0.00153, 26665
13.84380, -0.00336, 26581
13.85420, 0.00214, 26299
13.86460, 0.00000, 25996
13.87500, -0.00092, 25756
13.88540, -0.00153, 26234
13.89580, 0.00824, 26739
13.90620, -0.00153, 26873
13.91660, 0.00000, 26538
13.92700, 0.00031, 26963
13.93750, 0.00488, 26558
13.94790, -0.00061, 25734
13.95830, -0.00031, 26670
13.96870, -0.00092, 26689
13.97910, 0.00031, 26967
13.98950, -0.00214, 25929
13.99990, -0.00031, 25471
14.01030, -0.00519, 25954
14.02070, 0.00061, 25946
14.03110, -0.00031, 25896
14.04150, -0.00824, 26083
14.05200, -0.00061, 26266
14.06240, -0.00092, 26589
14.07280, 0.00000, 26728
14.08320, -0.00122, 26316
14.09360, 0.00183, 26698
14.10400, 0.00061, 26862
14.11440, 0.00427, 26820
14.12480, 0.00122, 26822
14.13520, -0.00244, 26688
14.14560, -0.00275, 26917
14.15600, -0.00122, 26164
14.16640, -0.00244, 25920
14.17690, -0.00183, 25610
14.18730, 0.00153, 25381
14.19770, 0.00122, 25902
14.20810, -0.00916, 25672
14.21850, -0.00549, 26424
14.22890, 0.00000, 26604
14.23930, 0.00336, 26214
14.24970, 0.00183, 25906
14.26010, 0.00580, 26383
14.27050, -0.00122, 26130
14.28090, -0.00702, 26073
14.29140, -0.00214, 26287
14.30180, -0.00092, 26320
14.31220, 0.00031, 26394
14.32260, -0.00183, 25992
14.33300, -0.00458, 26070
14.34340, 0.00092, 27043
14.35380, -0.00031, 26989
14.36420, 0.00092, 26119
14.37460, 0.00153, 26148
14.38500, 0.00488, 25514
14.39540, 0.00366, 26012
14.40590, 0.00092, 25820
14.41630, 0.00092, 25641
14.42670, 0.00305, 25746
14.43710, 0.00702, 26833
14.44750, 0.00031, 26838
14.45790, 0.00458, 25850
14.46830, 0.00458, 26224
14.47870, 0.00000, 25684
14.48910, 0.00275, 25661
14.49950, 0.00092, 26257
14.50990, -0.00031, 26843
14.52040, -0.00153, 26544
14.53080, -0.00153, 26004
14.54120, 0.00153, 26220
14.55160, 0.00092, 26634
14.56200, -0.00122, 25522
14.57240, -0.00458, 24993
14.58280, 0.00854, 25880
14.59320, -0.00336, 26682
14.60360, -0.00092, 26710
14.61400, 0.00122, 26092
14.62440, 0.00000, 25910
14.63480, -0.00183, 26142
14.64530, -0.00427, 26428
14.65570, 0.00000, 26330
14.66610, -0.00122, 26454
14.67650, 0.00458, 25846
14.68690, 0.00031, 26098
14.69730, -0.00092, 26356
14.70770, -0.00061, 26686
14.71810, -0.00366, 26470
14.72850, -0.00031, 26117
14.73890, 0.00000, 26084
14.74930, -0.00580, 26062
14.75980, -0.00031, 26016
14.77020, 0.00244, 25174
14.78060, 0.00061, 25574
14.79100, 0.00061, 25770
14.80140, -0.00702, 26397
14.81180, 0.00336, 26514
14.82220, 0.00092, 26662
14.83260, 0.00763, 27106
14.84300, 0.00153, 26650
14.85340, -0.00427, 26244
14.86380, -0.00214, 26033
14.87430, 0.00244, 26076
14.88470, -0.00183, 26394
14.89510, -0.00214, 26590
14.90550, -0.00427, 26212
14.91590, 0.00031, 25582
14.92630, -0.00153, 26399
14.93670, -0.00061, 26668
14.94710, -0.00580, 26173
14.95750, 0.00000, 26752
14.96790, 0.00092, 26810
14.97830, -0.00122, 26394
14.98880, -0.00153, 26788
14.99920, 0.00854, 26024
15.00960, 0.00031, 26181
15.02000, 0.00000, 25692
15.03040, 0.00244, 25396
15.04080, -0.00092, 25770
15.05120, -0.00061, 26026
15.06160, -0.00061, 27032
15.07200, -0.00427, 26030
15.08240, -0.00122, 25980
15.09280, 0.00732, 26182
15.10320, 0.00183, 25890
15.11370, -0.00305, 25778
15.12410, 0.00153, 25560
15.13450, -0.00031, 26040
15.14490, 0.00153, 25935
15.15530, 0.00000, 25918
15.16570, -0.00061, 25898
15.17610, 0.00183, 26364
15.18650, -0.00031, 26748
15.19690, -0.00732, 27194
15.20730, 0.00366, 26228
15.21770, -0.00092, 26605
15.22820, 0.00275, 26719
15.23860, -0.00275, 26953
15.24900, -0.00305, 26006
15.25940, 0.00427, 25938
15.26980, -0.00092, 25634
15.28020, 0.00092, 25752
15.29060, -0.00214, 25709
15.30100, 0.00000, 25574
15.31140, 0.00549, 26146
15.32180, 0.00031, 25901
15.33220, 0.00183, 26584
15.34270, -0.00183, 25974
15.35310, -0.00031, 25942
15.36350, 0.00061, 26780
15.37390, 0.00610, 27576
15.38430, -0.00519, 27239
15.39470, 0.00763, 26331
15.40510, 0.00000, 27022
15.41550, -0.00092, 26158
15.42590, 0.00061, 25892
15.43630, -0.00244, 26284
15.44670, 0.00061, 26682
15.45720, 0.00336, 26567
15.46760, 0.00031, 26113
15.47800, -0.00031, 25582
15.48840, -0.00061, 25388
15.49880, -0.00214, 26138
15.50920, -0.00061, 26172
15.51960, 0.00519, 26199
15.53000, 0.00061, 26624
15.54040, 0.00122, 27150
15.55080, 0.00305, 26830
15.56120, -0.00305, 26872
15.57160, -0.00488, 26136
15.58210, -0.00183, 26580
15.59250, 0.00000, 26458
15.60290, 0.00793, 26644
15.61330, -0.00153, 27063
15.62370, 0.00122, 26766
15.63410, -0.00061, 27150
15.64450, -0.00031, 26048
15.65490, -0.00031, 25903
15.66530, 0.00549, 26190
15.67570, -0.00244, 26448
15.68610, 0.00183, 25856
15.69660, -0.00122, 25658
15.70700, 0.00000, 25640
15.71740, 0.00153, 25880
15.72780, 0.00214, 25969
15.73820, -0.00244, 25960
15.74860, 0.00885, 25713
15.75900, 0.00061, 26400
15.76940, 0.00061, 26628
15.77980, 0.00031, 26074
15.79020, 0.00122, 26294
15.80060, 0.00000, 27104
15.81110, -0.00031, 27027
15.82150, -0.00092, 25261
15.83190, 0.00275, 26043
15.84230, -0.00183, 26362
15.85270, -0.00183, 25846
15.86310, -0.00366, 26970
15.87350, 0.00671, 26194
15.88390, 0.00061, 26310
15.89430, 0.00031, 26205
15.90470, 0.00610, 26358
15.91510, -0.00214, 26360
15.92560, -0.00275, 26332
15.93600, 0.00244, 26052
15.94640, -0.00153, 25795
15.95680, -0.00153, 25567
15.96720, -0.00305, 26412
15.97760, 0.00336, 26237
15.98800, -0.00305, 26134
15.99840, -0.00122, 26316
16.00880, -0.00336, 26602
16.01920, -0.00427, 26814
16.02960, 0.00000, 26398
16.04000, -0.00183, 26326
16.05050, 0.00732, 26840
16.06090, -0.00031, 26866
16.07130, -0.00214, 26006
16.08170, 0.00488, 26302
16.09210, -0.00153, 27357
16.10250, -0.00031, 27215
16.11290, -0.00214, 26793
16.12330, -0.00122, 27108
16.13370, -0.00092, 26932
16.14410, -0.00366, 26966
16.15450, -0.00549, 26408
16.16500, -0.00153, 26224
16.17540, -0.00214, 26855
16.18580, -0.00397, 26055
16.19620, -0.00183, 26038
16.20660, 0.00641, 27052
16.21700, -0.00458, 26800
16.22740, 0.00305, 26064
16.23780, 0.00061, 25968
16.24820, -0.00183, 26230
16.25860, -0.00549, 26042
16.26900, -0.00031, 27325
16.27950, -0.00519, 26616
16.28990, 0.00061, 26190
16.30030, 0.00641, 26442
16.31070, -0.00244, 26380
16.32110, 0.00336, 26703
16.33150, -0.00153, 26743
16.34190, 0.00000, 26912
16.35230, -0.00366, 26318
16.36270, 0.00031, 26054
16.37310, -0.00244, 27006
16.38350, -0.00122, 26608
16.39400, 0.00000, 26544
16.40440, -0.00092, 26355
16.41480, -0.00183, 26648
16.42520, -0.00275, 26542
16.43560, 0.00946, 26940
16.44600, 0.00763, 27152
16.45640, -0.00427, 26448
16.46680, 0.00854, 25816
16.47720, -0.00061, 26514
16.48760, 0.00092, 26487
16.49800, 0.00122, 26676
16.50840, 0.00336, 25982
16.51890, -0.00061, 26812
16.52930, 0.00000, 26762
16.53970, 0.00122, 26020
16.55010, 0.00214, 26777
16.56050, 0.00183, 25786
16.57090, -0.00275, 26506
16.58130, -0.00488, 25900
16.59170, 0.00519, 25626
16.60210, 0.00153, 25582
16.61250, 0.00732, 26272
16.62290, -0.00366, 26146
16.63340, -0.00214, 25599
16.64380, -0.00244, 26512
16.65420, -0.00336, 26066
16.66460, -0.00061, 25628
16.67500, -0.00305, 26052
16.68540, 0.00031, 26379
16.69580, -0.00122, 25998
16.70620, -0.00214, 25749
16.71660, -0.00031, 25960
16.72700, -0.00153, 25832
16.73740, 0.00916, 26096
16.74790, 0.00000, 26268
16.75830, 0.00153, 26561
16.76870, 0.00214, 26415
16.77910, -0.00275, 26895
16.78950, -0.00244, 26034
16.79990, 0.00824, 27220
16.81030, 0.00580, 27292
16.82070, -0.00092, 27460
16.83110, 0.00275, 26619
16.84150, 0.00183, 25764
16.85190, 0.00122, 26662
16.86240, 0.00519, 27318
16.87280, -0.00275, 26450
16.88320, 0.00122, 26002
16.89360, 0.00092, 26846
16.90400, -0.00336, 25981
16.91440, -0.00153, 25495
16.92480, -0.00122, 26388
16.93520, 0.00061, 27106
16.94560, 0.00122, 27304
16.95600, 0.00122, 26904
16.96640, -0.00153, 26694
16.97680, -0.00153, 26701
16.98730, -0.00153, 26651
16.99770, -0.00366, 26110
17.00810, 0.00916, 27066
17.01850, 0.00092, 26696
17.02890, -0.00458, 27040
17.03930, 0.00153, 26946
17.04970, -0.00305, 26640
17.06010, -0.00244, 26860
17.07050, -0.00153, 26341
17.08090, 0.00061, 25912
17.09130, -0.00031, 27424
17.10180, -0.00336, 26514
17.11220, 0.00092, 27462
17.12260, -0.00061, 26300
17.13300, -0.00153, 27193
17.14340, -0.00244, 25948
17.15380, 0.00183, 26556
17.16420, -0.00031, 26520
17.17460, -0.00153, 26316
17.18500, 0.00244, 26366
17.19540, -0.00488, 26348
17.20580, 0.00732, 26092
17.21630, -0.00153, 27097
17.22670, -0.00092, 26221
17.23710, 0.00153, 27036
17.24750, 0.00275, 26030
17.25790, 0.00183, 26760
17.26830, 0.00183, 27164
17.27870, -0.00183, 26222
17.28910, 0.00122, 26112
17.29950, -0.00183, 26340
17.30990, 0.00610, 26938
17.32030, -0.00122, 26316
17.33080, 0.00122, 27088
17.34120, -0.00214, 26527
17.35160, 0.00671, 26228
17.36200, 0.00214, 26729
17.37240, 0.00214, 26717
17.38280, -0.00305, 26424
17.39320, 0.00000, 25886
17.40360, -0.00519, 25626
17.41400, 0.00763, 26155
17.42440, -0.00153, 26971
17.43480, 0.00061, 26152
17.44520, -0.00031, 26419
17.45570, 0.00061, 26290
17.46610, -0.00122, 26334
17.47650, -0.00183, 26680
17.48690, -0.00275, 26617
17.49730, 0.00610, 26852
17.50770, -0.00275, 26721
17.51810, 0.00000, 26162
17.52850, -0.00275, 25574
17.53890, 0.00214, 26022
17.54930, 0.00092, 26888
17.55970, 0.00305, 26472
17.57020, -0.00519, 26623
17.58060, 0.00549, 25642
17.59100, 0.00061, 25710
17.60140, 0.00031, 26466
17.61180, -0.00061, 26992
17.62220, 0.00061, 26516
17.63260, 0.00275, 26719
17.64300, -0.00183, 26226
17.65340, 0.00732, 26530
17.66380, -0.00214, 26069
17.67420, 0.00610, 26094
17.68470, -0.00427, 26768
17.69510, 0.00183, 25898
17.70550, -0.00183, 26222
17.71590, 0.00244, 26312
17.72630, 0.00000, 26004
17.73670, 0.00488, 26958
17.74710, -0.00031, 26628
17.75750, -0.00244, 26742
17.76790, 0.00641, 26022
17.77830, 0.00214, 25681
17.78870, 0.00122, 25708
17.79920, -0.00580, 25471
17.80960, -0.00153, 26461
17.82000, -0.00031, 26048
17.83040, 0.00031, 27062
17.84080, -0.00519, 26326
17.85120, 0.00214, 26389
17.86160, -0.00397, 26851
17.87200, -0.00153, 26595
17.88240, 0.00092, 26423
17.89280, 0.00427, 26930
17.90320, 0.00031, 27146
17.91370, -0.00183, 27292
17.92410, -0.00336, 27159
17.93450, 0.00214, 27235
17.94490, 0.00580, 27057
17.95530, 0.00183, 26658
17.96570, 0.00183, 26474
17.97610, 0.00000, 26766
17.98650, -0.00092, 26126
17.99690, 0.00488, 25864
18.00730, -0.00092, 25975
18.01770, 0.00275, 26177
18.02810, -0.00244, 26406
18.03860, 0.00275, 26116
18.04900, 0.00183, 26564
18.05940, -0.00061, 26606
18.06980, -0.00183, 26734
18.08020, -0.00885, 27091
18.09060, -0.00458, 26695
18.10100, 0.00153, 26253
18.11140, -0.00214, 26310
18.12180, -0.00031, 25992
18.13220, -0.00244, 25760
18.14260, 0.00519, 25908
18.15310, 0.00061, 26592
18.16350, -0.00092, 26379
18.17390, 0.00061, 26896
18.18430, -0.00916, 27112
18.19470, -0.00092, 26112
18.20510, 0.00549, 25478
18.21550, -0.00031, 26086
18.22590, 0.00183, 25982
18.23630, 0.00000, 26444
18.24670, -0.00275, 26257
18.25710, -0.00244, 25984
18.26760, 0.00031, 26472
18.27800, -0.00366, 27128
18.28840, -0.00092, 27048
18.29880, 0.00183, 27524
18.30920, -0.00732, 26938
18.31960, 0.00427, 26416
18.33000, -0.00061, 26646
18.34040, -0.00275, 26852
18.35080, -0.00366, 26130
18.36120, -0.00092, 25796
18.37160, 0.00000, 25748
18.38210, 0.00336, 26363
18.39250, 0.00488, 26918
18.40290, -0.00092, 26064
18.41330, -0.00153, 25722
18.42370, -0.00061, 25152
18.43410, 0.00183, 25990
18.44450, 0.00183, 26454
18.45490, 0.00366, 26230
18.46530, -0.00092, 25639
18.47570, -0.00122, 25454
18.48610, 0.00183, 25852
18.49650, -0.00122, 26376
18.50700, 0.00397, 26178
18.51740, -0.00061, 26172
18.52780, 0.00397, 26063
18.53820, 0.00153, 27091
18.54860, 0.00641, 26904
18.55900, -0.00061, 26666
18.56940, 0.00031, 26434
18.57980, -0.00275, 25816
18.59020, -0.00061, 26542
18.60060, 0.00336, 26675
18.61100, -0.00305, 27224
18.62150, 0.00183, 27174
18.63190, -0.00061, 27504
18.64230, -0.00122, 26996
18.65270, -0.00732, 26360
18.66310, -0.00580, 25905
18.67350, -0.00183, 25806
18.68390, -0.00061, 25726
18.69430, 0.00000, 26624
18.70470, 0.00000, 26406
18.71510, -0.00519, 25916
18.72550, 0.00275, 25622
18.73600, 0.00061, 25768
18.74640, 0.00214, 25423
18.75680, -0.00031, 25777
18.76720, 0.00061, 26198
18.77760, -0.00061, 26424
18.78800, -0.00458, 26282
18.79840, -0.00183, 26204
18.80880, -0.00275, 26767
18.81920, -0.00183, 26582
18.82960, 0.00305, 25838
18.84000, 0.00092, 26404
18.85050, 0.00336, 26318
18.86090, 0.00153, 26116
18.87130, -0.00183, 26066
18.88170, 0.00946, 25987
18.89210, -0.00244, 26478
18.90250, 0.00031, 26687
18.91290, -0.00458, 26123
18.92330, 0.00275, 26436
18.93370, 0.00092, 26674
18.94410, 0.00549, 26998
18.95450, -0.00092, 27131
18.96490, 0.00122, 27430
18.97540, -0.00122, 27280
18.98580, -0.00702, 27095
18.99620, -0.00183, 26272
19.00660, 0.00092, 26210
19.01700, -0.00336, 25910
19.02740, 0.00336, 26433
19.03780, 0.00488, 26982
19.04820, 0.00671, 27142
19.05860, -0.00366, 26630
19.06900, -0.00214, 25574
19.07940, -0.00183, 26040
19.08990, -0.00061, 25868
19.10030, -0.00244, 26342
19.11070, 0.00183, 27022
19.12110, -0.00031, 26065
19.13150, -0.00183, 25578
19.14190, 0.00122, 26478
19.15230, -0.00427, 26148
19.16270, 0.00214, 26112
19.17310, 0.00732, 25894
19.18350, -0.00153, 26721
19.19390, -0.00061, 26520
19.20440, -0.00244, 26336
19.21480, -0.00305, 25992
19.22520, -0.00031, 26158
19.23560, 0.00854, 27164
19.24600, -0.00275, 27147
19.25640, -0.00275, 26627
19.26680, -0.00153, 26277
19.27720, -0.00092, 26673
19.28760, -0.00244, 26536
19.29800, 0.00214, 26438
19.30840, 0.00183, 26554
19.31890, -0.00244, 25742
19.32930, 0.00702, 25457
19.33970, -0.00305, 25794
19.35010, 0.00000, 25632
19.36050, -0.00122, 26566
19.37090, -0.00275, 26514
19.38130, 0.00153, 26152
19.39170, 0.00244, 26724
19.40210, -0.00214, 26905
19.41250, -0.00153, 26569
19.42290, 0.00000, 26142
19.43330, -0.00305, 25672
19.44380, -0.00366, 26010
19.45420, -0.00153, 27022
19.46460, -0.00244, 26844
19.47500, -0.00519, 26063
19.48540, 0.00732, 25936
19.49580, -0.00244, 26242
19.50620, 0.00092, 25822
19.51660, -0.00275, 26500
19.52700, 0.00305, 26516
19.53740, -0.00092, 25651
19.54780, -0.00214, 26525
19.55830, -0.00183, 25638
19.56870, -0.00519, 26619
19.57910, -0.00153, 25490
19.58950, -0.00092, 26020
19.59990, 0.00214, 26588
19.61030, 0.00519, 26261
19.62070, -0.00519, 26453
19.63110, 0.00641, 26071
19.64150, -0.00641, 26395
19.65190, -0.00031, 26092
19.66230, 0.00183, 26476
19.67280, 0.00122, 26430
19.68320, 0.00092, 26315
19.69360, 0.00031, 26873
19.70400, 0.00153, 26647
19.71440, 0.00122, 26390
19.72480, -0.00397, 26552
19.73520, -0.00427, 25896
19.74560, 0.00183, 26504
19.75600, -0.00214, 26595
19.76640, 0.00031, 26325
19.77680, 0.00519, 27537
19.78730, -0.00275, 26813
19.79770, 0.00244, 25494
19.80810, -0.00092, 26648
19.81850, -0.00122, 25942
19.82890, 0.00061, 27400
19.83930, -0.00183, 27474
19.84970, 0.00183, 26782
19.86010, -0.00061, 26408
19.87050, 0.00061, 26632
19.88090, 0.00580, 26784
19.89130, -0.00061, 26044
19.90170, 0.00092, 25652
19.91220, 0.00763, 26935
19.92260, -0.00214, 27225
19.93300, -0.00122, 26332
19.94340, 0.00275, 26318
19.95380, 0.00092, 27188
19.96420, -0.00092, 26402
19.97460, -0.00244, 26018
19.98500, -0.00061, 25274
19.99540, 0.00214, 25893
20.00580, -0.00153, 26587
20.01620, 0.00122, 26290
20.02670, 0.00153, 26698
20.03710, -0.00183, 26684
20.04750, 0.00092, 26776
20.05790, -0.00641, 26445
20.06830, -0.00488, 26234
20.07870, -0.00122, 26018
20.08910, 0.00031, 25798
20.09950, 0.00092, 25940
20.10990, -0.00336, 26280
20.12030, -0.00122, 25858
20.13070, -0.00244, 25806
20.14120, -0.00031, 25643
20.15160, -0.00214, 25799
20.16200, -0.00061, 26236
20.17240, -0.00275, 26650
20.18280, -0.00092, 26748
#2021-08-02 18:38:05
